7 -20.000000 105.000000 -0.091815
8 -20.009422 104.971569 19.700254
9 -20.216926 104.834499 19.700254
10 -20.729110 104.790197 19.811612
11 -21.372767 104.857765 19.811612
12 -22.012793 104.937501 19.811612
13 -22.658368 104.986253 20.587860
14 -23.305604 105.003320 21.668871
15 -23.953098 105.003754 21.668871
16 -24.600590 105.000369 22.717834
17 -25.245581 104.996997 23.735627
18 -25.893070 104.993315 23.735627
19 -26.219931 104.995808 24.745504
20 -26.514830 105.205245 24.745504
21 -26.662213 105.573540 25.802713
22 -26.685764 105.837483 26.132355
23 -26.764173 106.290494 26.132355
24 -26.901316 106.786443 26.132355
25 -27.115333 107.259561 26.519804
26 -27.306150 107.579371 26.519804
27 -27.422754 107.811573 26.949211
28 -27.636585 108.229719 26.949211
29 -27.790451 108.705309 27.504545
30 -27.915203 109.058878 27.504545
31 -27.958288 109.317801 28.044607
32 -28.021947 109.773165 28.044607
33 -28.038927 110.087672 28.044607
34 -28.051881 110.452442 28.044607
35 -28.078322 110.921605 28.044607
36 -28.108151 111.400600 28.044607
37 -28.128914 111.900034 28.044607
38 -28.168516 112.423538 28.387673
39 -28.208607 112.881734 28.387673
40 -28.257574 113.192569 29.381967
41 -28.353655 113.544680 30.223501
42 -28.450665 113.942996 30.223501
43 -28.530475 114.195687 30.223501
44 -28.607715 114.643140 30.972568
45 -28.607251 114.957581 30.972568
46 -28.573976 115.325991 30.972568
47 -28.559466 115.805698 31.986559
48 -28.562831 116.295606 31.986559
49 -28.552240 116.675425 31.986559
50 -28.527155 116.916622 32.407715
51 -28.502123 117.310782 32.407715
52 -28.534513 117.502922 33.150867
53 -28.621847 117.969816 33.150867
54 -28.706161 118.457554 33.150867
55 -28.769666 118.939340 33.150867
56 -28.803329 119.234501 34.224260
57 -28.891097 119.562963 34.224260
58 -28.991928 120.029197 35.180961
59 -29.034740 120.331126 35.180961
60 -29.096973 120.690484 36.196408
61 -29.178586 121.035963 36.196408
62 -29.238071 121.294154 36.196408
63 -29.374460 121.769954 37.269022
64 -29.441052 122.128111 37.269022
65 -29.406530 122.365542 37.269022
66 -29.362406 122.815663 38.228000
67 -29.359088 123.136840 38.228000
68 -29.368202 123.501726 38.228000
69 -29.383992 124.016484 39.029476
70 -29.394454 124.376300 39.029476
71 -29.382646 124.618513 39.029476
72 -29.369215 125.070662 38.836323
73 -29.387368 125.391174 38.836323
74 -29.422432 125.754303 38.836323
75 -29.432826 126.269172 38.836323
76 -29.436658 126.629121 38.836323
77 -29.420599 126.871088 38.836323
78 -29.391365 127.322603 38.836323
79 -29.367687 127.642878 38.836323
80 -29.358082 128.007750 38.888816
81 -29.351151 128.532699 38.888816
82 -29.352995 128.932617 38.888816
83 -29.419961 129.188820 38.836323
84 -29.477132 129.629510 38.836323
85 -29.481549 129.924477 42.009761
86 -29.496092 130.319026 42.009761
87 -29.528997 130.632265 42.009761
88 -29.558246 130.996083 42.248077
89 -29.572102 131.395783 42.248077
90 -29.550296 131.659867 42.248077
91 -29.522963 132.113963 42.248077
92 -29.517990 132.423882 42.248077
93 -29.504794 132.763617 42.248077
94 -29.504135 133.240989 42.248077
95 -29.496859 133.733216 42.248077
97 -29.452730 134.114844 42.248077
97 -29.432548 134.212787 42.248077
98 -29.432548 134.212787 42.248077
99 -29.432548 134.212787 42.248077
100 -29.432548 134.212787 42.248077
101 -29.501335 134.205933 42.248077
102 -29.597767 134.111458 42.248077
103 -29.654748 133.730699 42.248077
104 -29.602185 133.246283 42.248077
105 -29.524451 132.833560 42.117217
106 -29.488845 132.621532 42.117217
108 -29.426783 131.937583 42.117217
108 -29.439107 131.871398 42.117217
109 -29.528526 131.543425 42.117217
110 -29.592185 131.151360 42.117217
111 -29.603249 130.886595 42.117217
112 -29.625234 130.427155 42.117217
113 -29.678037 129.909925 42.117217
114 -29.720137 129.597780 42.117217
115 -29.780938 129.238114 42.117217
116 -29.897591 128.752007 42.117217
117 -29.989165 128.451040 42.117217
119 -30.237922 127.845349 42.117217
119 -30.294015 127.637984 42.117217
120 -30.350942 127.272564 42.117217
121 -30.352165 127.030067 42.117217
122 -30.390517 126.579522 42.117217
123 -30.486965 126.058436 42.117217
124 -30.568818 125.723672 42.117217
125 -30.706585 125.440496 42.117217
126 -30.933983 124.951145 42.117217
127 -31.033846 124.642041 42.117217
128 -31.148782 124.295809 42.117217
130 -31.360895 123.510110 42.117217
130 -31.409644 123.259815 42.117217
131 -31.481450 122.954027 42.117217
132 -31.662730 122.631720 42.117217
133 -32.079279 122.175400 42.117217
134 -32.615694 121.809610 42.117217
135 -33.185161 121.496313 42.117217
136 -33.757877 121.188920 42.117217
137 -34.330227 120.880869 42.117217
138 -34.896493 120.561797 42.117217
139 -35.458326 120.234935 42.117217
141 -36.299625 119.742162 42.117217
141 -36.411757 119.676388 42.117217
142 -36.462303 119.585003 42.117217
143 -36.469984 119.440041 42.117217
144 -36.350282 119.299376 42.117217
145 -35.902670 119.211448 42.117217
146 -35.255873 119.202397 42.117217
147 -34.611300 119.145815 42.117217
148 -33.972000 119.028893 42.117217
149 -33.339496 118.879429 42.117217
150 -32.717985 118.698102 42.117217
152 -31.852452 118.276737 42.117217
152 -31.695178 118.078225 42.117217
153 -31.494975 117.599980 42.117217
154 -31.422357 117.121483 42.117217
155 -31.419142 116.601609 42.117217
156 -31.419182 116.066644 42.117217
157 -31.394703 115.667535 42.117217
158 -31.332151 115.404891 42.117217
159 -31.253589 115.043465 42.117217
160 -31.225913 114.779939 42.117217
161 -31.149033 114.326550 42.117217
163 -30.996500 113.772298 42.117217
163 -30.973883 113.700790 42.117217
164 -30.897067 113.339823 42.117217
165 -30.967931 113.085192 42.117217
166 -31.089326 112.595647 42.117217
167 -31.131006 112.072685 42.117217
168 -31.124362 111.612843 42.117217
169 -31.099753 111.093550 42.117217
170 -31.094682 110.603612 42.117217
171 -31.096129 110.103754 42.117217
172 -31.078999 109.574030 42.117217
174 -31.062733 108.969271 42.117217
174 -31.061206 108.931803 42.117217
175 -31.060131 108.537030 42.117217
176 -31.128737 108.344356 42.117217
177 -31.244068 107.900009 42.117217
178 -31.284612 107.402147 42.117217
179 -31.255826 106.903199 42.117217
180 -31.228135 106.589493 42.117217
181 -31.205855 106.225174 42.117217
182 -31.189125 105.870669 42.117217
183 -31.201370 105.628512 42.117217
185 -31.189129 104.611382 42.117217
186 -31.196418 104.261739 42.117217
187 -31.303769 103.987259 42.117217
188 -31.417259 103.482408 42.117217
189 -31.299147 102.924931 42.117217
190 -31.054735 102.460489 42.117217
191 -30.842765 102.036530 42.117217
192 -30.736262 101.719198 42.117217
193 -30.668265 101.432162 42.117217
194 -30.578592 100.966203 42.117217
195 -30.513112 100.450389 42.117217
198 -30.384404 99.550537 42.117217
199 -30.396600 99.046162 42.117217
200 -30.459706 98.621002 42.117217
201 -30.501882 98.339159 42.117217
202 -30.545032 97.976864 42.117217
203 -30.563943 97.467300 42.117217
204 -30.545244 97.253136 42.117217
205 -30.524409 96.743648 42.117217
206 -30.496303 96.239464 42.117217
207 -30.488262 95.759623 42.117217
208 -30.486407 95.284627 42.117217
210 -30.488711 94.237446 42.117217
211 -30.516033 93.873922 42.117217
212 -30.573168 93.513537 42.117217
213 -30.645855 93.327226 42.117217
214 -30.763919 92.929977 42.117217
215 -30.786701 92.617184 42.117217
216 -30.728523 92.256860 42.117217
217 -30.690359 91.858850 42.117217
218 -30.701283 91.594079 42.117217
219 -30.717786 91.224476 42.117217
220 -30.742267 90.983245 42.117217
223 -30.804897 89.941819 42.117217
224 -30.834202 89.463058 42.117217
225 -30.885104 89.101746 42.117217
226 -30.905057 88.807422 42.117217
227 -30.928242 88.283043 42.117217
228 -30.921539 87.838119 42.117217
229 -30.893136 87.597298 42.117217
230 -30.861526 87.183521 42.117217
231 -30.853596 86.958663 42.117217
232 -30.835439 86.468999 42.117217
233 -30.823887 86.066718 42.117217
236 -30.806289 84.778413 42.117217
237 -30.806007 84.438931 42.117217
238 -30.848924 84.137159 42.117217
239 -30.867347 83.657699 42.117217
240 -30.843733 83.323845 42.135260
241 -30.760880 83.030421 42.135260
242 -30.666147 82.560115 43.150204
243 -30.616320 82.224121 43.150204
244 -30.501010 81.941778 43.150204
245 -30.303382 81.444728 44.081063
246 -30.212533 81.159118 44.081063
250 -29.917253 79.893694 44.958871
251 -29.893470 79.676429 44.958871
252 -29.924848 79.272698 46.029774
253 -29.965302 78.769329 46.029774
254 -29.962205 78.569353 46.029774
255 -29.959356 78.074374 46.888166
256 -29.958502 77.589377 46.888166
257 -29.940366 77.069779 46.888166
258 -29.945968 76.919885 47.998543
259 -29.951957 76.464936 47.998543
260 -29.946510 76.260042 49.066691
264 -29.899920 74.929688 49.986600
265 -29.870791 74.470885 49.986600
266 -29.863498 73.978439 51.005295
267 -29.876096 73.798881 51.005295
268 -29.889646 73.319232 52.024034
269 -29.866858 72.854882 52.024034
270 -29.868850 72.677402 52.024034
271 -29.858850 72.197509 53.042814
272 -29.858363 72.017522 53.042814
273 -29.850696 71.537583 53.042814
274 -29.852804 71.357601 53.042814
279 -29.788067 69.376878 55.960166
280 -29.794221 68.952545 55.960166
281 -29.832264 68.696443 55.960166
282 -29.935958 68.367574 55.960166
283 -30.002377 67.857856 57.041916
284 -29.998423 67.568518 57.041916
285 -29.934098 67.240004 57.041916
286 -29.912516 66.915911 57.976721
287 -29.905566 66.580986 57.976721
288 -29.900100 66.256064 58.996442
289 -29.901002 65.921069 58.996442
294 -29.849867 64.220704 61.031960
295 -29.861738 63.896451 61.031960
296 -29.958760 63.575850 61.031960
297 -30.022229 63.257381 61.031960
298 -30.048264 62.923514 62.129705
299 -30.041652 62.598963 62.129705
300 -29.988232 62.268444 62.129705
301 -29.970674 61.946557 63.110223
302 -29.972074 61.636560 63.110223
303 -29.975852 61.126585 63.110223
304 -30.034699 60.625522 64.091343
309 -30.127679 57.869006 67.038050
310 -30.165578 57.724525 67.038050
311 -30.294191 57.288470 67.038050
312 -30.330003 56.770922 67.038050
313 -30.298019 56.624569 68.057771
314 -30.209170 56.178840 68.057771
315 -30.181390 55.659883 69.005074
316 -30.188767 55.510065 69.005074
317 -30.194638 55.055210 69.005074
318 -30.169222 54.854802 70.017857
319 -30.123494 54.402487 70.017857
325 -29.971351 52.422612 72.122259
326 -30.083121 52.003271 72.122259
327 -30.092791 51.504081 73.075442
328 -30.047011 51.066472 73.075442
329 -30.041612 50.831535 73.766796
330 -30.015076 50.317236 73.766796
331 -29.976538 49.788641 74.752527
332 -29.969027 49.608802 74.752527
333 -29.945435 49.129382 75.738631
334 -29.939060 48.664512 75.738631
335 -29.938641 48.484513 75.738631
342 -29.866605 45.346029 78.744271
343 -29.858102 45.181322 79.762775
344 -29.919760 44.705632 79.762775
345 -29.974986 44.534443 79.762775
346 -30.080583 44.067079 80.811016
347 -30.069033 43.887656 80.811016
348 -30.034758 43.408912 80.811016
349 -30.006761 43.231122 81.693208
350 -29.971573 42.752713 81.693208
351 -29.974897 42.575244 81.693208
352 -29.983885 42.095329 82.712153
360 -29.959243 39.232127 85.737858
361 -29.979799 38.767967 85.737858
362 -30.025504 38.593922 85.737858
363 -30.098638 38.120498 86.756788
364 -30.070687 37.943012 86.756788
365 -29.999897 37.468541 86.756788
366 -29.983578 37.003986 87.596463
367 -29.993235 36.826752 87.596463
368 -29.995476 36.346884 87.596463
369 -29.965166 36.172094 88.586344
370 -29.920557 35.694561 88.586344
379 -29.376864 32.371772 89.221188
380 -29.372611 32.166816 89.221188
381 -29.401538 31.713138 89.221188
382 -29.441034 31.512361 89.221188
383 -29.495868 31.061641 89.221188
384 -29.462010 30.855791 89.221188
385 -29.335422 30.418854 89.221188
386 -29.247688 29.947176 89.221188
387 -29.113586 29.393724 89.221188
388 -29.043563 29.261166 89.221188
389 -28.840474 28.854368 89.221188
399 -28.279677 25.583452 89.221188
400 -28.279677 25.583452 89.221188
401 -28.337119 25.547190 89.221188
402 -28.448583 25.596866 89.221188
403 -28.535935 25.913181 96.699640
404 -28.517372 26.381566 96.699640
405 -28.475582 26.640510 96.699640
406 -28.409279 27.019277 96.699640
407 -28.418282 27.503489 96.699640
408 -28.460926 27.764204 96.699640
409 -28.591738 28.126250 96.699640
419 -29.633684 31.861954 96.699640
420 -29.687137 32.065032 96.699640
421 -29.739642 32.511297 96.699640
422 -29.743235 33.036230 96.699640
423 -29.723169 33.520814 96.699640
424 -29.740757 33.674774 96.699640
425 -29.774610 34.123276 96.699640
426 -29.784838 34.608168 96.699640
427 -29.789962 35.153142 96.699640
428 -29.812235 35.592574 96.699640
429 -29.804444 35.792420 96.699640
439 -30.323048 39.913973 96.558067
440 -30.340682 40.208443 96.558067
441 -30.367473 40.732734 96.558067
442 -30.382001 41.222504 96.558067
443 -30.384037 41.697402 96.558067
444 -30.373691 42.062177 96.558067
445 -30.384327 42.356960 96.558067
446 -30.390089 42.881922 96.558067
447 -30.396539 43.366879 96.558067
448 -30.398966 43.841809 96.558067
449 -30.400142 44.271727 96.558067
460 -30.495894 48.311676 96.558067
461 -30.503691 48.330085 96.558067
462 -30.569854 48.369539 96.558067
463 -30.751491 48.350569 96.558067
464 -30.899882 48.060023 96.558067
465 -30.925642 47.593426 96.558067
466 -30.960090 47.363584 96.558067
467 -31.099720 46.862775 96.558067
468 -31.203518 46.389150 96.558067
469 -31.296146 46.104169 96.558067
470 -31.451993 45.752201 96.558067
481 -38.145462 43.613054 96.699640
482 -38.780224 43.491817 96.699640
483 -39.424620 43.508475 96.699640
484 -40.070987 43.546763 96.699640
485 -40.720408 43.554224 96.699640
486 -41.365385 43.478733 96.699640
487 -41.999170 43.359114 96.699640
488 -42.642740 43.292336 96.699640
489 -43.289968 43.299972 96.699640
490 -43.937402 43.355727 96.699640
491 -44.579657 43.437740 96.699640
502 -46.680655 43.721208 96.699640
503 -46.645106 43.686046 96.699640
504 -46.645106 43.686046 96.699640
505 -46.645106 43.686046 96.699640
506 -46.645106 43.686046 96.699640
507 -46.645106 43.686046 96.699640
508 -46.645106 43.686046 96.699640
509 -46.635358 43.729693 96.699640
510 -46.488646 43.826488 96.699640
511 -46.041589 43.882448 96.699640
512 -45.408952 43.820933 96.699640
524 -38.258950 43.872798 96.699640
525 -37.620312 43.979538 96.699640
526 -36.981691 44.100578 96.699640
527 -36.343127 44.221851 96.699640
528 -35.703212 44.335859 96.699640
529 -35.064410 44.455958 96.699640
530 -34.423891 44.566494 96.699640
531 -33.787508 44.697690 96.699640
532 -33.163241 44.878551 96.699640
533 -32.533466 45.028635 96.699640
534 -32.013530 45.142947 96.699640
545 -31.367412 48.874365 96.699640
546 -31.348725 49.020653 96.699640
547 -31.309680 49.413524 96.699640
548 -31.311728 49.933380 96.699640
549 -31.338277 50.140879 96.699640
550 -31.412652 50.528468 96.699640
551 -31.437533 50.789693 96.699640
552 -31.462644 51.183893 96.699640
553 -31.466076 51.431154 96.699640
554 -31.456689 51.751005 96.699640
555 -31.462655 52.255877 96.699640
566 -31.301608 56.919421 96.699640
567 -31.328886 57.273110 96.699640
568 -31.376804 57.533736 96.699640
569 -31.440784 57.999044 96.699640
570 -31.456025 58.398701 96.699640
571 -31.449732 58.663598 96.699640
572 -31.448875 59.188595 96.699640
573 -31.457315 59.658417 96.699640
574 -31.469517 59.910577 96.699640
575 -31.493885 60.324858 96.699640
576 -31.498159 60.582256 96.699640
587 -31.453269 65.383109 96.699640
588 -31.458458 65.742830 96.699640
589 -31.447928 66.107652 96.699640
590 -31.456592 66.597477 96.699640
591 -31.476249 67.016974 96.699640
592 -31.484906 67.274312 96.699640
593 -31.506052 67.808879 96.699640
594 -31.494601 67.965472 96.699640
595 -31.456157 68.353414 96.699640
596 -31.460365 68.647517 96.699640
597 -31.511827 69.008556 96.699640
609 -31.445657 73.992680 96.699640
610 -31.464195 74.452226 96.699640
611 -31.455948 74.644340 96.699640
612 -31.398127 75.070419 96.699640
613 -31.362478 75.556437 96.699640
614 -31.391092 75.751771 96.699640
615 -31.447944 76.243325 96.699640
616 -31.457804 76.708219 96.699640
617 -31.455993 76.913179 96.699640
618 -31.457309 77.363115 96.699640
619 -31.478843 77.887667 96.699640
631 -31.398659 82.709357 96.699640
632 -31.422560 82.837088 96.699640
633 -31.470855 83.259001 96.699640
634 -31.479566 83.783838 96.699640
635 -31.463457 84.278542 96.699640
636 -31.469312 84.443418 96.699640
637 -31.479004 84.918311 96.699640
638 -31.492704 85.403117 96.699640
639 -31.507218 85.947924 96.699640
640 -31.503342 86.442873 96.699640
641 -31.488917 86.607241 96.699640
653 -31.387422 91.546826 96.699640
654 -31.360158 91.965837 96.699640
655 -31.366670 92.448234 96.699640
656 -31.399909 92.645425 96.699640
657 -31.434586 93.138874 96.699640
658 -31.424555 93.578760 96.699640
659 -31.401468 93.777394 96.699640
660 -31.339458 94.268385 96.699640
661 -31.330095 94.752993 96.699640
662 -31.364892 95.296828 96.699640
663 -31.420817 95.758435 96.699640
675 -31.498485 100.309099 96.699640
676 -31.498485 100.309099 96.699640
677 -31.407615 100.296524 96.699640
678 -31.296772 100.066096 96.699640
679 -31.315539 99.566851 96.699640
680 -31.373664 99.206664 96.699640
681 -31.465933 99.001577 96.699640
682 -31.559081 98.588094 96.699640
683 -31.577068 98.304252 96.699640
684 -31.536750 97.981817 96.699640
685 -31.515518 97.572441 96.699640
698 -37.987672 96.094837 96.699640
699 -38.052608 96.091943 96.699640
700 -38.052608 96.091943 96.699640
701 -38.004582 96.193154 96.699640
702 -37.655695 96.330724 96.699640
703 -37.051707 96.370179 96.699640
704 -36.418629 96.261449 96.699640
705 -35.778722 96.163017 96.699640
706 -35.137513 96.093573 96.699640
707 -34.491817 96.020824 96.699640
708 -33.852980 95.901281 96.699640
721 -31.427424 91.418214 96.699640
722 -31.426775 90.993300 96.699640
723 -31.403357 90.513981 96.699640
724 -31.378357 89.949561 96.699640
725 -31.376344 89.657132 96.699640
726 -31.366956 89.332268 96.699640
727 -31.359719 88.762320 96.699640
728 -31.371285 88.597727 96.699640
729 -31.384196 88.122979 96.699640
730 -31.384021 87.597979 96.699640
731 -31.388411 87.363065 96.699640
744 -31.289633 82.709351 96.699640
745 -31.310763 82.370054 96.699640
746 -31.354849 82.079417 96.699640
747 -31.454325 81.801832 96.699640
748 -31.584432 81.298537 96.699640
749 -31.849926 80.763592 96.699640
750 -32.247738 80.262903 96.699640
751 -32.687001 79.787224 96.699640
752 -33.146413 79.327428 96.699640
753 -33.612828 78.874707 96.699640
754 -34.071906 78.414566 96.699640
767 -38.661189 72.582499 96.699640
768 -38.701523 72.531526 96.699640
769 -38.701523 72.531526 96.699640
770 -38.701523 72.531526 96.699640
771 -38.701523 72.531526 96.699640
772 -38.701523 72.531526 96.699640
773 -38.568962 72.666717 96.699640
774 -38.560358 73.120097 96.699640
775 -38.606484 73.362370 96.699640
776 -38.757944 73.694367 96.699640
777 -38.841007 73.971718 96.699640
784 -38.882934 76.448136 96.699640
785 -38.842637 76.785041 96.699640
786 -38.505296 77.290793 96.699640
787 -37.935003 77.601096 96.699640
788 -37.331593 77.842413 96.699640
789 -36.717125 78.053872 96.699640
790 -36.096147 78.245690 96.699640
791 -35.493528 78.488605 96.699640
792 -34.921415 78.796723 96.699640
793 -34.373167 79.145710 96.699640
794 -33.833456 79.507914 96.699640
806 -31.220466 84.535333 96.699640
807 -31.203364 84.969781 96.699640
808 -31.234978 85.093016 96.699640
809 -31.310203 85.464914 96.699640
810 -31.339425 85.965107 96.699640
811 -31.327995 86.147249 96.699640
812 -31.306007 86.621714 96.699640
813 -31.307116 86.824173 96.699640
814 -31.321271 87.273931 96.699640
815 -31.340974 87.798560 96.699640
816 -31.342198 88.238555 96.699640
828 -31.399006 92.797648 96.699640
829 -31.396057 93.217633 96.699640
830 -31.390433 93.707534 96.699640
831 -31.362745 94.196595 96.699640
832 -31.349504 94.496053 96.699640
833 -31.369036 94.850492 96.699640
834 -31.401880 95.374461 96.699640
835 -31.422091 95.798907 96.699640
836 -31.447028 96.052636 96.699640
837 -31.469517 96.516965 96.699640
838 -31.467784 96.819308 96.699640
851 -31.023684 101.303391 96.699640
852 -30.969625 101.485458 96.699640
853 -30.868040 101.968725 96.699640
854 -30.882493 102.452570 96.699640
855 -30.966087 102.940294 96.699640
856 -31.008839 103.125412 96.699640
857 -31.128311 103.564329 96.699640
858 -31.188925 103.747005 96.699640
859 -31.312439 104.158831 96.699640
860 -31.534393 104.706590 96.699640
861 -31.978569 105.173030 96.699640
873 -39.630880 108.251675 96.699640
874 -39.678456 108.266865 96.699640
875 -39.678456 108.266865 96.699640
876 -39.688287 108.358174 96.699640
877 -39.497433 108.502956 96.699640
878 -39.029186 108.364352 96.699640
879 -38.564270 107.928694 96.699640
880 -38.209702 107.420636 96.699640
881 -37.915693 106.947054 96.699640
882 -37.594226 106.467319 96.699640
883 -37.219767 105.942376 96.699640
896 -39.541721 103.115842 96.699640
897 -39.541721 103.115842 96.699640
898 -39.541721 103.115842 96.699640
899 -39.501289 103.062716 96.699640
900 -39.216896 102.983354 96.699640
901 -38.705589 103.035142 96.699640
902 -38.063755 103.137359 96.699640
903 -37.422938 103.229697 96.699640
904 -36.779988 103.325128 96.699640
905 -36.139138 103.432798 96.699640
906 -35.522207 103.633665 96.699640
919 -31.054191 102.526736 96.699640
920 -30.959465 102.076910 96.699640
921 -30.925046 101.728954 96.699640
922 -30.928590 101.403973 96.699640
923 -30.933949 101.059075 96.699640
924 -30.950766 100.784632 96.699640
925 -30.958170 100.314709 96.699640
926 -30.939329 99.830076 96.699640
927 -30.940939 99.295078 96.699640
928 -30.936616 98.805179 96.699640
929 -30.929116 98.470417 96.699640
942 -30.885123 93.570714 96.699640
943 -30.902781 93.091649 96.699640
944 -30.961915 92.885194 96.699640
945 -31.047526 92.449027 96.699640
946 -31.046029 92.251582 96.699640
947 -31.038126 91.771647 96.699640
948 -31.029730 91.261716 96.699640
949 -31.021334 90.751785 96.699640
950 -31.014090 90.311845 96.699640
951 -31.027652 90.097273 96.699640
952 -31.046004 89.652675 96.699640
965 -31.114116 85.311136 96.699640
966 -31.117724 84.901152 96.699640
967 -31.125507 84.346214 96.699640
968 -31.127691 84.086415 96.699640
969 -31.158893 83.732789 96.699640
970 -31.192405 83.213889 96.699640
971 -31.220810 83.015921 96.699640
972 -31.280808 82.524586 96.699640
973 -31.372501 82.002681 96.699640
974 -31.599705 81.456923 96.699640
975 -32.059249 81.007895 96.699640
988 -40.176442 79.827273 96.699640
989 -40.823842 79.816327 96.699640
990 -41.471286 79.807877 96.699640
991 -42.118731 79.799428 96.699640
992 -42.766176 79.790978 96.699640
993 -43.411089 79.780667 96.699640
994 -44.058337 79.762645 96.699640
995 -44.705739 79.754896 96.699640
996 -45.353239 79.755648 96.699640
997 -46.000736 79.754655 96.699640
998 -46.645721 79.750311 96.699640
1011 -54.847962 79.987685 96.699640
1012 -54.847962 79.987685 96.699640
1013 -54.847962 79.987685 96.699640
1014 -54.847962 79.987685 96.699640
1015 -54.847053 79.916497 96.699640
1016 -54.702459 79.811271 96.699640
1017 -54.251678 79.792526 96.699640
1018 -53.614633 79.850260 96.699640
1019 -52.965143 79.834726 96.699640
1020 -52.318171 79.772380 96.699640
1021 -51.675489 79.677729 96.699640
1036 -47.061401 74.145646 96.699640
1037 -47.038775 74.106878 96.699640
1038 -46.846657 73.986835 96.699640
1039 -46.343108 74.069742 96.699640
1040 -45.818271 74.452779 96.699640
1041 -45.332015 74.883886 96.699640
1042 -44.854118 75.324449 96.699640
1043 -44.384451 75.773662 96.699640
1044 -43.932860 76.241077 96.699640
1045 -43.420131 76.633715 96.699640
1046 -42.822071 76.885812 96.699640
1060 -33.806422 79.831339 96.699640
1061 -33.225557 80.122438 96.699640
1062 -32.665958 80.452960 96.699640
1063 -32.119281 80.795229 96.699640
1064 -31.683784 81.159785 96.699640
1065 -31.499035 81.455330 96.699640
1066 -31.409235 81.725677 96.699640
1067 -31.348633 82.165531 96.699640
1068 -31.365818 82.529852 96.699640
1069 -31.433788 82.821928 96.699640
1070 -31.473002 83.174514 96.699640
1085 -31.521922 88.629909 96.699640
1086 -31.526312 88.777266 96.699640
1087 -31.473862 89.223982 96.699640
1088 -31.411603 89.684767 96.699640
1089 -31.376883 89.881711 96.699640
1090 -31.347162 90.375338 96.699640
1091 -31.360996 90.900099 96.699640
1092 -31.392437 91.338948 96.699640
1093 -31.402354 91.538702 96.699640
1094 -31.415687 92.033495 96.699640
1095 -31.406397 92.518404 96.699640
1110 -31.469930 98.399889 96.699640
1111 -31.483165 98.904711 96.699640
1112 -31.499178 99.409457 96.699640
1113 -31.501545 99.899360 96.699640
1114 -31.495079 100.139121 96.699640
1115 -31.421707 100.496088 96.699640
1116 -31.337098 100.778489 96.699640
1117 -31.192341 101.113352 96.699640
1118 -30.962639 101.618297 96.699640
1119 -30.900313 101.834093 96.699640
1120 -30.848736 102.195150 96.699640
1134 -30.991406 108.253124 96.699640
1135 -31.005115 108.707917 96.699640
1136 -31.014079 109.197754 96.699640
1137 -31.004199 109.417528 96.699640
1138 -30.996945 109.872458 96.699640
1139 -30.997827 110.157426 96.699640
1140 -31.010022 110.457178 96.699640
1141 -31.023006 110.849434 96.699640
1142 -31.019425 111.124411 96.699640
1143 -31.012913 111.624368 96.699640
1144 -31.023143 112.104081 96.699640
1159 -31.105838 117.969269 96.699640
1160 -31.102261 118.434253 96.699640
1161 -31.115036 118.598757 96.699640
1162 -31.147078 119.072673 96.699640
1163 -31.171485 119.597074 96.699640
1164 -31.173333 119.892009 96.699640
1165 -31.181757 120.216900 96.699640
1166 -31.176241 120.716739 96.699640
1167 -31.183562 120.866559 96.699640
1168 -31.189066 121.316508 96.699640
1169 -31.184782 121.546422 96.699640
1183 -31.270505 127.270969 96.699640
1184 -31.298008 127.749550 96.699640
1185 -31.337739 128.031630 96.699640
1186 -31.364875 128.332870 96.699640
1187 -31.403682 128.685692 96.699640
1188 -31.423364 128.990046 96.699640
1189 -31.452032 129.444098 96.699640
1190 -31.536885 129.986658 96.699640
1191 -31.814007 130.544507 96.699640
1192 -32.332027 130.928299 96.699640
1193 -32.952731 131.115854 96.699640
1208 -42.200576 133.390110 96.699640
1209 -42.692603 133.501693 96.699640
1210 -43.329038 133.424872 96.699640
1211 -43.810360 132.995951 96.699640
1212 -44.215780 132.494468 96.699640
1213 -44.676591 132.036566 96.699640
1214 -45.183486 131.629984 96.699640
1215 -45.687499 131.256213 96.699640
1216 -45.998954 130.993667 96.699640
1231 -46.203974 130.734555 96.699640
1232 -46.203974 130.734555 96.699640
1233 -46.203974 130.734555 96.699640
1234 -46.203974 130.734555 96.699640
1235 -46.173790 130.708512 96.699640
1236 -45.993932 130.684529 96.699640
1237 -45.559799 130.818730 96.699640
1238 -45.026279 131.120265 96.699640
1239 -44.648811 131.432646 96.699640
1240 -44.249934 131.732521 96.699640
1241 -43.644597 131.908777 96.699640
1258 -32.886145 130.803192 96.699640
1259 -32.378166 130.694062 96.699640
1260 -31.828231 130.361507 96.699640
1261 -31.493169 129.840298 96.699640
1262 -31.479005 129.734183 96.699640
1263 -31.490268 129.409380 96.699640
1264 -31.506408 128.847112 96.699640
1265 -31.515215 128.712400 96.699640
1266 -31.522668 128.267573 96.699640
1267 -31.505587 128.078586 96.699640
1268 -31.474199 127.634891 96.699640
1284 -31.300167 122.149132 96.699640
1285 -31.326904 122.017586 96.699640
1286 -31.422205 121.717428 96.699640
1287 -31.486365 121.193138 96.699640
1288 -31.441123 120.720879 96.699640
1289 -31.414467 120.467670 96.699640
1290 -31.399691 120.082974 96.699640
1291 -31.374131 119.834855 96.699640
1292 -31.296102 119.458106 96.699640
1293 -31.273992 119.184307 96.699640
1294 -31.272619 118.849345 96.699640
1310 -31.127004 112.993892 96.699640
1311 -31.154370 112.539819 96.699640
1312 -31.200090 112.077115 96.699640
1313 -31.218004 111.787924 96.699640
1314 -31.205886 111.433132 96.699640
1315 -31.200469 111.153317 96.699640
1316 -31.203891 110.793345 96.699640
1317 -31.198682 110.483660 96.699640
1318 -31.139560 110.184590 96.699640
1319 -31.114671 109.840699 96.699640
1320 -31.115927 109.535701 96.699640
1335 -31.042932 104.450732 96.699640
1336 -31.061923 103.986525 96.699640
1337 -31.103495 103.636619 96.699640
1338 -31.163304 103.370833 96.699640
1339 -31.164101 102.898056 96.699640
1340 -31.098714 102.592877 96.699640
1341 -30.985314 102.328842 96.699640
1342 -30.912703 101.997479 96.699640
1343 -30.908582 101.702569 96.699640
1344 -30.910548 101.362648 96.699640
1345 -30.932450 101.068468 96.699640
1361 -30.860216 95.014055 96.699640
1362 -30.872621 94.584234 96.699640
1363 -30.892772 94.370200 96.699640
1364 -30.908936 93.880529 96.699640
1365 -30.894738 93.388458 96.699640
1366 -30.859988 92.954852 96.699640
1367 -30.856819 92.719886 96.699640
1368 -30.846246 92.219997 96.699640
1369 -30.848835 92.040017 96.699640
1370 -30.850225 91.570021 96.699640
1371 -30.853945 91.390070 96.699640
1387 -30.787433 85.957574 96.699640
1388 -30.818505 85.761383 96.699640
1389 -30.917555 85.322747 96.699640
1390 -30.961965 84.850069 96.699640
1391 -30.947785 84.650581 96.699640
1392 -30.906460 84.162332 96.699640
1393 -30.906388 84.012338 96.699640
1394 -30.900728 83.562374 96.699640
1395 -30.893756 83.012418 96.699640
1396 -30.902435 82.537508 96.699640
1397 -30.894620 82.062693 96.699640
1413 -30.725333 76.334900 96.699640
1414 -30.726640 76.124904 96.699640
1415 -30.729346 75.689913 96.699640
1416 -30.743846 75.492957 96.699640
1417 -30.745512 75.058106 96.699640
1418 -30.710958 74.861151 96.699640
1419 -30.671555 74.373054 96.699640
1420 -30.679669 74.223274 96.699640
1421 -30.696404 73.773604 96.699640
1422 -30.694307 73.573649 96.699640
1423 -30.684792 73.123750 96.699640
1439 -30.602898 67.976064 96.699640
1440 -30.599685 67.626811 96.699640
1441 -30.654909 67.104787 96.699640
1442 -30.714088 66.633524 96.699640
1443 -30.751987 66.100017 96.699640
1444 -30.754963 65.752633 96.699640
1445 -30.744329 65.427807 96.699640
1446 -30.727083 64.878078 96.699640
1447 -30.726646 64.643151 96.699640
1448 -30.737655 64.218298 96.699640
1449 -30.746801 63.738460 96.699640
1465 -35.037848 57.155460 96.699640
1466 -35.573379 56.920679 96.699640
1467 -36.185052 56.700828 96.699640
1468 -36.794676 56.475424 96.699640
1469 -37.393850 56.223624 96.699640
1470 -37.977791 55.938247 96.699640
1471 -38.551955 55.633588 96.699640
1472 -39.115485 55.309714 96.699640
1473 -39.669743 54.970181 96.699640
1474 -40.219583 54.623524 96.699640
1475 -40.772072 54.281143 96.699640
1490 -47.369242 50.701111 96.699640
1491 -47.291566 50.624817 96.699640
1492 -46.981547 50.571532 96.699640
1493 -46.443010 50.778882 96.699640
1494 -45.885017 51.111806 96.699640
1495 -45.340835 51.467274 96.699640
1496 -44.792551 51.816310 96.699640
1497 -44.225753 52.134411 96.699640
1498 -43.647163 52.430464 96.699640
1499 -43.060966 52.711274 96.699640
1500 -42.472562 52.987451 96.699640
1517 -33.213656 57.853269 96.699640
1518 -32.707243 58.146052 96.699640
1519 -32.149821 58.468053 96.699640
1520 -31.675417 58.860115 96.699640
1521 -31.461971 59.296580 96.699640
1522 -31.423178 59.663260 96.699640
1523 -31.463325 59.920057 96.699640
1524 -31.510991 60.427613 96.699640
1525 -31.516668 60.697464 96.699640
1526 -31.513508 61.092448 96.699640
1527 -31.501613 61.572159 96.699640
1543 -31.484613 67.403405 96.699640
1544 -31.513355 67.706931 96.699640
1545 -31.525445 68.246736 96.699640
1546 -31.518103 68.694089 96.699640
1547 -31.505699 68.998645 96.699640
1548 -31.465343 69.321105 96.699640
1549 -31.431584 69.619199 96.699640
1550 -31.390094 69.941534 96.699640
1551 -31.350499 70.484969 96.699640
1552 -31.364823 70.715860 96.699640
1553 -31.408946 71.108147 96.699640
1569 -32.858017 77.258514 96.699640
1570 -33.497340 77.359972 96.699640
1571 -34.143141 77.404524 96.699640
1572 -34.790512 77.405242 96.699640
1573 -35.437406 77.377383 96.699640
1574 -35.956144 77.341718 96.699640
1575 -36.727865 77.270539 96.699640
1576 -37.373914 77.199332 96.699640
1577 -38.019614 77.124722 96.699640
1578 -38.660671 77.053518 96.699640
1579 -39.307734 76.991939 96.699640
1595 -46.207534 72.946894 96.699640
1596 -46.296683 72.697527 96.699640
1597 -46.550305 72.209643 96.699640
1598 -46.878134 71.701238 96.699640
1599 -47.123608 71.293236 96.699640
1600 -47.203382 71.093675 96.699640
1601 -47.414019 70.634767 96.699640
1602 -47.653435 70.159135 96.699640
1603 -47.783301 69.988066 96.699640
1604 -48.087685 69.585360 96.699640
1605 -48.306439 69.161686 96.699640
1622 -51.032171 65.405749 96.699640
1623 -51.242791 65.366878 96.699640
1624 -51.670454 65.268572 96.699640
1625 -52.077382 64.927501 96.699640
1626 -52.175112 64.679330 96.699640
1627 -52.222679 64.297294 96.699640
1628 -52.328714 63.763026 96.699640
1629 -52.447746 63.329153 96.699640
1630 -52.519877 63.079360 96.699640
1646 -52.563636 62.925460 96.699640
1647 -52.563636 62.925460 96.699640
1648 -52.563636 62.925460 96.699640
1649 -52.563636 62.925460 96.699640
1650 -52.635466 62.919859 96.699640
1651 -52.730974 63.062712 96.699640
1652 -52.811126 63.462776 96.699640
1653 -52.737499 63.970797 96.699640
1654 -52.532181 64.482927 96.699640
1655 -52.436420 64.635229 96.699640
1656 -52.173682 65.042855 96.699640
1673 -46.534964 71.519321 96.699640
1674 -46.311382 71.814114 96.699640
1675 -46.003853 72.275494 96.699640
1676 -45.806433 72.706808 96.699640
1677 -45.574495 73.210426 96.699640
1678 -45.301188 73.652162 96.699640
1679 -45.002952 74.134524 96.699640
1680 -44.892180 74.309193 96.699640
1681 -44.654111 74.611750 96.699640
1682 -44.318069 75.096313 96.699640
1683 -44.224377 75.277558 96.699640
1699 -34.741714 77.085836 96.699640
1700 -34.167499 77.179329 96.699640
1701 -33.522976 77.197622 96.699640
1702 -32.875479 77.197236 96.699640
1703 -32.227984 77.199652 96.699640
1704 -31.580489 77.202068 96.699640
1705 -30.933015 77.206638 96.699640
1706 -30.288355 77.227446 96.699640
1707 -29.641246 77.249964 96.699640
1708 -28.994104 77.271353 96.699640
1709 -28.346801 77.287294 96.699640
1726 -17.609607 77.463707 96.699640
1727 -17.027124 77.411514 96.699640
1728 -16.387460 77.297370 96.699640
1729 -15.755088 77.147439 96.699640
1730 -15.132967 76.959895 96.699640
1731 -14.524395 76.738981 96.699640
1732 -13.916599 76.516005 96.699640
1733 -13.297901 76.316773 96.699640
1734 -12.684623 76.101680 96.699640
1735 -12.026273 75.839306 96.699640
1736 -11.591291 75.651635 96.699640
1754 -11.293133 75.522617 96.699640
1755 -11.293133 75.522617 96.699640
1756 -11.337526 75.454494 96.699640
1757 -11.655951 75.400287 96.699640
1758 -12.240506 75.552557 96.699640
1759 -12.834335 75.816676 96.699640
1760 -13.420434 76.097721 96.699640
1761 -14.008983 76.373492 96.699640
1762 -14.606419 76.623005 96.699640
1763 -15.208049 76.868919 96.699640
1764 -15.804658 77.126712 96.699640
1782 -26.725166 80.426202 96.699640
1783 -26.860413 80.862994 96.699640
1784 -26.953129 81.221185 96.699640
1785 -27.023004 81.476772 96.699640
1786 -27.062296 81.610492 96.699640
1787 -27.068761 81.629449 96.699640
1788 -27.084415 81.648938 96.699640
1789 -27.210626 81.753990 96.699640
1790 -27.170180 81.724750 96.699640
1791 -27.170180 81.724750 96.699640
1792 -27.172905 81.715129 96.699640
1811 -27.848550 86.637268 96.699640
1812 -27.894284 87.014442 96.699640
1813 -27.898151 87.186767 96.699640
1814 -27.902877 87.611727 96.699640
1815 -27.923047 88.161354 96.699640
1816 -27.934527 88.601145 96.699640
1817 -27.984060 89.113754 96.699640
1818 -28.024988 89.481422 96.699640
1819 -28.043592 89.755787 96.699640
1820 -28.088937 90.283840 96.699640
1821 -28.126327 90.444504 96.699640
1840 -29.714966 98.432244 96.699640
1841 -29.829054 98.876548 96.699640
1842 -29.814641 99.055724 96.699640
1843 -29.795677 99.540160 96.699640
1844 -29.819818 100.064425 96.699640
1845 -29.868807 100.303613 96.699640
1846 -30.002173 100.664758 96.699640
1847 -30.088711 100.899301 96.699640
1848 -30.231889 101.256656 96.699640
1849 -30.335622 101.511149 96.699640
1850 -30.431120 101.832227 96.699640
1868 -38.217336 107.906177 96.699640
1869 -38.815059 108.161561 96.699640
1870 -39.417770 108.404904 96.699640
1871 -40.020938 108.647139 96.699640
1872 -40.622861 108.892451 96.699640
1873 -41.221151 109.146477 96.699640
1874 -41.808570 109.424720 96.699640
1875 -42.393780 109.707596 96.699640
1876 -42.969309 110.009300 96.699640
1877 -43.534420 110.330374 96.699640
1878 -44.093810 110.660939 96.699640
1897 -46.846258 113.449267 96.699640
1898 -46.733767 113.328576 96.699640
1899 -46.442282 112.953639 96.699640
1900 -46.050091 112.435300 96.699640
1901 -45.678205 111.990284 96.699640
1902 -45.277478 111.491291 96.699640
1903 -44.936300 111.047262 96.699640
1904 -44.521413 110.550196 96.699640
1905 -44.018265 109.987328 96.699640
1906 -43.658782 109.611831 96.699640
1907 -43.194779 109.156696 96.699640
1926 -47.050927 101.474453 96.699640
1927 -47.050927 101.474453 96.699640
1928 -47.019080 101.450374 96.699640
1929 -46.703171 101.418128 96.699640
1930 -46.238253 101.773729 96.699640
1931 -45.998940 102.209451 96.699640
1932 -45.816801 102.719651 96.699640
1933 -45.555438 103.221571 96.699640
1934 -45.442578 103.341724 96.699640
1935 -45.106371 103.677249 96.699640
1936 -44.744630 104.123150 96.699640
1955 -34.949746 105.363152 96.699640
1956 -34.302727 105.338278 96.699640
1957 -33.656058 105.275002 96.699640
1958 -33.013353 105.177927 96.699640
1959 -32.373072 105.082297 96.699640
1960 -31.788160 104.815343 96.699640
1961 -31.441579 104.391726 96.699640
1962 -31.186424 103.899627 96.699640
1963 -31.066939 103.581666 96.699640
1964 -30.996222 103.295351 96.699640
1965 -30.898068 102.975173 96.699640
1985 -29.005588 95.136992 96.699640
1986 -29.020330 94.712454 96.699640
1987 -29.032516 94.395325 96.699640
1988 -29.016971 94.095733 96.699640
1989 -28.997662 93.603727 96.699640
1990 -28.990730 93.365126 96.699640
1991 -28.973201 92.940502 96.699640
1992 -28.960218 92.620874 96.699640
1993 -28.932271 92.297153 96.699640
1994 -28.924647 91.837344 96.699640
1995 -28.919117 91.512623 96.699640
2014 -28.738937 83.816116 96.699640
2015 -28.763087 83.477108 96.699640
2016 -28.830551 82.906143 96.699640
2017 -28.842872 82.426634 96.699640
2018 -28.812451 81.912636 96.699640
2019 -28.806487 81.732737 96.699640
2020 -28.780547 81.248441 96.699640
2021 -28.773488 81.061111 96.699640
2022 -28.757972 80.701498 96.699640
2023 -28.712114 80.297009 96.699640
2024 -28.686224 80.028602 96.699640
2043 -28.487873 72.281358 96.699640
2044 -28.519492 72.109666 96.699640
2045 -28.608591 71.648361 96.699640
2046 -28.605823 71.485938 96.699640
2047 -28.586589 71.021350 96.699640
2048 -28.578267 70.611464 96.699640
2049 -28.545112 70.399059 96.699640
2050 -28.504665 69.955950 96.699640
2051 -28.501600 69.740973 96.699640
2052 -28.495414 69.251012 96.699640
2053 -28.487477 68.851100 96.699640
2073 -28.119329 60.419230 96.699640
2074 -27.998914 60.149957 96.699640
2075 -27.851867 59.778048 96.699640
2076 -27.750689 59.501002 96.699640
2077 -27.528119 59.129742 96.699640
2078 -27.030729 58.841865 96.699640
2079 -26.392645 58.760803 96.699640
2080 -25.745226 58.765720 96.699640
2081 -25.100354 58.777899 96.699640
2082 -24.451633 58.740290 96.699640
2083 -23.811614 58.660428 96.699640
2102 -19.246618 57.956384 96.699640
2103 -19.246618 57.956384 96.699640
2104 -19.282537 57.878569 96.699640
2105 -19.592697 57.793008 96.699640
2106 -20.179346 57.862210 96.699640
2107 -20.808653 58.003544 96.699640
2108 -21.445355 58.105296 96.699640
2109 -22.091046 58.151507 96.699640
2110 -22.738436 58.160948 96.699640
2111 -23.385911 58.155482 96.699640
2112 -24.033396 58.153645 96.699640
2131 -27.737420 52.411499 96.699640
2132 -27.779676 51.943678 96.699640
2133 -27.851220 51.413554 96.699640
2134 -27.872252 50.944363 96.699640
2135 -27.856333 50.409600 96.699640
2136 -27.846003 49.929774 96.699640
2137 -27.842492 49.394830 96.699640
2138 -27.836806 48.914946 96.699640
2139 -27.828945 48.430169 96.699640
2140 -27.800853 47.895929 96.699640
2141 -27.792202 47.416096 96.699640
2161 -27.747301 38.800870 96.699640
2162 -27.775809 38.447157 96.699640
2163 -27.814446 38.215954 96.699640
2164 -27.901808 37.887513 96.699640
2165 -27.931159 37.605053 96.699640
2166 -27.897669 37.241623 96.699640
2167 -27.874398 36.707146 96.699640
2168 -27.851566 36.167636 96.699640
2169 -27.827642 35.643199 96.699640
2170 -27.823373 35.148229 96.699640
2171 -27.806476 34.678635 96.699640
2190 -28.241848 27.370658 96.699640
2191 -28.242666 26.891067 96.699640
2192 -28.299168 26.399350 96.699640
2193 -28.330006 26.035982 96.699640
2194 -28.279023 25.699918 96.699640
2195 -28.234154 25.177046 96.699640
2196 -28.220006 24.727292 96.699640
2197 -28.221974 24.347426 96.699640
2198 -28.168630 24.077720 96.699640
2199 -28.100375 23.612715 96.699640
2200 -28.034191 23.238591 96.700054
2220 -25.868350 19.228898 96.700054
2221 -25.868350 19.228898 96.700054
2222 -25.868350 19.228898 96.700054
2223 -25.868350 19.228898 96.700054
2224 -25.868350 19.228898 96.850092
2225 -25.948280 19.265449 96.850092
2226 -25.969793 19.361245 96.850092
2227 -25.829579 19.479203 96.850092
2228 -25.361342 19.554621 96.850092
2229 -24.719826 19.498579 96.850092
2230 -24.081659 19.405299 96.850092
2251 -11.747208 18.419756 104.159207
2252 -11.473503 18.394795 104.159207
2253 -10.835482 18.515515 104.159207
2254 -10.354763 18.940133 106.777996
2255 -10.099254 19.395555 106.777996
2256 -9.793127 19.860406 106.777996
2257 -9.362408 20.346658 106.777996
2258 -8.891299 20.794417 106.777996
2259 -8.403985 21.224457 106.777996
2260 -7.895811 21.625607 106.736407
2261 -7.514281 21.891320 106.736407
2275 -7.189868 22.089176 106.777996
2276 -7.189868 22.089176 106.777996
2277 -7.189868 22.089176 106.777996
2278 -7.189868 22.089176 106.777996
2279 -7.189868 22.089176 106.777996
2280 -7.189868 22.089176 106.777996
2281 -7.194516 22.128850 106.777996
2282 -7.201012 22.147760 106.777996
2283 -7.210719 22.150163 106.777996
2284 -7.240542 22.152874 106.777996
2285 -7.312310 22.052843 106.777996
2310 -7.089056 11.448877 108.977156
2311 -7.120089 11.195246 108.977156
2312 -7.358447 10.928418 108.977156
2313 -7.805848 10.502863 109.362610
2314 -8.232237 10.032475 109.362610
2315 -8.645293 9.552172 109.362610
2316 -8.844463 9.240950 111.916132
2317 -8.970714 8.930728 111.916132
2318 -9.209555 8.474751 111.916132
2319 -9.513579 7.992692 112.316074
2320 -9.796415 7.571453 112.316074
2347 -13.751293 0.911512 119.170553
2348 -13.624337 0.751797 119.170553
2349 -13.541901 0.337505 119.170553
2350 -13.521941 -0.176863 119.170553
2351 -13.487194 -0.352211 119.170553
2352 -13.356257 -0.756533 119.170553
2353 -13.240056 -1.268063 119.170553
2354 -13.191898 -1.584280 119.170553
2355 -13.081384 -1.857281 119.170553
2356 -12.866322 -2.362529 119.170553
2357 -12.824415 -2.537446 119.170553
2373 -10.488470 -6.938416 119.170553
2374 -10.488470 -6.938416 119.170553
2375 -10.400245 -6.873404 119.170553
2376 -10.346981 -6.521030 119.170553
2377 -10.584436 -5.957799 119.170553
2378 -10.921236 -5.446822 119.170553
2379 -11.250395 -4.993796 119.170553
2380 -11.536108 -4.516000 119.170553
2381 -11.676510 -4.222936 119.170553
2382 -11.831015 -3.892253 119.170553
2383 -12.065173 -3.417074 119.170553
2413 -12.422991 8.063555 119.170553
2414 -12.440302 8.267189 119.170553
2415 -12.513701 8.700634 119.170553
2416 -12.542741 9.224762 119.170553
2417 -12.551580 9.714593 119.170553
2418 -12.560833 9.944224 119.170553
2419 -12.579757 10.358684 119.170553
2420 -12.573909 10.848528 119.170553
2421 -12.566966 11.063397 119.170553
2422 -12.558427 11.378281 119.170553
2423 -12.567853 11.903129 119.170553
2453 -18.102580 24.171860 119.170553
2454 -18.138363 24.231789 119.170553
2455 -18.187191 24.295062 119.170553
2456 -18.187191 24.295062 119.170553
2457 -18.187191 24.295062 119.170553
2458 -18.187191 24.295062 119.170553
2459 -18.178935 24.289419 119.170553
2460 -18.082777 24.049371 119.170553
2461 -18.056567 23.526777 119.170553
2462 -18.082308 23.328451 119.170553
2463 -18.093320 22.869160 119.170553
2494 -1.144915 21.422995 119.170553
2495 -1.144915 21.422995 119.170553
2496 -1.144328 21.351518 119.170553
2497 -1.312726 21.205906 119.170553
2498 -1.832003 21.171575 119.170553
2499 -2.463212 21.247775 119.170553
2500 -3.105722 21.326516 119.170553
2501 -3.752911 21.339045 119.170553
2502 -4.398852 21.297802 119.170553
2503 -5.041685 21.220267 119.170553
2504 -5.684995 21.127269 119.170553
2522 -16.549573 19.731171 119.170553
2523 -16.576410 19.705082 119.170553
2524 -16.656729 19.421829 119.170553
2525 -16.402277 18.908439 119.170553
2526 -15.854322 18.566936 119.170553
2527 -15.249457 18.329011 119.170553
2528 -14.667189 18.041271 119.170553
2529 -14.127071 17.680516 119.170553
2530 -13.635361 17.255689 119.170553
2531 -13.156719 16.816075 119.170553
2532 -12.761272 16.396071 119.170553
2563 -12.082179 3.655531 119.170553
2564 -12.155796 3.382912 119.170553
2565 -12.230681 2.922296 119.170553
2566 -12.230569 2.542475 119.170553
2567 -12.191867 2.240020 119.170553
2568 -12.215909 1.707276 119.170553
2569 -12.380436 1.125343 119.170553
2570 -12.522346 0.609872 119.170553
2571 -12.571427 0.178405 119.170553
2572 -12.563721 -0.056461 119.170553
2573 -12.581743 -0.495675 119.170553
2605 4.306251 -5.317219 119.318149
2606 4.952718 -5.353426 119.318149
2607 5.600299 -5.407625 119.318149
2608 6.240117 -5.520907 119.318149
2609 6.867219 -5.690932 121.232094
2610 7.487556 -5.884955 121.232094
2611 8.102621 -6.087256 121.232094
2612 8.718967 -6.285533 122.044994
2613 9.339207 -6.471345 122.044994
2614 9.962252 -6.656538 122.044994
2615 10.584263 -6.836155 122.044994
2649 11.452287 -6.991632 122.237231
2650 11.452287 -6.991632 122.237231
2651 11.274646 -7.098852 122.237231
2652 10.766837 -7.027773 122.237231
2653 10.150319 -6.822876 122.237231
2654 9.548369 -6.577650 122.237231
2655 8.955303 -6.311744 122.237231
2656 8.350918 -6.079805 122.237231
2657 7.734099 -5.883200 122.237231
2658 7.108804 -5.715431 122.237231
2659 6.348649 -5.552777 122.237231
2694 -2.527695 2.014513 122.621779
2695 -2.527695 2.014513 122.621779
2696 -2.527695 2.014513 122.621779
2697 -2.523559 2.005409 122.621779
2698 -2.355460 1.897995 122.621779
2699 -1.886914 1.890013 122.621779
2700 -1.245498 1.927303 122.621779
2701 -0.534485 1.905347 122.621779
2702 0.170694 1.803624 122.621779
2704 0.806557 1.699117 122.621779
2705 1.362725 1.383112 122.621779
2741 7.319939 2.217767 122.621779
2742 7.458455 2.541577 122.621779
2743 7.887764 3.067748 122.621779
2744 8.403894 3.562460 122.621779
2745 8.879973 4.005002 122.621779
2746 9.336624 4.467443 122.621779
2747 9.817293 4.986575 122.621779
2748 10.251299 5.463694 122.621779
2749 10.720009 5.996799 122.621779
2750 11.126748 6.497367 122.621779
2751 11.552803 6.974851 122.621779
2788 12.174400 7.403385 122.621779
2789 12.093584 7.009483 122.621779
2790 11.746316 6.473837 122.621779
2791 11.290412 6.010744 122.621779
2792 10.787131 5.506439 122.621779
2793 10.408137 5.071577 122.621779
2794 10.124603 4.644716 122.621779
2796 9.962522 4.392297 122.621779
2797 9.682267 3.919089 122.621779
2798 9.519622 3.652906 122.621779
2799 9.221245 3.296305 122.621779
2836 1.635142 1.268446 122.621779
2837 1.167470 1.706238 122.621779
2838 0.490914 1.906287 122.621779
2839 -0.155755 1.924234 122.621779
2841 -0.932348 1.887064 122.621779
2842 -1.577150 1.872547 122.621779
2843 -2.224269 1.893198 122.621779
2844 -2.997788 1.941086 122.621779
2845 -3.644221 1.978209 122.621779
2846 -3.903820 1.992635 122.621779
2847 -3.903820 1.992635 122.621779
2884 -6.738093 7.418113 122.621779
2885 -6.810958 7.877290 122.621779
2887 -6.852128 8.206998 122.621779
2888 -6.870771 8.516424 122.621779
2889 -6.915261 9.149862 122.621779
2890 -6.948494 9.653761 122.621779
2891 -6.951729 9.868579 122.621779
2892 -6.949407 10.268568 122.621779
2893 -6.950386 10.803567 122.621779
2894 -6.961059 11.360908 122.621779
2895 -6.992663 11.522811 122.621779
2933 8.587855 20.345051 122.621779
2934 8.947495 20.359123 122.621779
2935 9.689746 20.447402 122.621779
2936 10.335074 20.498936 122.621779
2937 11.044614 20.523815 122.621779
2938 11.692021 20.534215 122.621779
2939 12.469465 20.543554 122.621779
2940 13.116911 20.551930 122.621779
2941 13.891846 20.561956 122.621779
2942 14.539292 20.570332 122.621779
2943 15.186680 20.582054 122.621779
2965 21.755682 20.842610 122.621779
2966 21.755682 20.842610 122.621779
2967 21.755682 20.842610 122.621779
2968 21.755682 20.842610 122.621779
2969 21.751826 20.862213 122.621779
2970 21.537510 21.010912 122.621779
2972 21.060407 20.818255 122.621779
2973 20.881175 20.443016 122.621779
2974 20.840590 20.020009 122.621779
2975 20.784550 19.362605 122.621779
2976 20.736464 19.236659 122.621779
2999 18.871057 13.560739 122.621779
3000 19.074545 13.228195 122.621779
3001 19.131192 12.687476 122.621779
3002 19.126058 12.467679 122.621779
3003 19.130976 11.982912 122.621779
3004 19.177908 11.505416 122.621779
3005 19.266961 11.044033 122.621779
3006 19.357343 10.732131 122.621779
3008 19.545241 10.247342 122.621779
3009 19.826040 9.720984 122.621779
3010 20.029262 9.409568 122.621779
3054 23.449878 2.096356 122.621779
3055 23.460956 1.632387 122.621779
3056 23.321946 1.042255 122.621779
3057 23.251306 0.810277 122.621779
3058 23.094657 0.361891 122.621779
3059 22.916815 -0.145152 122.621779
3060 22.783219 -0.362108 122.621779
3061 22.520454 -0.915916 122.621779
3063 22.449918 -1.329131 122.621779
3064 22.320058 -1.933574 122.621779
3065 22.073729 -2.457927 122.621779
3111 22.695521 -9.373811 130.545704
3113 22.623206 -9.399857 130.545704
3115 22.439067 -9.148883 130.545704
3116 22.389715 -8.301830 130.814757
3118 22.221767 -7.540658 130.814757
3119 21.917415 -6.968061 130.458655
3121 21.682149 -6.288975 130.458655
3123 21.667855 -6.207751 130.458655
3124 21.591635 -5.592695 130.458655
3126 21.564307 -5.156695 130.458655
3127 21.528302 -4.392945 130.458655
3176 20.727186 12.826802 130.102808
3177 20.865243 13.562810 130.102808
3179 21.115151 14.310827 130.102808
3181 21.758867 15.015213 130.102808
3182 22.655348 15.394784 130.102808
3184 23.716113 15.703839 130.102808
3185 24.664881 16.126788 130.102808
3187 25.479900 16.660477 130.102808
3189 26.289914 17.312471 130.102808
3190 26.986964 17.946057 130.102808
3192 27.094995 18.280356 130.102808
3241 35.600192 19.687718 130.280700
3242 35.600192 19.687718 130.280700
3244 35.600192 19.687718 130.280700
3246 35.532052 19.766477 130.280700
3247 34.801173 19.830225 130.280700
3249 34.242618 19.639260 130.280700
3250 33.993574 19.073403 130.280700
3252 33.956671 18.409428 130.280700
3254 33.879392 17.663747 130.280700
3255 33.698664 16.809671 130.280700
3257 33.321221 16.053836 130.280700
3309 32.508426 8.636228 130.280700
3310 32.470085 8.578778 130.280700
3312 32.362204 8.572975 130.280700
3314 32.176013 9.154397 130.280700
3315 32.251264 9.776160 130.280700
3317 32.430247 10.273446 130.280700
3318 32.474121 10.799942 130.280700
3320 32.425410 11.547986 130.280700
3322 32.427044 12.382598 130.280700
3323 32.485396 12.762994 130.280700
3325 32.528140 13.621668 130.280700
3378 40.082048 16.142739 130.280700
3380 40.122604 15.342486 130.280700
3381 40.085031 14.765132 130.280700
3383 40.094207 14.275218 130.280700
3385 40.113354 13.686880 130.280700
3386 40.123921 13.452136 130.280700
3388 40.142530 13.020044 130.280700
3389 40.163937 12.390560 130.280700
3391 40.156696 11.685598 130.280700
3393 40.144099 11.243414 130.280700
3394 40.161104 10.456220 130.280700
3449 39.502039 4.159634 130.280700
3450 39.502039 4.159634 130.280700
3452 39.584476 4.658287 130.280700
3453 39.541173 5.080902 130.280700
3455 39.517405 5.807999 130.280700
3457 39.494525 6.352506 130.280700
3458 39.478568 7.097273 130.280700
3460 39.412882 7.612758 130.280700
3461 39.399820 8.117131 130.280700
3463 39.387392 8.851645 130.280700
3465 39.414678 9.634423 130.280700
3520 18.627863 20.495247 130.280700
3521 17.528252 20.516637 130.280700
3523 16.558359 20.502294 130.280700
3525 15.393924 20.467585 130.280700
3526 14.294639 20.428156 130.280700
3528 13.259800 20.410713 130.280700
3530 13.034834 20.406825 130.280700
3531 12.435601 20.377309 130.280700
3533 11.334318 20.327206 130.280700
3534 10.364428 20.313879 130.280700
3536 9.781944 20.309474 130.280700
3592 -21.223174 18.804573 130.280700
3593 -21.141571 19.292941 130.280700
3595 -20.252431 19.574425 130.280700
3597 -19.152352 19.673333 130.280700
3598 -18.071588 19.901673 130.280700
3600 -17.135609 20.174617 130.280700
3601 -16.218428 20.504889 130.280700
3603 -16.064160 20.563424 130.280700
3605 -15.328069 20.876312 130.280700
3606 -14.331516 21.352313 130.280700
3608 -13.575613 21.959526 130.280700
3664 -11.051650 31.128638 130.280700
3665 -10.565642 30.692111 130.280700
3667 -10.403155 30.274387 130.280700
3668 -10.370953 29.525181 130.280700
3670 -10.324901 28.846916 130.280700
3672 -10.354575 28.332784 130.280700
3673 -10.389177 27.643942 130.280700
3675 -10.359871 27.014808 130.280700
3676 -10.221676 26.245878 130.280700
3678 -10.056392 25.870980 130.280700
3680 -9.844967 25.473752 130.280700
3736 -34.065742 17.878071 130.280700
3738 -35.028234 17.739283 130.280700
3739 -36.089149 17.465266 130.280700
3741 -36.941668 16.769777 130.280700
3743 -37.636084 15.995693 130.280700
3744 -38.387186 15.185318 130.280700
3746 -39.095968 14.424316 130.280700
3748 -39.650171 13.747785 130.280700
3806 -39.616820 13.246419 130.280700
3808 -39.252489 12.588813 130.280700
3809 -39.184577 12.240573 130.280700
3811 -38.961888 11.556706 130.280700
3812 -38.758673 11.161344 130.280700
3814 -38.461810 10.483783 130.280700
3816 -38.238436 10.042095 130.280700
3817 -37.930361 9.320531 130.280700
3819 -37.760742 8.786955 130.280700
3820 -37.622820 8.177968 130.280700
3822 -37.383774 7.595134 130.280700
3882 -32.089321 1.408813 130.280700
3883 -32.229266 1.275955 130.280700
3884 -32.836088 1.360707 130.280700
3886 -33.637188 1.896824 130.280700
3887 -34.158478 2.386059 130.280700
3888 -34.897867 2.914972 130.280700
3890 -35.457709 3.245107 130.280700
3891 -35.536341 3.288890 130.280700
3892 -36.037708 3.549331 130.280700
3893 -36.647005 3.922577 130.280700
3895 -36.704153 3.963001 130.280700
3956 -48.951205 9.149837 130.280700
3957 -48.542542 9.089423 130.280700
3958 -47.729495 9.174179 130.280700
3960 -46.892746 9.245951 130.280700
3961 -45.988140 9.257032 130.280700
3962 -45.146692 9.216354 130.280700
3964 -44.307099 9.147735 130.280700
3965 -43.538666 9.029498 130.280700
3966 -42.705343 8.893277 130.280700
3968 -41.906965 8.477179 130.280700
3969 -41.291193 7.899248 130.280700
4032 -28.978353 -13.815759 139.118154
4033 -28.978353 -13.815759 139.118154
4034 -29.113228 -13.939478 139.118154
4035 -29.589016 -13.930008 139.118154
4036 -30.201931 -13.730280 139.118154
4037 -30.757530 -13.393988 139.156390
4038 -31.272255 -13.042600 139.156390
4039 -31.885886 -12.845841 139.156390
4040 -32.527341 -12.784635 139.156390
4041 -33.174640 -12.796675 139.156390
4042 -33.821388 -12.827693 139.156390
4075 -40.387571 -12.714251 139.156390
4076 -40.387571 -12.714251 139.156390
4077 -40.387571 -12.714251 139.156390
4078 -40.387571 -12.714251 139.156390
4079 -40.450422 -12.701541 139.156390
4080 -40.557423 -12.493606 139.156390
4081 -40.376834 -12.138945 139.156390
4082 -39.788756 -11.962548 139.156390
4083 -39.139572 -11.951915 139.156390
4084 -38.494321 -12.005541 139.156390
4085 -37.851529 -12.058745 139.156390
4150 -28.559701 -29.214688 153.567252
4151 -28.559701 -29.214688 154.473625
4152 -28.492112 -29.156954 154.473625
4153 -28.455065 -28.791810 154.473625
4154 -28.658362 -28.449481 154.473625
4155 -28.874549 -28.234565 154.490974
4156 -29.328392 -27.865916 154.490974
4157 -29.838271 -27.462886 154.490974
4158 -30.314540 -27.020745 154.490974
4159 -30.740211 -26.543112 154.490974
4160 -31.139180 -26.042769 154.490974
4196 -39.956640 -24.275526 154.490974
4197 -39.895450 -24.330736 154.490974
4198 -39.695021 -24.410891 154.490974
4199 -39.183753 -24.428120 154.490974
4200 -38.533997 -24.410310 154.490974
4201 -37.889299 -24.424187 154.490974
4202 -37.244966 -24.487061 154.490974
4203 -36.603779 -24.577041 154.490974
4204 -35.965157 -24.683880 154.490974
4205 -35.326282 -24.789075 154.490974
4206 -34.684062 -24.889330 154.490974
4278 -29.195981 -46.102001 170.899330
4279 -29.150575 -46.303274 170.899330
4280 -29.385769 -46.619015 170.899330
4281 -29.674016 -46.705002 171.297931
4282 -29.718551 -46.711455 171.297931
4283 -30.032256 -46.738781 171.297931
4284 -30.624908 -46.791341 171.297931
4285 -31.268766 -46.859783 171.747550
4286 -31.909495 -46.968438 171.747550
4287 -32.544209 -47.108538 171.747550
4288 -33.172008 -47.276241 171.747550
4331 -40.072301 -52.738358 174.048330
4332 -39.819215 -53.001046 174.048330
4333 -39.508947 -53.451545 174.048330
4334 -39.431358 -53.651858 174.048330
4335 -39.230483 -54.125514 174.048330
4336 -38.878031 -54.659124 174.048330
4337 -38.488638 -55.141572 174.048330
4338 -38.090391 -55.616697 174.048330
4339 -37.688566 -56.118011 174.048330
4340 -37.302855 -56.622264 174.048330
4341 -36.956957 -57.115540 174.048330
4429 -28.325530 -66.359342 191.760323
4430 -28.325530 -66.359342 191.760323
4431 -28.325530 -66.359342 191.760323
4432 -28.325530 -66.359342 191.760323
4433 -28.325530 -66.359342 191.760323
4434 -28.325530 -66.359342 191.760323
4435 -28.484917 -66.252270 191.760323
4436 -28.810692 -66.334927 191.760323
4437 -29.035284 -66.842956 191.760323
4438 -29.027754 -67.052313 191.760323
4439 -29.012989 -67.156189 191.760323
4487 -32.069043 -76.586211 201.912906
4488 -32.069043 -76.586211 201.912906
4489 -32.106698 -76.635295 201.912906
4490 -32.433043 -76.689502 201.912906
4491 -33.024146 -76.564209 201.912906
4492 -33.599568 -76.267592 201.912906
4493 -34.155378 -75.935579 201.863571
4494 -34.727035 -75.626521 201.863571
4495 -35.310250 -75.339633 201.863571
4496 -35.888753 -75.043398 201.863571
4497 -36.477896 -74.768805 201.883188
4595 -42.031464 -72.303762 201.883188
4596 -41.812423 -72.486091 201.883188
4597 -41.357095 -72.837023 201.883188
4598 -40.798807 -73.168712 201.883188
4599 -40.205485 -73.434068 201.883188
4600 -39.604382 -73.681359 201.883188
4601 -39.004667 -73.932000 201.883188
4602 -38.400997 -74.172802 201.883188
4603 -37.793002 -74.402659 201.883188
4604 -37.187501 -74.638925 201.883188
4605 -36.589171 -74.892621 201.883188
4706 -24.822357 -91.476354 212.889318
4707 -24.822357 -91.476354 212.889318
4708 -24.880473 -91.536735 212.889318
4709 -25.168242 -91.544750 212.889318
4710 -25.449762 -91.134957 212.889318
4711 -25.489658 -90.793173 212.889318
4712 -25.543351 -90.605736 212.889318
4713 -25.593050 -90.448406 212.889318
4714 -25.774266 -90.009979 212.889318
4715 -26.036124 -89.608741 212.889318
4716 -26.249109 -89.398330 212.889318
4770 -30.191789 -101.915629 227.244762
4771 -30.026670 -102.027993 227.244762
4772 -29.598146 -102.135328 227.244762
4773 -28.953603 -102.156186 227.244762
4774 -28.313636 -102.266863 227.244762
4775 -27.690970 -102.414408 227.244762
4776 -27.061956 -102.555592 227.263067
4777 -26.419608 -102.547476 227.263067
4778 -25.784185 -102.423421 227.263067
4779 -25.142149 -102.329186 227.263067
4780 -24.496265 -102.371788 227.652942
4839 -21.509576 -102.645041 227.685796
4840 -21.509576 -102.645041 227.685796
4841 -21.509576 -102.645041 227.685796
4842 -21.509576 -102.645041 227.685796
4843 -21.509576 -102.645041 227.685796
