7 -20.000000 105.000000 -0.070009
8 -20.009422 104.971569 19.700254
9 -20.216926 104.834499 19.700254
10 -20.734115 104.789744 19.811612
11 -21.375627 104.853675 19.811612
12 -22.018436 104.931337 19.811612
13 -22.661421 104.981340 20.706038
14 -23.308564 105.001566 21.751781
15 -23.956051 105.004182 21.751781
16 -24.603543 105.001002 22.737194
17 -25.251035 104.997616 23.760892
18 -25.896026 104.994244 23.760892
19 -26.545397 105.009027 24.789110
20 -27.172270 105.176751 24.789110
21 -27.781225 105.403539 25.785655
22 -28.373309 105.671681 26.915051
23 -28.963443 105.944123 26.915051
24 -29.558301 106.206086 27.851391
25 -30.139340 106.486039 28.846143
26 -30.731162 106.754701 28.846143
27 -31.332979 107.000182 29.841246
28 -31.936336 107.241932 29.841246
29 -32.542963 107.475373 30.793830
30 -32.907991 107.612675 31.263077
31 -32.985588 107.598586 31.263077
32 -33.126003 107.385253 31.416238
33 -33.026090 106.853959 31.416238
34 -32.806127 106.375419 31.416238
35 -32.459061 105.858780 31.416238
36 -32.081130 105.354785 31.469668
37 -31.745271 104.900880 31.469668
38 -31.510476 104.485718 31.469668
39 -31.342213 104.076497 31.469668
40 -31.263714 103.826024 31.469668
41 -31.105958 103.314855 31.469668
42 -31.009985 103.007081 31.469668
43 -30.949511 102.647262 31.469668
44 -30.900192 102.124692 31.469668
45 -30.878824 101.590155 31.469668
46 -30.890843 101.291023 31.469668
47 -30.938576 100.929276 31.469668
48 -30.960583 100.449976 31.469668
49 -30.951274 100.050117 31.469668
50 -30.957605 99.780224 31.469668
51 -30.955537 99.420267 31.469668
52 -30.934970 99.173632 31.469668
53 -30.919124 98.658901 31.469668
54 -30.917622 98.345211 31.469668
55 -30.928480 97.980373 31.469668
56 -30.941124 97.445526 31.469668
57 -30.940708 96.965630 31.469668
58 -30.931944 96.480800 31.469668
59 -30.923748 95.945892 31.469668
60 -30.903589 95.471401 31.469668
61 -30.878514 94.937025 31.469668
62 -30.866441 94.407173 31.469668
63 -30.867523 93.927296 31.809748
64 -30.869449 93.872330 31.809748
65 -31.008287 93.811551 32.886776
66 -31.413114 94.002527 33.184636
67 -31.583057 94.278389 33.184636
68 -31.676007 94.631254 33.228001
69 -31.777490 95.054250 33.228001
70 -31.836680 95.266107 33.228001
71 -31.875171 95.390277 33.228001
72 -31.929028 95.562016 33.228001
73 -31.964011 95.661017 33.228001
74 -31.970761 95.679843 33.228001
75 -31.931446 95.730804 33.228001
76 -31.646330 95.777171 33.228001
77 -31.300004 95.422637 33.228001
78 -31.181335 94.942802 33.228001
79 -31.176014 94.458295 33.228001
80 -31.198348 94.159559 33.228001
81 -31.169957 93.795740 33.228001
82 -31.114976 93.399714 33.228001
83 -31.024426 93.150720 33.228001
84 -30.868231 92.718352 33.228001
85 -30.776238 92.334332 33.860007
86 -30.769445 92.305111 33.860007
87 -30.769445 92.305111 33.860007
88 -30.713585 92.283811 33.860007
89 -30.629440 92.285422 34.541859
90 -30.519883 92.384637 34.749677
91 -30.423551 92.783195 34.749677
92 -30.443046 93.277603 34.749677
93 -30.439293 93.791410 34.749677
94 -30.337833 94.305657 34.749677
95 -30.186123 94.760989 34.749677
96 -30.025137 95.186519 34.749677
97 -29.963517 95.366246 34.749677
98 -29.867895 95.845272 34.749677
99 -29.890013 96.339071 34.749677
100 -29.943498 96.851192 34.749677
101 -29.947039 97.320823 34.749677
102 -29.906900 97.611967 34.749677
103 -29.762990 97.947325 34.749677
104 -29.589932 98.442335 34.749677
105 -29.463221 98.962060 34.749677
106 -29.397083 99.269909 34.749677
107 -29.314290 99.732500 34.749677
108 -29.277881 99.954476 34.749677
109 -29.287614 100.219235 34.749677
110 -29.304229 100.578820 34.749677
111 -29.262682 100.815121 34.749677
112 -29.205356 101.296500 34.749677
113 -29.187657 101.600923 34.749677
114 -29.157759 101.964485 34.749677
115 -29.107707 102.254532 34.749677
116 -28.983126 102.597603 34.749677
117 -28.830602 103.052473 34.749677
118 -28.708982 103.484850 34.749677
119 -28.624851 103.643978 34.749677
120 -28.506430 103.993081 34.749677
121 -28.513607 104.520260 34.408430
122 -28.560912 104.816466 34.408430
123 -28.612553 105.177789 34.408430
124 -28.640375 105.661322 34.408430
125 -28.581892 106.137227 34.408430
126 -28.466744 106.649129 34.408430
127 -28.350373 106.997610 34.408430
128 -28.236778 107.264399 34.408430
129 -28.074306 107.725721 34.749677
130 -28.035488 107.916815 34.749677
131 -27.930622 108.338859 34.749677
132 -27.695375 108.910762 34.749677
133 -27.261100 109.389026 34.749677
134 -26.708671 109.730633 34.749677
135 -26.121853 110.009904 34.749677
136 -25.518828 110.252402 34.749677
137 -24.927059 110.520248 34.610115
138 -24.357585 110.833520 34.610115
139 -23.804390 111.174555 34.610115
140 -23.042700 111.773820 34.610115
141 -23.000308 111.808862 34.610115
142 -23.000308 111.808862 34.610115
143 -23.000308 111.808862 34.610115
144 -23.000308 111.808862 34.610115
145 -23.103348 111.719047 34.610115
146 -23.539147 111.713717 34.610115
147 -24.150112 111.910229 34.610115
148 -24.719923 112.221554 34.610115
149 -25.271413 112.565565 34.610115
150 -25.834266 112.890584 34.610115
151 -26.695297 113.347897 34.610115
152 -26.985043 113.495112 34.610115
153 -27.553283 113.810445 34.610115
154 -28.085229 114.183475 34.610115
155 -28.580635 114.603689 34.610115
156 -28.991481 115.016464 34.610115
157 -29.418780 115.502940 34.610115
158 -29.846889 115.985368 34.610115
159 -30.264172 116.473858 34.610115
160 -30.683187 116.960854 34.610115
161 -31.083982 117.440273 34.610115
162 -31.519443 117.990917 34.610115
163 -31.571649 118.044762 34.610115
164 -31.571649 118.044762 34.610115
165 -31.571649 118.044762 34.610115
166 -31.562259 118.048202 34.610115
167 -31.444142 118.017587 34.610115
168 -31.315578 117.690601 34.610115
169 -31.288839 117.162919 34.610115
170 -31.363840 116.653501 35.203693
171 -31.431674 116.178358 35.203693
172 -31.493780 115.647035 35.203693
174 -31.513449 114.528018 35.203693
175 -31.513892 114.468019 35.203693
176 -31.403269 114.350057 35.203693
177 -30.984142 114.319853 35.203693
178 -30.450946 114.671429 35.203693
179 -29.978253 115.101383 35.203693
180 -29.679160 115.501002 35.203693
181 -29.289996 116.020599 35.203693
182 -28.828196 116.477494 35.203693
183 -28.324732 116.888589 35.203693
184 -27.848702 117.323535 35.203693
186 -26.413277 117.876937 35.203693
187 -26.283412 117.871022 35.203693
188 -26.267304 117.882864 35.203693
189 -26.253679 117.909558 35.203693
190 -26.253679 117.909558 35.203693
191 -26.283918 117.977740 35.203693
192 -26.397564 118.063311 35.203693
193 -26.779476 118.095701 35.203693
194 -27.406295 118.070771 35.203693
195 -28.052224 118.025693 35.203693
196 -28.695818 117.983126 35.203693
199 -30.312056 117.977587 35.203693
200 -30.946908 118.112627 35.203693
201 -31.552130 118.328160 35.203693
202 -32.174295 118.505360 35.203693
203 -32.817261 118.576582 35.203693
204 -33.462141 118.580819 35.203693
205 -34.108694 118.546872 35.203693
206 -34.754820 118.504900 35.203693
207 -35.398248 118.461228 35.203693
208 -36.036804 118.356089 35.311471
209 -36.663886 118.185490 35.420051
211 -37.407432 117.892202 36.471633
212 -37.563199 117.821322 36.471633
213 -37.899934 117.819778 36.471633
214 -38.448149 118.079447 36.471633
215 -38.978533 118.454826 37.152927
216 -39.515302 118.821228 37.152927
217 -40.072820 119.155268 37.152927
218 -40.644368 119.464784 37.503333
219 -41.223836 119.759218 37.503333
220 -41.807343 120.045421 37.621536
221 -42.378405 120.355880 37.860005
223 -43.885504 121.120111 38.247876
224 -43.999572 121.182467 38.247876
225 -43.999572 121.182467 38.247876
226 -44.100017 121.017916 38.247876
227 -43.967878 120.546997 38.247876
228 -43.495393 120.105906 38.247876
229 -42.997125 119.688740 38.247876
230 -42.563885 119.215582 38.247876
231 -42.242637 118.754250 38.247876
232 -41.984417 118.284387 38.247876
233 -41.759879 117.804342 38.247876
236 -40.857794 116.410770 38.247876
237 -40.632580 115.890021 38.247876
238 -40.302524 115.353982 38.247876
239 -39.975990 114.897769 38.247876
240 -39.813721 114.651536 38.247876
241 -39.605048 114.292896 38.247876
242 -39.295352 113.755888 38.247876
243 -38.949685 113.244324 38.247876
244 -38.799056 113.027885 38.247876
245 -38.569225 112.652730 38.247876
246 -38.243335 112.113580 38.247876
249 -37.392143 110.843258 38.247876
250 -37.160648 110.429244 38.247876
251 -36.867863 109.866413 38.247876
252 -36.552614 109.389141 38.247876
253 -36.156712 108.883386 38.247876
254 -35.727032 108.395734 38.247876
255 -35.277237 107.930011 38.247876
256 -34.811682 107.476447 38.247876
257 -34.333547 107.036129 38.247876
258 -33.854483 106.596815 38.247876
259 -33.376346 106.156495 38.247876
262 -31.999363 104.884077 38.247876
263 -31.620288 104.401823 38.247876
264 -31.432200 104.005915 38.247876
265 -31.356416 103.751985 38.247876
266 -31.241288 103.389873 38.247876
267 -31.161430 103.137241 38.247876
268 -31.010420 102.645078 38.247876
269 -30.920658 102.169167 38.247876
270 -30.904951 101.684662 38.247876
271 -30.910232 101.149688 38.247876
272 -30.920639 100.674881 38.247876
274 -30.936462 99.570402 38.247876
275 -30.937294 99.140480 38.247876
276 -30.950228 98.705680 38.247876
277 -30.967075 98.461260 38.247876
278 -30.985532 97.946731 38.247876
279 -30.972774 97.416901 38.247876
280 -30.942836 96.942863 38.247876
281 -30.936197 96.462970 38.247876
282 -30.933061 95.932979 38.247876
283 -30.945816 95.448155 38.247876
284 -30.950129 94.918177 38.247876
287 -30.904704 93.483995 38.247876
288 -30.946038 93.006190 38.247876
289 -31.021608 92.481611 38.247876
290 -31.083780 92.010809 38.247876
291 -31.110274 91.481587 38.247876
292 -31.098026 91.006795 38.247876
293 -31.081804 90.482046 38.247876
294 -31.085300 90.002095 38.247876
295 -31.091311 89.472129 38.247876
296 -31.106470 88.997410 38.247876
297 -31.095041 88.517670 38.247876
300 -31.089067 87.388162 38.247876
301 -31.070369 87.278172 38.247876
302 -30.943695 87.142195 38.247876
303 -30.512348 87.076524 39.213519
304 -29.867527 87.062379 39.342853
305 -29.221166 87.029058 39.342853
306 -28.576599 86.945489 39.342853
307 -27.938758 86.821159 39.473790
308 -27.307657 86.665708 39.473790
309 -26.682634 86.487770 39.473790
310 -26.058388 86.307067 39.473790
313 -23.987521 85.762298 39.492025
314 -23.481180 85.688411 39.492025
315 -22.834344 85.707912 39.473790
316 -22.188966 85.760276 39.473790
317 -21.543359 85.809617 39.473790
318 -20.896375 85.833962 39.473790
319 -20.248910 85.840586 39.473790
320 -19.603921 85.844160 39.473790
321 -18.956441 85.849180 39.473790
322 -18.308960 85.854200 39.473790
323 -17.661480 85.859220 39.473790
327 -15.268444 85.993292 39.492025
328 -14.624429 85.973800 39.492025
329 -14.000912 85.795952 39.492025
330 -13.408433 85.529318 39.492025
331 -12.831054 85.230784 39.492025
332 -12.249338 84.940828 39.492025
333 -11.668352 84.649402 39.492025
334 -11.104265 84.327071 39.492025
335 -10.611641 83.967462 39.492025
336 -10.325979 83.748381 39.492025
340 -10.083808 83.562969 39.492025
341 -10.083808 83.562969 39.492025
342 -10.107273 83.523450 39.492025
343 -10.372686 83.448832 39.492025
344 -10.914822 83.621995 39.492025
345 -11.463472 83.968460 39.492025
346 -11.980550 84.362199 39.492025
347 -12.500401 84.752287 39.492025
348 -13.043614 85.109050 39.492025
349 -13.600879 85.443618 39.492025
350 -14.161203 85.762679 39.492025
354 -16.637019 86.069623 39.492025
355 -17.284284 86.080314 39.492025
356 -17.931056 86.111014 39.492025
357 -18.575343 86.141325 39.492025
358 -19.222160 86.171035 39.492025
359 -19.869067 86.198740 39.492025
360 -20.515687 86.232357 39.492025
361 -21.160067 86.260633 39.492025
362 -21.805879 86.307142 39.492025
363 -22.448278 86.364940 39.492025
364 -23.095668 86.423061 39.492025
367 -25.549626 86.587330 39.492025
368 -26.063491 86.648549 39.492025
369 -26.699464 86.763843 39.492025
370 -27.248705 87.099027 39.492025
371 -27.585339 87.581589 39.492025
372 -27.633258 87.743853 39.492025
373 -27.667244 88.157233 39.492025
374 -27.675234 88.692163 39.492025
375 -27.696360 89.196683 39.492025
376 -27.749913 89.686120 39.492025
377 -27.831020 90.161753 39.492025
381 -28.078376 91.519661 39.492025
382 -28.144303 91.898918 39.492025
383 -28.223457 92.397545 39.492025
384 -28.241106 92.611815 39.492025
385 -28.288594 93.114574 39.492025
386 -28.336462 93.587135 39.492025
387 -28.355172 93.801314 39.492025
388 -28.413821 94.242321 39.492025
389 -28.481514 94.446148 39.492025
390 -28.649026 94.922456 39.492025
391 -28.757152 95.389820 39.492025
395 -29.177702 97.003022 39.492025
396 -29.212596 97.101894 39.492025
397 -29.319660 97.444967 39.492025
398 -29.387809 97.995337 39.492025
399 -29.395621 98.197650 39.492025
400 -29.420785 98.651898 39.492025
401 -29.472581 99.123924 39.492025
402 -29.568697 99.593837 39.492025
403 -29.706325 100.043043 39.492025
404 -29.821617 100.362589 39.492025
405 -29.978688 100.680947 39.492025
409 -30.494376 102.219936 39.492025
410 -30.645595 102.675198 39.492025
411 -30.831910 103.155247 39.492025
412 -30.934034 103.415886 39.492025
413 -31.090140 103.778724 39.492025
414 -31.287174 104.171887 39.492025
415 -31.473249 104.400715 39.492025
416 -31.837442 104.845668 39.492025
417 -32.300515 105.299567 39.492025
418 -32.861837 105.624889 39.492025
419 -33.453097 105.888802 39.492025
423 -35.774119 106.894250 39.492025
424 -36.367060 107.159910 39.492025
425 -36.955717 107.435496 39.492025
426 -37.546204 107.707178 39.492025
427 -38.137842 107.976341 39.492025
428 -38.735370 108.232136 39.492025
429 -39.329701 108.495233 39.492025
430 -39.926451 108.752853 39.492025
431 -40.522031 109.013135 39.492025
432 -41.114629 109.280141 39.492025
433 -41.707358 109.546906 39.492025
436 -43.961945 110.554051 39.492025
437 -44.081009 110.606234 39.492025
438 -44.081009 110.606234 39.492025
439 -43.991718 110.677832 39.492025
440 -43.619643 110.599285 39.492025
441 -43.337191 110.200099 39.492025
442 -43.267359 109.965285 39.492025
443 -43.075084 109.482575 39.492025
444 -42.884068 109.100273 39.492025
445 -42.820806 108.863608 39.492025
446 -42.683887 108.382959 39.492025
450 -43.141173 106.411854 39.492025
451 -43.505524 105.904161 39.492025
452 -43.898834 105.418537 39.492025
453 -44.202405 104.961282 39.492025
454 -44.318187 104.569701 39.492025
455 -44.325446 104.324914 39.492025
456 -44.366420 103.831645 39.492025
457 -44.447161 103.303246 39.473790
458 -44.588518 102.839721 39.473790
459 -44.737982 102.447270 39.473790
460 -44.851266 102.252926 39.473790
464 -44.985085 101.366114 39.492025
465 -44.981562 101.346429 39.492025
466 -44.981562 101.346429 39.492025
467 -44.962328 101.351819 39.492025
468 -44.930928 101.408373 39.492025
469 -44.910846 101.744457 39.492025
470 -44.962265 102.141069 39.492025
471 -44.946316 102.385397 39.492025
472 -44.868059 102.874071 39.492025
473 -44.784692 103.244716 39.492025
474 -44.686153 103.469010 39.492025
478 -44.196463 105.034336 39.492025
479 -43.833071 105.504498 39.492025
480 -43.229730 105.707597 39.492025
481 -42.582935 105.726855 39.492025
482 -41.941267 105.695489 39.492025
483 -41.294191 105.672105 39.492025
484 -40.647138 105.648108 39.492025
485 -40.003809 105.602996 39.492025
486 -39.360645 105.528792 39.492025
487 -38.718134 105.430773 39.492025
488 -38.081071 105.315578 39.492025
492 -35.981276 104.247522 39.492025
493 -36.244494 103.681323 39.492025
494 -36.816041 103.410326 39.492025
495 -37.442941 103.238683 39.492025
496 -38.075148 103.087751 39.492025
497 -38.711285 102.982762 39.492025
498 -39.214585 102.942189 39.492025
499 -39.444097 102.927205 39.492025
503 -39.613736 102.916130 39.492025
504 -39.550958 102.819013 39.492025
505 -39.174868 102.716397 39.492025
506 -38.554679 102.825869 39.492025
507 -37.926738 102.993361 39.492025
508 -37.298282 103.159255 39.492025
509 -36.666961 103.313771 39.492025
510 -36.054099 103.525246 39.492025
511 -35.526101 103.901001 39.492025
512 -35.096834 104.368085 39.492025
513 -34.721544 104.861521 39.492025
517 -33.165941 106.837367 39.492025
518 -32.807880 107.330723 39.492025
519 -32.578249 107.701557 39.492025
520 -32.442073 107.874193 39.492025
521 -32.148988 108.266637 39.492025
522 -31.915007 108.648033 39.492025
523 -31.769467 108.845086 39.492025
524 -31.467912 109.231182 39.492025
525 -31.266451 109.593425 39.492025
526 -31.179273 109.822380 39.492025
527 -31.001089 110.284173 39.492025
531 -30.356063 111.853318 39.492025
532 -30.211068 112.315432 39.492025
533 -30.136312 112.687974 39.492025
534 -30.033433 112.910209 39.492025
535 -29.847077 113.368081 39.492025
536 -29.743689 113.744057 39.492025
537 -29.684086 113.981380 39.492025
538 -29.563027 114.378295 39.492025
539 -29.500979 114.615263 39.492025
540 -29.361024 115.084837 39.492025
541 -29.226852 115.550867 39.492025
545 -28.945548 117.046933 39.492025
546 -28.876479 117.281965 39.492025
547 -28.809872 117.770928 39.492025
548 -28.847826 118.118587 39.492025
549 -28.912140 118.406181 39.492025
550 -28.939928 118.784917 39.492025
551 -28.902796 119.026829 39.492025
552 -28.812089 119.513431 39.492025
553 -28.740707 119.886595 39.492025
554 -28.643816 120.111484 39.492025
555 -28.432179 120.553359 39.492025
559 -28.099189 122.011203 39.492026
560 -28.008405 122.297105 39.492026
561 -27.875536 122.752933 39.492026
562 -27.724083 123.238718 39.492026
563 -27.404202 123.777830 39.492026
564 -26.985081 124.266124 39.492026
565 -26.518186 124.714625 39.492026
566 -26.038566 125.153329 39.492026
567 -25.559685 125.592841 39.492026
568 -25.079484 126.000286 39.492026
569 -24.745933 126.229811 39.492026
572 -24.510491 126.381343 39.492026
573 -24.510491 126.381343 39.492026
574 -24.510491 126.381343 39.492026
575 -24.510491 126.381343 39.492026
576 -24.532558 126.357636 39.492026
577 -24.792045 126.334917 39.492026
578 -25.317867 126.523099 39.492026
579 -25.838813 126.909954 39.492026
580 -26.340129 127.323691 39.492026
581 -26.844313 127.725796 39.492026
582 -27.311799 128.150241 39.492026
585 -27.913633 129.557964 39.492026
586 -27.992796 129.985595 39.492026
587 -28.125771 130.344911 39.492026
588 -28.545309 130.679691 39.492026
589 -29.166434 130.850757 41.011462
590 -29.806595 130.963026 41.011462
591 -30.440023 131.107953 41.011462
592 -31.058101 131.308440 41.483731
593 -31.661004 131.551149 41.483731
594 -32.259094 131.805675 42.748801
595 -32.855835 132.063344 42.748801
599 -35.123317 133.042543 43.439383
600 -35.703306 133.315792 43.439383
601 -36.337073 133.433255 43.439383
602 -36.968099 133.317664 43.439383
603 -37.602425 133.176153 43.439383
604 -38.241728 133.076656 43.439383
605 -38.891357 133.075652 43.439383
606 -39.532898 133.161908 43.732139
607 -40.169810 133.291178 43.732139
608 -40.798152 133.457255 46.381246
609 -41.376413 133.748163 46.381246
613 -43.793554 135.129889 46.540520
614 -43.852129 135.158068 46.540520
615 -43.868350 135.146403 46.540520
616 -43.958018 134.919500 46.540520
617 -43.786043 134.551776 46.540520
618 -43.207805 134.334050 46.540520
619 -42.560918 134.311147 46.540520
620 -41.915013 134.241175 46.540520
621 -41.284817 134.083243 46.540520
622 -40.665898 133.884938 46.540520
623 -40.064297 133.653983 46.540520
628 -37.238656 133.324545 46.540520
629 -36.730694 133.423051 46.540520
630 -36.096800 133.566752 46.540520
631 -35.467542 133.719276 46.540520
632 -34.835244 133.869877 46.540520
633 -34.200353 133.996750 46.540520
634 -33.559460 134.105155 46.540520
635 -32.917784 134.190801 46.540520
636 -32.275080 134.243952 46.540520
637 -31.627751 134.253971 46.540520
638 -30.978839 134.281669 46.980208
642 -29.448540 136.306688 46.980208
643 -29.439157 136.348139 46.980208
644 -29.459533 136.382486 46.980208
645 -29.465730 136.390334 46.980208
646 -29.560737 136.372643 46.980208
647 -29.663591 136.160989 46.980208
648 -29.681054 135.704697 46.980208
649 -29.639266 135.494012 46.980208
650 -29.577240 135.013500 46.980208
651 -29.565674 134.583692 46.980208
652 -29.579094 134.369111 46.980208
657 -29.601589 132.325098 46.980208
658 -29.615972 132.231462 46.980208
659 -29.700040 131.845607 46.980208
660 -29.755826 131.318873 46.980208
661 -29.755577 130.819020 46.980208
662 -29.742003 130.629631 46.980208
663 -29.720721 130.185261 46.980208
664 -29.725250 129.980489 46.980208
665 -29.745224 129.586019 46.980208
666 -29.753168 129.066099 46.980208
667 -29.737946 128.566413 46.980208
672 -29.721644 126.792722 46.980208
673 -29.714735 126.322773 46.980208
674 -29.720384 125.822896 46.980208
675 -29.734000 125.603480 46.980208
676 -29.755551 125.189116 46.980208
677 -29.748126 124.689312 46.980208
678 -29.745738 124.449474 46.980208
679 -29.752271 124.084548 46.980208
680 -29.752098 123.569550 46.980208
681 -29.737016 123.069869 46.980208
682 -29.737981 122.850062 46.980208
687 -29.662755 120.935171 46.980208
688 -29.677989 120.455537 46.980208
689 -29.688303 120.135836 46.980208
690 -29.674690 119.831149 46.980208
691 -29.668409 119.486248 46.980208
692 -29.675964 119.181341 46.980208
693 -29.687863 118.676482 46.980208
694 -29.687089 118.186602 46.980208
695 -29.683963 117.896771 46.980208
696 -29.697587 117.542049 46.980208
697 -29.694904 117.052205 46.980208
701 -29.709076 115.187867 46.980208
702 -29.682206 114.889122 46.980208
703 -29.725511 114.366656 46.980208
704 -29.803372 113.887992 46.980208
705 -29.869091 113.392680 46.980208
706 -29.884598 113.028117 46.980208
707 -29.871831 112.733394 46.980208
708 -29.868320 112.258484 46.980208
709 -29.879784 111.853677 46.980208
710 -29.898742 111.609456 46.980208
711 -29.908698 111.119595 46.980208
716 -29.818765 109.414322 46.980208
717 -29.817650 108.984324 46.980208
718 -29.833585 108.769917 46.980208
719 -29.852076 108.280312 46.980208
720 -29.852167 107.810369 46.980208
721 -29.833415 107.375773 46.980208
722 -29.842158 107.160953 46.980208
723 -29.850964 106.671046 46.980208
724 -29.849509 106.191093 46.980208
725 -29.833720 105.791447 46.980208
726 -29.845039 105.526695 46.980208
731 -29.814357 103.829917 46.980208
732 -29.784893 103.492064 46.980208
733 -29.858085 102.962653 46.980208
734 -29.946791 102.470660 46.980208
735 -29.965316 102.271737 46.980208
736 -29.979798 101.922037 46.980208
737 -29.994479 101.377247 46.980208
738 -29.989555 101.172481 46.980208
739 -29.971213 100.777965 46.980208
740 -29.963046 100.248029 46.980208
741 -29.968597 100.038305 46.980208
746 -29.999985 98.019787 46.980208
747 -30.022242 97.565606 46.980208
748 -30.081334 97.079251 46.980208
749 -30.105872 96.860627 46.980208
750 -30.140490 96.447128 46.980208
751 -30.145394 96.207386 46.980208
752 -30.129275 95.842742 46.980208
753 -30.116315 95.317908 46.980208
754 -30.124216 94.818072 46.980208
755 -30.130544 94.598163 46.980208
756 -30.141379 94.183305 46.980208
761 -30.149714 92.349036 46.980208
762 -30.128233 92.044845 46.980208
763 -30.166294 91.541637 46.980208
764 -30.233563 91.056341 46.980208
765 -30.268472 90.738451 46.980208
766 -30.272818 90.433482 46.980208
767 -30.280012 89.928533 46.980208
768 -30.294867 89.438844 46.980208
769 -30.313999 89.149628 46.980208
770 -30.347360 88.796288 46.980208
771 -30.354153 88.306568 46.980208
775 -30.410060 86.434282 46.980208
776 -30.503390 86.154667 46.980208
777 -30.627704 85.696909 46.980208
778 -30.673553 85.335011 46.980208
779 -30.688136 85.040403 46.980208
780 -30.727711 84.516912 46.980208
781 -30.782145 84.040209 46.980208
782 -30.843484 83.650031 46.980208
783 -30.927352 83.419910 46.980208
784 -31.092732 82.958929 46.980208
785 -31.196391 82.562335 46.980208
790 -31.980035 80.777009 46.980208
791 -32.500229 80.391187 46.980208
792 -33.109489 80.184536 46.980208
793 -33.746086 80.066303 46.980208
794 -34.383576 79.953041 46.980208
795 -35.018918 79.815858 46.980208
796 -35.648057 79.652726 46.980208
797 -36.271231 79.468318 47.896765
798 -36.877476 79.241466 47.896765
799 -37.475264 78.986370 48.166587
800 -38.061672 78.706049 48.166587
804 -40.453335 77.689315 48.166587
805 -40.675314 77.619053 48.166587
806 -41.066297 77.746634 48.166587
807 -41.600731 78.069200 47.988541
808 -42.130523 78.445766 47.988541
809 -42.656712 78.827367 47.988541
810 -43.190041 79.198851 47.988541
811 -43.734168 79.554388 47.988541
812 -44.286333 79.897320 47.988541
813 -44.838858 80.239670 47.988541
814 -45.390963 80.582644 47.988541
822 -49.389657 83.126311 47.988541
823 -49.448775 83.153332 47.988541
824 -49.448775 83.153332 47.988541
825 -49.499184 83.016041 47.988541
826 -49.459680 82.638764 47.988541
827 -49.077472 82.257499 47.988541
828 -49.096494 82.263678 47.988541
829 -48.886856 82.275609 47.988541
830 -48.502474 82.226094 47.988541
831 -48.192444 81.978079 47.988541
832 -48.063884 81.466628 47.988541
839 -47.891805 78.316549 51.899327
840 -47.891805 78.316549 51.899327
841 -47.746654 78.220351 51.899327
842 -47.286134 78.231712 51.899327
843 -46.646223 78.345308 51.785906
844 -46.009632 78.463564 51.785906
845 -45.365974 78.553754 51.785906
846 -44.724278 78.618944 51.785906
847 -44.080445 78.687735 51.785906
848 -43.439676 78.761356 51.785906
849 -42.796662 78.837419 51.785906
857 -37.582116 79.403967 51.849205
858 -37.004544 79.456899 51.849205
859 -36.359267 79.510483 51.849205
860 -35.712652 79.576119 51.849205
861 -35.067711 79.656541 51.849205
862 -34.428994 79.776803 51.849205
863 -33.800492 79.941204 51.849205
864 -33.199006 80.186492 51.849205
865 -32.624839 80.490695 51.849205
866 -32.074125 80.835360 51.849205
867 -31.627514 81.279383 51.849205
876 -30.266689 84.703397 51.849205
877 -30.214528 84.936325 51.849205
878 -30.268489 85.297041 51.849205
879 -30.325712 85.758181 51.849205
880 -30.315755 86.257684 51.849205
881 -30.280485 86.701192 51.849205
882 -30.239239 86.979837 51.849205
883 -30.101961 87.318023 51.849205
884 -29.935016 87.836517 51.849205
885 -29.861149 88.042868 51.849205
886 -29.697864 88.391457 51.849205
894 -29.338870 91.487194 51.849205
895 -29.388132 91.696201 51.849205
896 -29.463548 92.179840 51.849205
897 -29.474686 92.549446 51.849205
898 -29.422869 92.809283 51.849205
899 -29.363871 93.219903 51.849205
900 -29.361573 93.434891 51.849205
901 -29.357006 93.869867 51.849205
902 -29.349733 94.084733 51.849205
903 -29.347142 94.519718 51.849205
904 -29.356158 94.734529 51.849205
913 -29.355195 97.857085 51.849205
914 -29.399181 98.269664 51.849205
915 -29.440239 98.500340 51.849205
916 -29.516533 98.830711 51.849205
917 -29.527125 99.350257 51.849205
918 -29.507839 99.563965 51.849205
919 -29.459124 99.950774 51.849205
920 -29.435845 100.460145 51.849205
921 -29.447942 100.937360 51.849205
922 -29.453303 101.404701 51.849205
923 -29.441330 101.629203 51.849205
931 -29.401275 104.680865 51.849205
932 -29.412123 105.060458 51.849205
933 -29.491005 105.313226 51.849205
934 -29.573514 105.719335 51.849205
935 -29.563983 105.934020 51.849205
936 -29.533712 106.367963 51.849205
937 -29.514018 106.582051 51.849205
938 -29.495146 107.016593 51.849205
939 -29.506009 107.231314 51.849205
940 -29.523804 107.665924 51.849205
941 -29.507881 107.880289 51.849205
950 -29.475013 110.792783 51.849205
951 -29.460035 111.207376 51.849205
952 -29.483905 111.445313 51.849205
953 -29.560635 111.801749 51.849205
954 -29.582790 112.085690 51.849205
955 -29.584263 112.450626 51.849205
956 -29.559583 112.733610 51.849205
957 -29.458694 113.084279 51.849205
958 -29.369502 113.586124 51.849205
959 -29.263889 114.064011 51.849205
960 -29.183245 114.294436 51.849205
969 -28.559550 117.358367 51.849205
970 -28.547453 117.682901 51.849205
971 -28.604149 117.921057 51.849205
972 -28.657938 118.321812 51.849205
973 -28.617346 118.540391 51.849205
974 -28.553936 119.020965 51.849205
975 -28.548788 119.328320 51.849205
976 -28.567995 119.622692 51.849205
977 -28.576323 119.962477 51.849205
978 -28.559630 120.256997 51.849205
979 -28.542172 120.646546 51.849205
987 -28.520266 123.562949 51.849205
988 -28.543562 123.791036 51.849205
989 -28.633470 124.206194 51.849205
990 -28.677821 124.678806 51.849205
991 -28.680222 125.208660 51.849205
992 -28.655927 125.371335 51.849205
993 -28.599791 125.767083 51.849205
994 -28.598083 125.996606 51.849205
995 -28.617081 126.421087 51.849205
996 -28.603950 126.710537 51.849205
997 -28.567604 127.083741 51.849205
1006 -27.947635 130.209013 51.849205
1007 -27.897369 130.532135 51.849205
1008 -27.781425 130.808803 51.849205
1009 -27.566593 131.319774 51.849205
1010 -27.153404 131.811042 51.849205
1011 -26.611307 132.155829 51.849205
1012 -25.994159 132.349208 51.849205
1013 -25.361782 132.475692 51.849205
1014 -24.721451 132.571718 51.849205
1015 -24.080057 132.677065 51.849205
1016 -23.439602 132.787874 51.849205
1024 -20.696467 133.232236 51.849205
1025 -20.664482 133.170710 51.849205
1026 -20.718372 133.029557 51.849205
1027 -21.093225 132.896706 51.849205
1028 -21.713331 132.867483 51.849205
1029 -22.359527 132.907443 51.849205
1030 -23.009041 132.890761 51.849205
1031 -23.655313 132.822483 51.849205
1032 -24.293860 132.715239 51.849205
1033 -24.929638 132.592683 51.849205
1034 -25.566467 132.462513 51.849205
1043 -27.838347 129.546251 51.673011
1044 -27.865840 129.272875 51.673011
1045 -27.925260 128.953459 51.673011
1046 -27.958801 128.565095 51.673011
1047 -27.944626 128.290461 51.673011
1048 -27.928423 127.825820 51.673011
1049 -27.931978 127.600848 51.673011
1050 -27.939757 127.100908 51.673011
1051 -27.940350 126.776027 51.673011
1052 -27.922058 126.451582 51.673011
1053 -27.931110 126.106905 51.673011
1061 -27.991500 122.757858 51.673011
1062 -28.020651 122.318997 51.673011
1063 -28.086799 121.833523 51.673011
1064 -28.115356 121.660963 51.673011
1065 -28.158115 121.238365 51.673011
1066 -28.167432 120.703526 51.673011
1067 -28.144997 120.214088 51.673011
1068 -28.145669 119.749185 51.673011
1069 -28.142478 119.254268 51.673011
1070 -28.159075 119.090105 51.673011
1071 -28.193840 118.616442 51.673011
1080 -28.542729 115.249998 51.673011
1081 -28.514108 114.893981 51.673011
1082 -28.586919 114.628949 51.673011
1083 -28.684001 114.128780 51.673011
1084 -28.710360 113.644909 51.673011
1085 -28.704016 113.320088 51.673011
1086 -28.678945 112.996099 51.673011
1087 -28.673465 112.511277 51.673011
1088 -28.681984 112.151378 51.673011
1089 -28.688334 111.876451 51.673011
1090 -28.696192 111.366516 51.673011
1098 -28.645506 108.194879 51.673011
1099 -28.638151 107.775692 51.673011
1100 -28.725189 107.258162 51.673011
1101 -28.811236 106.780996 51.673011
1102 -28.822489 106.606515 51.673011
1103 -28.836749 106.181756 51.673011
1104 -28.846431 105.646851 51.673011
1105 -28.832600 105.152086 51.673011
1106 -28.840225 104.987263 51.673011
1107 -28.850816 104.512401 51.673011
1108 -28.836288 104.017658 51.673011
1117 -28.811851 100.619649 51.673011
1118 -28.834709 100.090634 51.673011
1119 -28.874935 99.921112 51.673011
1120 -28.977985 99.509302 51.673011
1121 -28.997188 99.285636 51.673011
1122 -28.998397 98.885639 51.673011
1123 -28.993843 98.655730 51.673011
1124 -28.977675 98.231038 51.673011
1125 -28.966111 97.706168 51.673011
1126 -28.978647 97.211365 51.673011
1127 -28.993498 97.047049 51.673011
1136 -29.093470 93.560722 51.673011
1137 -29.108707 93.201452 51.673011
1138 -29.197912 92.967982 51.673011
1139 -29.326707 92.480728 51.673011
1140 -29.342406 92.121948 51.673011
1141 -29.271054 91.856534 51.673011
1142 -29.167995 91.485659 51.673011
1143 -29.112616 91.216293 51.673011
1144 -29.003429 90.713079 51.673011
1145 -28.900125 90.397309 51.673011
1146 -28.779618 90.111699 51.673011
1154 -28.149068 86.592042 51.673011
1155 -28.178967 86.168508 51.673011
1156 -28.451926 85.605216 51.673011
1157 -28.882857 85.136708 51.673011
1158 -29.346080 84.680726 51.673011
1159 -29.794428 84.220597 51.673011
1160 -30.177895 83.727747 51.673011
1161 -30.311714 83.522605 51.673011
1162 -30.532494 83.159498 51.673011
1163 -30.849976 82.632788 51.673011
1164 -30.989400 82.435103 51.673011
1173 -32.263664 80.921802 51.673011
1174 -32.681584 80.622461 51.673011
1175 -33.264864 80.335717 51.673011
1176 -33.875836 80.124817 51.673011
1177 -34.515884 80.031213 51.673011
1178 -35.160433 80.011902 51.673011
1179 -35.807613 80.031198 51.673011
1180 -36.454940 80.045607 51.673011
1181 -37.102427 80.049100 51.673011
1182 -37.747312 80.039489 51.673011
1183 -38.394403 80.016482 51.673011
1191 -44.153527 79.942082 51.673011
1192 -44.182760 79.956118 51.673011
1193 -44.232358 80.040913 51.673011
1194 -44.163075 80.152982 51.673011
1195 -43.844625 80.283486 51.673011
1196 -43.258139 80.295569 51.673011
1197 -42.620732 80.215170 51.673011
1198 -41.977291 80.143437 51.673011
1199 -41.330899 80.106849 51.673011
1200 -40.683523 80.106970 51.673011
1201 -40.038898 80.128917 51.673011
1210 -34.348000 79.967202 51.673011
1211 -34.348000 79.967202 51.673011
1212 -34.348000 79.967202 51.673011
1213 -34.332278 80.003863 51.673011
1214 -34.348581 80.074023 51.673011
1215 -34.525124 80.221539 51.673011
1216 -35.053537 80.261156 51.673011
1217 -35.696360 80.165134 51.673011
1218 -36.338363 80.081872 51.673011
1219 -36.984544 80.041868 51.673011
1220 -37.631744 80.022609 51.673011
1229 -43.388767 79.956121 51.673011
1230 -44.032658 79.979483 51.673011
1231 -44.675679 80.055499 51.673011
1232 -45.320192 80.117031 51.673011
1233 -45.966950 80.146855 51.673011
1234 -46.611892 80.151302 51.673011
1235 -47.261397 80.126907 51.673011
1236 -47.909987 80.084200 51.673011
1237 -48.555483 80.033296 51.673011
1238 -49.201720 79.993573 51.673011
1239 -49.848211 79.957754 51.673011
1248 -54.888107 77.703695 52.233515
1249 -55.104581 77.261973 52.233515
1250 -55.186408 76.789706 52.233515
1251 -55.259364 76.259851 52.233515
1252 -55.361641 75.855381 52.233515
1253 -55.454440 75.599250 52.233515
1254 -55.652266 75.096980 52.233515
1255 -55.726712 74.831130 52.233515
1256 -55.844599 74.454224 52.233515
1257 -55.999205 73.984013 52.233515
1258 -56.072780 73.734641 52.233515
1267 -56.120149 73.571374 52.381104
1268 -56.120149 73.571374 52.381104
1269 -56.120149 73.571374 52.381104
1270 -56.120149 73.571374 52.381104
1271 -56.213503 73.603023 52.381104
1272 -56.315685 73.916533 52.381104
1273 -56.093038 74.478623 52.381104
1274 -55.752984 74.986474 52.381104
1275 -55.372147 75.419985 52.381104
1276 -54.959418 75.908643 52.381104
1277 -54.647686 76.403095 52.381104
1286 -51.007446 79.677586 52.381104
1287 -50.357640 79.679867 52.381104
1288 -49.712800 79.737540 52.381104
1289 -49.068340 79.799173 52.381104
1290 -48.423816 79.823224 52.381104
1291 -47.776452 79.836469 52.381104
1292 -47.129091 79.849886 52.381104
1293 -46.481730 79.863302 52.381104
1294 -45.834421 79.878942 52.381104
1295 -45.189657 79.896379 52.381104
1296 -44.542296 79.905423 52.381104
1305 -38.595354 79.662057 52.381104
1306 -37.948245 79.659231 52.381104
1307 -37.306181 79.720254 52.381104
1308 -36.661535 79.780658 52.381104
1309 -36.014853 79.812391 52.381104
1310 -35.367621 79.830940 52.381104
1311 -34.722866 79.848717 52.381104
1312 -34.075612 79.866562 52.381104
1313 -33.428283 79.881022 52.381104
1314 -32.780823 79.887418 52.381104
1315 -32.068332 79.890932 52.381104
1324 -26.245126 79.254093 52.381104
1325 -25.544866 79.129108 52.381104
1326 -24.900371 79.116493 52.381104
1327 -24.253887 79.152435 52.381104
1328 -23.802236 79.180141 52.381104
1329 -23.802236 79.180141 52.381104
1330 -23.589919 79.187549 52.381104
1331 -23.074938 79.190992 52.381104
1332 -22.427483 79.198616 52.381104
1333 -21.850023 79.205415 52.381104
1334 -21.850023 79.205415 52.381104
1344 -21.850023 79.205415 52.381104
1345 -21.702646 79.200254 52.381104
1346 -21.256182 79.119808 52.381104
1347 -20.646878 78.908344 52.381104
1348 -20.046992 78.658271 52.381104
1349 -19.454831 78.390295 52.381104
1350 -18.872198 78.107871 52.381104
1351 -18.280589 77.844813 52.381104
1352 -17.668300 77.627561 52.381104
1353 -17.040456 77.459717 52.381104
1354 -16.414105 77.286253 52.381104
1364 -11.031146 74.628095 52.233515
1365 -11.008840 74.608034 52.233515
1366 -11.008840 74.608034 52.233515
1367 -10.934382 74.685962 52.233515
1368 -10.921309 75.046970 52.233515
1369 -11.294707 75.522318 52.233515
1370 -11.899106 75.733214 52.233515
1371 -12.538386 75.835458 52.233515
1372 -13.178187 75.948633 52.233515
1373 -13.809115 76.104318 52.233515
1374 -14.428525 76.300884 52.381104
1384 -20.996284 77.254030 52.381104
1385 -21.643198 77.232865 52.381104
1386 -22.290627 77.237636 52.381104
1387 -22.937613 77.213440 52.381104
1388 -23.583138 77.164173 52.381104
1389 -24.228777 77.089305 52.381104
1390 -24.872390 76.998521 52.381104
1391 -25.512453 76.886483 52.381104
1392 -26.143215 76.729573 52.381104
1393 -26.775359 76.589453 52.381104
1394 -27.268929 76.445657 52.381104
1405 -27.656355 72.395654 52.573188
1406 -27.666993 72.119232 52.573188
1407 -27.768959 71.800195 52.573188
1408 -27.856737 71.273168 52.573188
1409 -27.863891 70.775865 53.579288
1410 -27.843722 70.328863 53.579288
1411 -27.842798 70.114078 53.579288
1412 -27.851026 69.699173 54.599086
1413 -27.851622 69.139177 54.599086
1414 -27.838906 68.709442 54.599086
1415 -27.839099 68.492149 55.525311
1426 -28.106185 64.004215 60.760021
1427 -28.117414 63.960639 60.760021
1428 -28.117414 63.960639 60.760021
1429 -28.117414 63.960639 60.760021
1430 -28.117414 63.960639 61.737672
1431 -28.045158 64.027784 61.737672
1432 -27.970205 64.385127 61.818607
1433 -27.995345 64.756599 61.818607
1434 -28.058096 65.031856 61.818607
1435 -28.056075 65.498263 61.818607
1436 -27.949353 66.037573 61.818607
1448 -22.627204 70.242912 61.860005
1449 -22.618724 70.248212 61.860005
1450 -22.605117 70.233588 61.860005
1451 -22.585380 69.959593 61.860005
1452 -22.963776 69.536456 61.860005
1453 -23.522816 69.210545 61.860005
1454 -24.137548 68.999740 61.860005
1455 -24.759594 68.811194 61.860005
1456 -25.369356 68.587129 61.860005
1457 -25.950684 68.297021 61.860005
1458 -26.503095 67.954773 61.860005
1471 -29.782989 63.170273 61.860005
1472 -29.986777 62.879920 61.860005
1473 -30.284168 62.400692 61.860005
1474 -30.458276 61.911616 62.251267
1475 -30.546521 61.722535 62.251267
1476 -30.752940 61.356964 63.071548
1477 -30.850629 61.087678 63.071548
1478 -30.915564 60.764184 63.071548
1479 -31.030182 60.213522 64.015781
1480 -31.131093 59.728952 64.015781
1481 -31.208531 59.468423 65.073037
1494 -33.877996 55.840360 67.038050
1495 -33.877996 55.840360 67.038050
1496 -33.877996 55.840360 67.038050
1497 -33.877996 55.840360 67.038050
1498 -33.975431 55.828269 67.038050
1499 -34.088325 55.993375 67.038050
1500 -33.938585 56.452845 67.038050
1501 -33.481714 56.914302 67.038050
1502 -32.917870 57.230908 67.038050
1503 -32.286617 57.354533 67.038050
1504 -31.636991 57.364112 67.038050
1517 -23.730105 57.866838 68.575945
1518 -23.730105 57.866838 68.575945
1519 -23.714776 57.879674 68.575945
1520 -23.694188 57.924540 68.575945
1521 -23.707328 57.991357 68.575945
1522 -23.923372 58.113058 68.575945
1523 -24.427067 58.143966 68.575945
1524 -25.075247 58.098315 68.575945
1525 -25.716670 58.030683 68.575945
1526 -26.360551 57.994150 68.575945
1527 -26.959776 57.968033 68.575945
1542 -25.109019 52.612157 71.399862
1543 -25.054297 52.577080 71.399862
1544 -25.025454 52.591916 71.399862
1545 -24.899206 52.808210 71.464258
1546 -25.029882 53.325463 71.464258
1547 -25.539659 53.717750 71.464258
1548 -26.152080 53.925094 71.464258
1549 -26.789515 54.051222 71.464258
1550 -27.425172 54.186623 71.464258
1551 -28.039039 54.398319 71.464258
1552 -28.611489 54.704844 71.464258
1567 -37.553366 55.909950 71.464258
1568 -38.034394 55.712461 71.464258
1569 -38.647249 55.503991 71.464258
1570 -39.267196 55.308659 71.464258
1571 -39.883141 55.101319 71.464258
1572 -40.484618 54.855433 71.464258
1573 -41.038933 54.517680 71.464258
1574 -41.591884 54.182251 71.464258
1575 -42.206239 53.983294 71.464258
1576 -42.845796 53.903611 71.464258
1577 -43.493007 53.890130 71.464258
1593 -45.652349 53.663661 71.464258
1594 -45.535891 53.546790 71.464258
1595 -45.220758 53.337772 71.464258
1596 -44.615357 53.222804 71.464258
1597 -43.967929 53.213287 71.464258
1598 -43.322263 53.167054 71.464258
1599 -42.678636 53.076981 71.464258
1600 -42.045290 52.942756 71.464258
1601 -41.417099 52.785854 71.464258
1602 -40.788244 52.621474 71.464258
1603 -40.158222 52.461598 71.464258
1619 -31.208213 48.988221 71.464258
1620 -31.195306 48.748983 71.464258
1621 -31.263645 48.238772 75.738631
1622 -31.303468 47.936401 75.738631
1623 -31.330519 47.572634 75.738631
1624 -31.325878 47.092754 76.766270
1625 -31.292636 46.558787 76.766270
1626 -31.268779 46.079462 77.846132
1627 -31.256354 45.544607 77.846132
1628 -31.250906 45.074713 77.846132
1629 -31.241596 44.539854 79.001394
1645 -30.347082 38.187382 85.815269
1646 -30.347082 38.187382 85.815269
1647 -30.347082 38.187382 86.776151
1648 -30.419516 38.217259 86.776151
1649 -30.504010 38.503602 86.776151
1650 -30.156512 38.952133 87.568147
1651 -29.532577 39.120296 87.568147
1652 -28.889384 39.162882 87.596463
1653 -28.239788 39.185740 87.596463
1654 -27.596218 39.252689 87.596463
1655 -26.956985 39.370272 87.516515
1674 -21.450971 40.765610 87.516515
1675 -21.450971 40.765610 87.516515
1676 -21.450971 40.765610 87.516515
1677 -21.450971 40.765610 87.516515
1678 -21.450971 40.765610 87.516515
1679 -21.450971 40.765610 87.516515
1680 -21.501010 40.867880 87.516515
1681 -21.862690 40.989196 87.516515
1682 -22.485744 41.003531 87.516515
1683 -23.110777 40.831326 87.516515
1684 -23.715402 40.592758 87.516515
1703 -35.635436 39.353930 87.516515
1704 -35.635436 39.353930 87.516515
1705 -35.717381 39.268577 87.516515
1706 -35.736006 38.934955 87.516515
1707 -35.345789 38.606679 87.516515
1708 -34.706727 38.525922 87.516515
1709 -34.060389 38.461131 87.516515
1710 -33.425234 38.393720 87.516515
1711 -32.779550 38.351052 87.516515
1712 -32.162346 38.398280 87.516515
1713 -31.726450 38.588095 87.516515
1732 -35.511421 44.210302 87.654437
1733 -36.026371 44.260161 87.654437
1734 -36.673646 44.272755 87.654437
1735 -37.320927 44.258033 87.654437
1736 -37.967377 44.221516 87.654437
1737 -38.610546 44.173087 87.654437
1738 -39.255650 44.117454 87.654437
1739 -39.898077 44.059904 87.654437
1740 -40.543081 44.003139 87.654437
1741 -41.186467 43.913215 87.654437
1742 -41.806361 43.730193 87.654437
1762 -46.576362 43.258386 87.654437
1763 -46.409822 43.092598 87.654437
1764 -46.078826 42.673040 87.654437
1765 -45.749403 42.195728 87.654437
1766 -45.606990 41.966754 87.654437
1767 -45.425569 41.627211 87.654437
1768 -45.083348 41.104644 87.654437
1769 -44.680196 40.604633 87.654437
1770 -44.254021 40.120502 87.654437
1771 -43.810349 39.659751 87.654437
1772 -43.264531 39.316244 87.654437
1792 -32.227950 36.628720 87.516515
1793 -32.133002 36.625594 87.516515
1794 -31.757096 36.578563 87.516515
1795 -31.360163 36.253902 87.516515
1796 -31.281386 36.027375 87.516515
1797 -31.227320 35.605960 87.516515
1798 -31.211890 35.381540 87.516515
1799 -31.173730 34.983562 89.125195
1800 -31.093625 34.439436 89.125195
1801 -31.061713 34.133776 89.125195
1802 -31.034159 33.820091 89.237326
1822 -30.245336 26.348987 89.266457
1823 -30.269737 26.300096 89.266457
1824 -30.357600 26.261605 89.326034
1825 -30.497916 26.379021 89.326034
1826 -30.616011 26.843159 89.326034
1827 -30.585146 27.013691 89.326034
1828 -30.455879 27.475407 89.326034
1829 -30.424997 27.943592 89.326034
1830 -30.461043 28.119545 89.326034
1831 -30.549299 28.535075 89.326034
1832 -30.598291 29.012453 89.326034
1853 -41.179482 30.482198 91.338165
1854 -41.363205 30.336624 91.338165
1855 -41.871870 30.181359 92.984409
1856 -42.513808 30.119876 92.984409
1857 -43.153804 30.023254 92.984409
1858 -43.783855 29.874282 93.497488
1859 -44.408509 29.694613 93.497488
1860 -45.038089 29.533031 93.497488
1861 -45.664667 29.360142 93.747855
1862 -46.288789 29.178704 93.747855
1863 -46.905909 28.974690 93.747855
1886 -51.661533 26.263059 93.747855
1887 -51.661533 26.263059 93.747855
1888 -51.661533 26.263059 93.747855
1889 -51.661533 26.263059 93.747855
1890 -51.720788 26.288110 93.747855
1891 -51.844977 26.554152 93.747855
1892 -51.640009 26.855966 93.747855
1893 -51.043072 26.998284 93.747855
1894 -50.397487 27.042808 93.747855
1895 -49.749233 27.085498 93.747855
1896 -49.108299 27.193383 93.747855
1919 -34.577306 30.871777 93.747855
1920 -33.931144 30.830307 93.747855
1921 -33.415050 30.792650 93.747855
1922 -32.641571 30.692429 93.747855
1923 -32.002977 30.602326 93.747855
1924 -31.405420 30.359440 93.747855
1925 -30.980500 29.897570 93.747855
1926 -30.769199 29.410181 93.747855
1927 -30.777487 29.230863 93.747855
1928 -30.853127 28.762290 93.747855
1929 -30.981420 28.243027 93.747855
1953 -36.013001 27.082725 93.747855
1954 -36.013001 27.082725 93.747855
1955 -36.013001 27.082725 93.747855
1956 -36.013001 27.082725 93.747855
1957 -36.116827 26.948825 93.747855
1958 -36.116290 26.632073 93.747855
1959 -35.758444 26.368484 93.747855
1960 -35.247987 26.398278 93.747855
1961 -34.478707 26.509550 93.747855
1962 -33.832777 26.485608 93.747855
1963 -33.224162 26.446549 93.747855
1986 -30.954183 32.380932 93.747855
1987 -30.947596 32.388457 93.747855
1988 -30.779951 32.432987 93.747855
1989 -30.603255 32.263581 93.747855
1990 -30.526378 31.810927 93.747855
1991 -30.524016 31.326002 93.747855
1992 -30.483608 31.150829 93.747855
1993 -30.340612 30.703133 93.747855
1994 -30.213113 30.224895 93.747855
1995 -30.185977 30.046959 93.747855
1996 -30.106478 29.588823 93.747855
2020 -24.969722 20.105663 96.506271
2021 -24.503326 19.883496 96.506271
2022 -23.867466 19.820171 96.506271
2023 -23.235508 19.954568 96.506271
2024 -22.594415 20.039896 96.506271
2025 -21.947256 20.034014 96.506271
2026 -21.301287 19.990017 96.506271
2027 -20.657588 19.920247 96.506271
2028 -19.888561 19.824247 96.506271
2029 -19.374377 19.765851 96.795973
2030 -18.730315 19.699216 96.795973
2055 -14.662180 18.050653 96.506271
2056 -14.662180 18.050653 96.506271
2057 -14.705604 17.999858 96.506271
2058 -15.027663 17.925123 96.506271
2059 -15.591214 17.945148 96.960716
2060 -16.234650 18.017559 96.960716
2061 -16.942080 18.077018 96.960716
2062 -17.588934 18.105774 96.960716
2063 -18.236253 18.104280 96.960716
2064 -18.883160 18.076599 96.960716
2065 -19.527517 18.047817 96.960716
2078 -27.995025 17.707607 96.960716
2079 -28.061192 17.746268 96.960716
2080 -28.141225 18.083180 96.960716
2081 -27.766519 18.524308 96.960716
2082 -27.147447 18.710385 96.960716
2083 -26.503710 18.800210 96.960716
2084 -25.861485 18.899632 96.960716
2085 -25.222829 19.020514 96.960716
2086 -24.588240 19.160288 96.960716
2087 -23.970443 19.361244 96.960716
2088 -23.371066 19.612621 96.960716
2113 -22.795605 28.061429 96.960716
2114 -22.795605 28.061429 96.960716
2115 -22.738013 28.111585 96.960716
2116 -22.403022 28.075340 96.960716
2117 -22.093947 27.595641 96.960716
2118 -22.045874 27.113154 96.960716
2119 -21.983703 26.743708 96.960716
2120 -21.878172 26.489766 96.960716
2121 -21.697550 26.039660 96.960716
2122 -21.476078 25.503831 96.960716
2123 -21.171785 24.972541 96.960716
2149 -26.689403 19.415295 96.960716
2150 -26.747219 19.434187 96.960716
2151 -26.830344 19.563803 96.960716
2152 -26.701987 19.778338 96.960716
2153 -26.189700 19.908052 96.960716
2154 -25.546429 19.894661 96.960716
2155 -24.904781 19.829030 96.960716
2156 -24.258456 19.790536 96.960716
2157 -23.611096 19.782611 96.960716
2158 -22.966735 19.810430 96.960716
2159 -22.324022 19.864248 96.960716
2184 -7.033571 22.480370 104.628201
2185 -7.033571 22.480370 104.648461
2186 -6.922875 22.356559 104.648461
2187 -6.928981 21.904985 104.648461
2188 -7.001808 21.735954 104.648461
2189 -7.195617 21.297528 104.648461
2190 -7.223610 21.135010 104.648461
2191 -7.278788 20.683455 104.648461
2192 -7.318485 20.172537 104.648461
2193 -7.358780 19.687966 104.648461
2194 -7.394004 19.208264 104.755432
2221 -9.387173 8.668573 113.732056
2222 -9.425132 8.356176 113.732056
2223 -9.566770 7.977897 114.327339
2224 -9.724772 7.765294 114.327339
2225 -10.047460 7.357796 114.327339
2226 -10.249059 7.001424 114.327339
2227 -10.360828 6.717810 115.715602
2229 -10.607118 6.116592 115.715602
2229 -10.695570 5.853587 116.909626
2230 -10.796447 5.589756 116.909626
2231 -10.974925 5.157723 116.909626
2248 -13.069801 -0.464897 119.177601
2249 -13.136122 -0.934816 119.177601
2250 -13.149414 -1.434355 119.177601
2251 -13.128707 -1.652699 119.177601
2252 -13.083378 -2.064913 119.177601
2253 -13.078267 -2.564736 119.177601
2254 -13.066295 -2.803994 119.177601
2255 -13.027826 -3.166753 119.177601
2256 -13.021333 -3.526588 119.177601
2257 -13.026986 -3.841532 119.177601
2258 -13.018331 -4.376446 119.177601
2275 -12.692233 -7.495648 119.170553
2276 -12.692233 -7.495648 119.170553
2277 -12.692233 -7.495648 119.170553
2278 -12.702233 -7.495613 119.170553
2279 -12.822156 -7.403587 119.170553
2280 -12.927744 -7.008568 119.370434
2281 -12.918045 -6.470040 119.370434
2282 -12.843388 -5.965585 119.370434
2283 -12.774138 -5.503399 119.370434
2284 -12.757159 -5.083758 119.370434
2285 -12.767027 -4.901525 119.370434
2318 -0.936486 1.967893 119.370434
2319 -0.936486 1.967893 119.370434
2320 -0.928585 1.986251 119.370434
2321 -0.933943 2.069103 119.370434
2322 -1.056596 2.176788 119.370434
2323 -1.471962 2.223585 119.370434
2324 -2.103105 2.195072 119.370434
2325 -2.745816 2.116491 119.370434
2326 -3.388688 2.039339 119.370434
2327 -4.034635 1.995961 119.370434
2328 -4.680273 2.027173 119.370434
2360 -11.347088 13.211408 119.370434
2361 -11.405738 13.418222 119.370434
2362 -11.537594 13.890130 119.370434
2363 -11.689666 14.403049 119.370434
2364 -11.851751 14.912856 119.370434
2365 -12.020830 15.362016 119.370434
2366 -12.208432 15.889330 119.370434
2367 -12.493038 16.376839 119.370434
2369 -12.999487 16.865929 119.370434
2369 -13.415007 17.035129 119.370434
2370 -14.054732 17.128590 119.370434
2403 -35.335241 17.338591 119.370434
2404 -35.979655 17.311764 119.370434
2405 -36.607037 17.166503 119.370434
2406 -37.175974 16.852934 119.370434
2407 -37.731401 16.515302 119.370434
2408 -38.286633 16.177348 119.370434
2409 -38.840640 15.837456 119.370434
2410 -39.372774 15.464550 119.370434
2411 -39.830877 15.015870 119.370434
2412 -40.104449 14.619407 119.370434
2413 -40.184323 14.425197 119.370434
2448 -40.245990 13.564670 119.370434
2449 -39.989197 13.312634 119.370434
2450 -39.712391 12.807903 119.370434
2451 -39.669234 12.605543 119.370434
2452 -39.603741 12.226268 119.370434
2453 -39.485101 11.756229 119.370434
2454 -39.355048 11.394299 119.170553
2455 -39.194897 11.100127 119.170553
2456 -38.949806 10.596624 119.170553
2457 -38.826846 10.353620 119.170553
2458 -38.643723 10.015064 119.370434
2493 -31.299811 0.619517 119.370434
2494 -31.299811 0.619517 119.370434
2495 -31.299811 0.619517 119.370434
2496 -31.309979 0.592034 119.370434
2497 -31.537430 0.499336 119.370434
2498 -32.019096 0.673982 119.527489
2499 -32.549583 1.045626 119.527489
2500 -33.038187 1.474267 119.527489
2501 -33.526897 1.902818 124.727946
2502 -34.033226 2.309904 124.727946
2503 -34.583272 2.655732 124.727946
2540 -49.044135 9.086103 124.727946
2541 -49.044135 9.086103 124.727946
2542 -49.044135 9.086103 124.727946
2543 -49.044135 9.086103 124.727946
2544 -49.095911 9.114658 124.727946
2545 -49.093839 9.218012 124.727946
2546 -48.876805 9.357283 124.727946
2547 -48.335760 9.456766 124.727946
2548 -47.696165 9.391427 124.727946
2549 -47.056174 9.293182 124.727946
2550 -46.412302 9.225913 124.727946
2589 -30.719540 -4.915659 127.752967
2590 -30.723737 -5.295400 127.752967
2591 -30.738191 -5.810178 129.072463
2592 -30.728457 -6.084566 129.072463
2593 -30.658771 -6.412047 129.072463
2594 -30.617282 -6.930126 130.309250
2595 -30.605993 -7.434890 130.309250
2596 -30.595432 -7.914654 130.309250
2597 -30.575318 -8.424177 131.501866
2598 -30.563183 -8.873942 131.501866
2599 -30.552422 -9.183367 131.501866
2639 -29.201861 -15.831393 141.205739
2640 -29.174844 -15.931836 141.205739
2641 -29.350031 -16.296323 141.205739
2642 -29.921841 -16.554811 141.205739
2643 -30.562108 -16.646375 141.205739
2644 -31.209309 -16.663701 141.225850
2645 -31.856870 -16.714510 141.225850
2646 -32.494453 -16.839907 141.225850
2647 -33.121614 -17.010205 142.001763
2648 -33.739047 -17.213329 142.001763
2649 -34.348482 -17.438912 142.001763
2672 -36.564226 -18.477302 141.982044
2673 -36.429483 -18.546990 141.982044
2674 -35.983262 -18.539111 141.982044
2675 -35.384090 -18.295968 141.982044
2676 -34.802134 -18.006502 141.982044
2677 -34.212611 -17.732908 141.982044
2678 -33.616152 -17.474648 141.982044
2679 -33.017131 -17.222324 141.982044
2680 -32.420316 -16.964841 141.982044
2681 -31.789901 -16.650422 141.982044
2682 -31.351663 -16.250853 141.982044
2725 -43.467978 -12.889006 141.948796
2726 -43.379563 -12.916228 141.948796
2727 -43.067541 -12.831523 141.948796
2728 -42.554582 -12.561151 142.001763
2729 -41.944795 -12.337194 142.001763
2730 -41.317014 -12.179260 142.001763
2731 -40.680271 -12.061933 142.001763
2732 -40.040989 -11.944398 142.001763
2733 -39.403402 -11.831543 142.001763
2734 -38.762780 -11.721657 142.001763
2735 -38.122916 -11.607355 142.001763
2780 -35.927580 2.829927 142.001763
2781 -35.927580 2.829927 142.001763
2782 -35.934946 2.823165 142.001763
2783 -35.997792 2.595685 142.001763
2784 -35.743633 2.132905 142.001763
2785 -35.309056 1.650426 142.001763
2786 -34.723405 1.242784 142.001763
2787 -34.166884 0.907036 142.001763
2788 -33.648901 0.515238 142.001763
2789 -33.171045 0.074792 142.001763
2790 -32.708259 -0.378068 142.001763
2837 -40.554817 -9.112877 142.001763
2838 -40.827674 -8.694245 142.001763
2839 -40.972899 -8.437844 142.001763
2840 -41.158188 -8.159130 142.001763
2841 -41.415474 -7.639349 142.001763
2842 -41.615265 -7.189274 142.001763
2843 -41.881463 -6.704892 142.001763
2844 -42.020879 -6.476598 142.001763
2845 -42.212991 -6.142986 142.001763
2846 -42.369812 -5.841376 142.001763
2847 -42.514788 -5.539377 142.001763
2893 -46.107587 -0.176896 142.001763
2894 -45.924939 -0.340179 142.001763
2895 -45.545881 -0.738321 142.001763
2896 -45.124347 -1.232998 142.001763
2897 -44.720992 -1.729885 142.001763
2898 -44.324074 -2.228482 142.001763
2899 -44.072631 -2.654747 142.001763
2900 -43.996858 -2.839829 142.001763
2901 -43.781914 -3.296592 142.001763
2902 -43.665792 -3.471058 142.001763
2903 -43.398980 -3.839559 142.001763
2950 -31.053297 -4.600347 142.001763
2951 -31.104835 -4.128404 142.001763
2952 -31.193278 -3.661727 142.001763
2953 -31.251484 -3.185279 142.001763
2954 -31.256460 -2.765699 142.001763
2955 -31.222335 -2.297036 142.001763
2956 -31.225647 -1.812179 142.001763
2957 -31.334775 -1.272474 142.001763
2958 -31.655910 -0.790836 142.001763
2959 -32.130621 -0.348119 142.001763
2960 -32.641609 0.053547 142.001763
3007 -51.819097 16.567462 142.001763
3008 -51.819097 16.567462 142.001763
3009 -51.819097 16.567462 142.001763
3010 -51.809609 16.564305 142.001763
3011 -51.707707 16.414941 142.001763
3012 -51.661353 15.988013 142.001763
3013 -51.701818 15.540424 142.001763
3014 -51.751174 15.346616 142.001763
3015 -51.837066 14.874790 142.001763
3016 -51.837372 14.326432 142.001763
3017 -51.722065 13.896744 142.001763
3065 -53.102253 4.055298 142.001763
3066 -53.018647 4.030520 142.001763
3067 -52.706185 4.045472 142.001763
3068 -52.420383 4.244220 142.001763
3069 -52.264058 4.596333 142.001763
3070 -52.220199 4.844889 142.001763
3071 -52.107084 5.326742 142.001763
3072 -51.942810 5.824809 142.001763
3073 -51.757883 6.218464 142.001763
3074 -51.631881 6.373577 142.001763
3075 -51.319815 6.751317 142.001763
3123 -23.747431 1.083754 142.001763
3124 -23.107212 1.006809 142.001763
3125 -22.461730 0.930686 142.001763
3126 -21.822411 0.845501 142.001763
3127 -21.180973 0.740967 142.001763
3128 -20.542692 0.618234 142.001763
3129 -19.908582 0.475650 142.001763
3130 -19.275756 0.327253 142.001763
3131 -18.641803 0.195574 142.001763
3132 -18.013416 0.029882 142.001763
3133 -17.403408 -0.186716 142.001763
3182 3.422640 -5.250168 142.001763
3183 3.500032 -5.324779 142.001763
3184 3.596709 -5.381161 142.001763
3185 4.003620 -5.453188 142.001763
3186 4.640066 -5.489801 142.001763
3187 5.285978 -5.534545 142.001763
3188 5.927376 -5.638106 142.001763
3189 6.555979 -5.801560 142.001763
3190 7.161324 -6.036807 142.001763
3191 7.744212 -6.324433 142.001763
3192 8.370220 -6.669827 142.001763
3218 11.671420 -8.861816 142.001763
3219 11.671420 -8.861816 142.001763
3220 11.582714 -8.967565 142.001763
3221 11.173841 -8.971592 142.001763
3222 10.576854 -8.757284 142.001763
3223 10.057656 -8.371115 142.001763
3224 9.542507 -7.974881 142.001763
3225 9.007761 -7.605417 142.001763
3226 8.447950 -7.275495 142.001763
3227 7.877921 -6.963213 142.001763
3228 7.305655 -6.655087 142.001763
3279 -23.848982 -0.166595 142.001763
3280 -23.869128 -0.156625 142.001763
3281 -23.929533 -0.053586 142.001763
3282 -23.839953 0.093031 142.001763
3283 -23.413641 0.171819 142.001763
3284 -22.773445 0.160248 142.001763
3285 -22.126579 0.131746 142.001763
3286 -21.484431 0.074374 142.001763
3287 -20.843897 -0.020107 142.001763
3288 -20.202880 -0.127694 142.001763
3289 -19.562484 -0.238992 142.001763
3341 7.161297 -2.146554 142.001763
3342 7.235973 -1.738718 142.001763
3343 7.227709 -1.480229 142.001763
3344 7.099039 -1.112350 142.001763
3345 7.024734 -0.845217 142.001763
3346 6.965290 -0.440652 142.001763
3347 7.007738 0.062284 142.001763
3348 7.066224 0.245372 142.001763
3349 7.175930 0.497432 142.001763
3350 7.324766 0.889584 142.001763
3351 7.349929 1.410424 142.001763
3404 8.779495 6.935641 142.001763
3405 8.944611 6.852047 142.001763
3406 9.410447 6.861128 142.001763
3407 9.921109 7.244813 142.001763
3408 10.330318 7.716996 142.001763
3409 10.748901 8.207287 142.001763
3410 11.210837 8.664448 142.001763
3411 11.703259 9.088234 142.001763
3412 12.214756 9.489273 142.001763
3413 12.709524 9.910790 142.001763
3414 13.232220 10.291608 142.001763
3468 17.974486 13.082022 142.001763
3469 18.101477 12.947523 142.001763
3470 18.438859 12.628275 142.001763
3471 18.423066 12.640545 142.001763
3472 18.580505 12.591178 142.001763
3473 18.987502 12.371692 142.001763
3474 19.347480 11.937293 142.001763
3475 19.523000 11.578544 142.001763
3476 19.580398 11.335275 142.001763
3477 19.723781 10.861705 142.001763
3478 19.856920 10.500475 142.001763
3507 24.428190 4.639757 142.001763
3508 24.428190 4.639757 142.001763
3509 24.491186 4.671781 142.001763
3510 24.603701 4.942885 142.001763
3511 24.377511 5.471271 142.001763
3512 23.921030 5.933555 142.001763
3513 23.464082 6.395583 142.001763
3514 23.039081 6.874064 142.001763
3515 22.658468 7.308103 142.001763
3516 22.309090 7.770973 142.001763
3517 21.979360 8.238841 142.001763
3574 25.694663 18.327250 142.001763
3575 25.793370 18.556859 142.001763
3576 25.970227 19.029101 142.001763
3577 26.043106 19.493008 142.001763
3578 26.104490 19.999258 142.001763
3579 26.158434 20.511414 142.001763
3580 26.240476 21.029733 142.001763
3581 26.372621 21.542498 142.001763
3582 26.602883 22.068976 142.001763
3583 26.814124 22.544132 142.001763
3584 26.957853 22.879626 142.001763
3615 27.060333 23.134815 142.001763
3616 27.060333 23.134815 142.001763
3617 27.060333 23.134815 142.001763
3618 27.060333 23.134815 142.001763
3619 27.060333 23.134815 142.001763
3620 26.989577 23.237353 142.001763
3621 26.939816 23.266068 142.001763
3622 26.939816 23.266068 142.001763
3623 26.939816 23.266068 142.001763
3624 26.939816 23.266068 142.001763
3625 26.970551 23.255851 142.001763
3686 8.037950 1.354723 142.001763
3687 8.037950 1.354723 142.001763
3688 7.949698 1.416903 142.001763
3689 7.906793 1.799610 142.001763
3690 8.081330 2.319875 142.001763
3691 8.461180 2.842318 142.001763
3692 8.882634 3.330516 142.001763
3693 9.091997 3.581907 142.001763
3694 9.296789 3.884032 142.001763
3695 9.556195 4.275909 142.001763
3696 9.747138 4.574937 142.001763
3758 37.533190 19.553414 142.001763
3759 37.533190 19.553414 142.001763
3760 37.533190 19.553414 142.001763
3761 37.493383 19.523720 142.001763
3762 37.315489 19.544903 142.001763
3763 36.914476 19.737250 142.001763
3764 36.371966 19.921507 142.001763
3765 35.724718 19.968853 142.001763
3766 35.080139 19.915453 142.001763
3767 34.477608 19.691869 142.001763
3768 34.115684 19.275889 142.001763
3832 32.410122 10.370542 142.001763
3833 32.410122 10.370542 142.001763
3834 32.410122 10.370542 142.001763
3835 32.387528 10.328487 142.001763
3836 32.325202 10.323885 142.001763
3837 32.261108 10.382207 142.001763
3838 32.238799 10.418381 142.001763
3839 32.138342 10.613541 142.001763
3840 32.118317 11.093267 142.001763
3841 32.210852 11.583882 142.001763
3842 32.337961 12.044085 142.001763
3908 9.483762 19.745941 142.001763
3909 9.483762 19.745941 142.001763
3910 9.557579 19.733106 142.001763
3911 9.457798 19.739709 142.001763
3912 9.397929 19.743671 142.001763
3913 9.557600 19.733381 142.001763
3914 9.457699 19.737830 142.001763
3915 9.377778 19.741389 142.001763
3916 9.460198 19.737756 142.001763
3917 9.360332 19.742941 142.001763
3918 9.335378 19.747104 142.001763
3986 15.409693 27.205161 142.001763
3987 15.409693 27.205161 142.001763
3988 15.409693 27.205161 142.001763
3989 15.409693 27.205161 142.001763
3990 15.408192 27.264620 142.001763
3991 15.306769 27.369014 142.001763
3992 14.934894 27.374740 142.001763
3993 14.545866 27.175121 142.001763
3994 14.375756 26.985217 142.001763
3995 14.012273 26.579153 142.001763
3996 13.502016 26.183114 142.001763
4066 2.982468 26.547255 142.001763
4067 2.982468 26.547255 142.001763
4068 2.982468 26.547255 142.001763
4069 2.982468 26.547255 142.001763
4070 2.977559 26.576768 142.001763
4071 2.866104 26.684117 142.001763
4072 2.755180 26.690168 142.001763
4073 2.675932 26.660758 142.001763
4074 2.606294 26.600677 142.001763
4075 2.488608 26.343775 142.001763
4076 2.477707 25.826348 142.001763
4146 -4.453790 18.649257 142.001763
4147 -4.310471 18.590353 142.001763
4148 -3.941403 18.531992 142.001763
4149 -3.335054 18.655542 142.001763
4150 -2.798235 19.015662 142.001763
4151 -2.265698 19.388014 142.001763
4152 -1.700044 19.707537 142.001763
4153 -1.105156 19.968913 142.001763
4154 -0.500536 20.207481 142.001763
4155 0.101071 20.453577 142.001763
4156 0.710981 20.677835 142.001763
4228 37.936701 27.984012 142.001763
4229 37.984552 27.996689 142.001763
4230 38.107709 27.915124 142.001763
4231 38.192134 27.535110 142.001763
4232 38.184606 27.074796 142.001763
4233 38.123299 26.905735 142.001763
4234 37.991537 26.439769 142.001763
4235 37.961948 25.976259 142.001763
4236 37.978367 25.506546 142.001763
4237 38.001367 25.272708 142.001763
4238 38.026403 24.813433 142.001763
4310 32.437597 8.247211 142.001763
4311 32.437597 8.247211 142.001763
4312 32.437597 8.247211 142.001763
4313 32.437597 8.247211 142.001763
4314 32.321403 8.254342 142.001763
4315 32.188585 8.499692 142.001763
4316 32.140810 9.019076 142.001763
4317 32.243975 9.526605 142.001763
4318 32.373761 9.977618 142.001763
4319 32.476806 10.435178 142.001763
4320 32.530635 10.681969 142.001763
4392 0.729958 18.528217 142.001763
4393 0.177668 18.335480 142.001763
4394 -0.429489 18.103729 142.001763
4395 -1.026083 17.845961 142.001763
4396 -1.609376 17.559223 142.001763
4397 -2.190080 17.267202 142.001763
4398 -2.764251 16.962576 142.001763
4399 -3.332741 16.652622 142.001763
4400 -3.906347 16.346902 142.001763
4401 -4.479369 16.040097 142.001763
4402 -5.049925 15.728715 142.001763
4474 -10.651136 -0.540939 142.001763
4475 -10.651136 -0.540939 142.001763
4476 -10.651136 -0.540939 142.001763
4477 -10.651136 -0.540939 142.001763
4478 -10.651136 -0.540939 142.001763
4479 -10.651136 -0.540939 142.001763
4480 -10.651136 -0.540939 142.001763
4481 -10.651136 -0.540939 142.001763
4482 -10.651136 -0.540939 142.001763
4483 -10.651136 -0.540939 142.001763
4484 -10.651136 -0.540939 142.001763
4556 -10.651136 -0.540939 142.001763
4557 -10.651136 -0.540939 142.001763
4558 -10.651136 -0.540939 142.001763
4559 -10.651136 -0.540939 142.001763
4560 -10.651136 -0.540939 142.001763
4561 -10.651136 -0.540939 142.001763
4562 -10.651136 -0.540939 142.001763
4563 -10.651136 -0.540939 142.001763
4564 -10.651136 -0.540939 142.001763
4565 -10.651136 -0.540939 142.001763
4566 -10.651136 -0.540939 142.001763
4640 -10.651136 -0.540939 142.001763
4641 -10.651998 -0.550902 142.001763
4642 -10.732833 -0.653493 142.001763
4643 -10.902778 -0.632321 142.001763
4644 -11.090083 -0.276857 142.001763
4645 -11.126330 0.035137 142.001763
4646 -11.029596 0.350304 142.001763
4647 -10.863956 0.811366 142.001763
4648 -10.784423 1.043023 142.001763
4649 -10.649592 1.430215 142.001763
4650 -10.549509 1.786130 142.001763
4723 -9.984665 27.434662 142.001763
4724 -9.837016 27.452626 142.001763
4725 -9.672908 27.232309 142.001763
4726 -9.609577 26.767293 142.001763
4727 -9.626704 26.272600 142.001763
4728 -9.640807 26.058068 142.001763
4729 -9.624572 25.569038 142.001763
4730 -9.499361 25.050201 142.001763
4731 -9.300411 24.630187 142.001763
4732 -9.173136 24.456985 142.001763
4733 -8.885454 24.036024 142.001763
4808 -6.657407 0.885317 142.001763
4809 -6.657407 0.885317 142.001763
4810 -6.657407 0.885317 142.001763
4811 -6.657407 0.885317 142.001763
4812 -6.657407 0.885317 142.001763
4813 -6.657407 0.885317 142.001763
4814 -6.657407 0.885317 142.001763
4815 -6.657407 0.885317 142.001763
4816 -6.657407 0.885317 142.001763
4817 -6.657407 0.885317 142.001763
4818 -6.657407 0.885317 142.001763
4894 -6.561846 0.438375 142.001763
4895 -6.587686 0.398734 142.001763
4896 -6.889746 0.317193 142.001763
4897 -7.350737 0.665376 142.001763
4898 -7.496603 1.015893 142.001763
4899 -7.572430 1.269796 142.001763
4900 -7.712880 1.749652 142.001763
4901 -7.912138 2.239275 142.001763
4902 -8.219176 2.712784 142.001763
4903 -8.609174 3.194736 142.001763
4904 -9.024613 3.681547 142.001763
4979 -21.357782 18.082717 142.001763
4980 -21.441077 18.286283 142.001763
4981 -21.709129 18.724787 142.001763
4982 -21.993576 19.123663 142.001763
4983 -22.218690 19.486805 142.001763
4984 -22.326661 19.728804 142.001763
4985 -22.523761 20.166404 142.001763
4986 -22.709778 20.662378 142.001763
4987 -22.796831 20.944199 142.001763
4988 -22.796831 20.944199 142.001763
4989 -22.777525 20.949327 142.001763
5066 -21.229364 29.744797 142.001763
5067 -21.070926 29.649452 142.001763
5068 -20.911766 29.424823 142.001763
5069 -20.813652 28.920183 142.001763
5070 -20.798711 28.450503 142.001763
5071 -20.756508 27.987429 142.001763
5072 -20.689994 27.799288 142.001763
5073 -20.546950 27.389085 142.001763
5074 -20.509937 27.192591 142.001763
5075 -20.404847 26.724243 142.001763
5076 -20.303641 26.306366 142.001763
5154 -17.496170 17.710953 142.001763
5155 -16.920304 17.623290 142.001763
5156 -16.277749 17.525201 142.001763
5157 -15.637011 17.416109 142.001763
5158 -15.002325 17.301387 142.001763
5159 -14.362702 17.186831 142.001763
5160 -13.737273 17.019408 142.001763
5161 -13.109184 16.852068 142.001763
5162 -12.496244 16.638690 142.001763
5163 -11.986721 16.246095 142.001763
5164 -11.722584 15.835995 142.001763
5241 -8.739554 -0.611424 142.001763
5242 -8.645370 -0.599087 142.001763
5243 -8.645370 -0.599087 142.001763
5244 -8.645370 -0.599087 142.001763
5245 -8.645370 -0.599087 142.001763
5246 -8.645370 -0.599087 142.001763
5247 -8.664263 -0.605570 142.001763
5248 -8.822649 -0.551440 142.001763
5249 -8.914843 -0.398718 142.001763
5250 -8.923818 -0.364890 142.001763
5251 -8.933668 -0.074717 142.001763
5328 6.999375 20.806603 142.001763
5329 7.638873 20.889557 142.001763
5330 8.288156 20.884362 142.001763
5331 8.933252 20.828629 142.001763
5332 9.576213 20.777435 142.001763
5333 10.222164 20.732869 142.001763
5334 10.868981 20.703227 142.001763
5335 11.515909 20.676046 142.001763
5336 12.160594 20.655957 142.001763
5337 12.807511 20.629261 142.001763
5338 13.454214 20.597171 142.001763
5416 19.468171 17.856176 142.001763
5417 19.468171 17.856176 142.001763
5418 19.468171 17.856176 142.001763
5419 19.468171 17.856176 142.001763
5420 19.468171 17.856176 142.001763
5421 19.468171 17.856176 142.001763
5422 19.468171 17.856176 142.001763
5423 19.468171 17.856176 142.001763
5424 19.468171 17.856176 142.001763
5425 19.468171 17.856176 142.001763
5426 19.468171 17.856176 142.001763
5503 19.490608 17.829313 142.001763
5504 19.577018 17.701366 142.001763
5505 19.633350 17.327609 142.001763
5506 19.627479 16.931955 142.001763
5507 19.537224 16.640649 142.001763
5508 19.392947 16.172415 142.001763
5509 19.184828 15.636446 142.001763
5510 19.008275 15.233443 142.001763
5511 18.970259 15.037274 142.001763
5512 18.843377 14.554269 142.001763
5513 18.493993 14.024097 142.001763
5591 -8.328345 -4.091714 142.001763
5592 -8.891537 -3.820860 142.001763
5593 -9.490537 -3.582318 142.001763
5594 -10.112663 -3.395020 142.001763
5595 -10.739213 -3.222037 142.001763
5596 -11.367691 -3.056187 142.001763
5597 -12.000484 -2.907770 142.001763
5598 -12.603273 -2.679488 142.001763
5599 -13.100854 -2.272697 142.001763
5600 -13.497370 -1.803146 142.001763
5601 -13.900865 -1.321613 142.001763
5679 -32.493612 20.972486 142.001763
5680 -32.332105 21.143185 142.001763
5681 -31.928265 21.485685 142.001763
5682 -31.470893 21.905663 142.001763
5683 -31.233484 22.278137 142.001763
5684 -31.132814 22.501434 142.001763
5685 -30.934080 22.943484 142.001763
5686 -30.803052 23.415152 142.001763
5687 -30.706637 23.926128 142.001763
5688 -30.590702 24.381287 142.001763
5689 -30.423770 24.841811 142.001763
5766 -28.001637 55.426631 142.001763
5767 -28.070753 55.785018 142.001763
5768 -28.117166 56.104026 142.001763
5769 -28.132872 56.403509 142.001763
5770 -28.139766 56.975963 142.001763
5771 -28.140892 57.485962 142.001763
5772 -28.136993 57.995902 142.001763
5773 -28.119282 58.265162 142.001763
5774 -28.077131 58.617629 142.001763
5775 -28.058790 58.946961 142.001763
5776 -28.054601 59.306937 142.001763
5853 -20.064198 83.925437 142.001763
5854 -19.416698 83.925337 142.001763
5855 -18.804198 83.925243 142.001763
5856 -18.439198 83.925187 142.001763
5934 -18.104203 83.924185 142.001763
5935 -18.107048 83.914599 142.001763
5936 -18.290906 83.781444 142.001763
5937 -18.813011 83.807223 142.001763
5938 -19.446663 83.913078 142.001763
5939 -20.088331 83.999284 142.001763
5940 -20.733300 84.055718 142.001763
5941 -21.372861 84.145982 142.001763
5942 -21.947276 84.443238 142.001763
5943 -22.425639 84.882201 142.001763
5944 -22.896758 85.329594 142.001763
6021 -28.337082 111.363231 142.001763
6022 -28.337082 111.363231 142.001763
6023 -28.379003 111.417849 142.001763
6024 -28.404699 111.433092 142.001763
6025 -28.498973 111.421134 142.001763
6026 -28.599757 111.257484 142.001763
6027 -28.600125 110.803483 142.001763
6028 -28.551439 110.361216 142.001763
6029 -28.488797 110.155650 142.001763
6030 -28.414125 109.702667 142.001763
6031 -28.403835 109.302938 142.001763
6109 -25.646657 92.899899 142.001763
6110 -25.646657 92.899899 142.001763
6111 -25.646657 92.899899 142.001763
6112 -25.666075 92.895212 142.001763
6113 -25.783266 92.965570 142.001763
6114 -25.901725 93.357403 142.001763
6115 -25.889268 93.878403 142.001763
6116 -25.827622 94.080058 142.001763
6117 -25.689122 94.433167 142.001763
6118 -25.612907 94.936627 142.001763
6119 -25.634053 95.104984 142.001763
6197 -30.012763 124.017284 142.001763
6198 -30.036057 124.421475 142.001763
6199 -30.089089 124.963869 142.001763
6200 -30.094388 125.128783 142.001763
6201 -30.134524 125.601908 142.001763
6202 -30.182417 125.892817 142.001763
6203 -30.289070 126.199716 142.001763
6204 -30.394142 126.543734 142.001763
6205 -30.493117 126.853152 142.001763
6206 -30.652877 127.379301 142.001763
6207 -30.680096 127.516629 142.001763
6285 -35.119362 139.113549 142.001763
6286 -35.049105 138.864555 142.001763
6287 -35.274242 138.356877 142.001763
6288 -35.679303 137.853604 142.001763
6289 -36.128562 137.387505 142.001763
6290 -36.590513 136.942770 142.001763
6291 -37.007479 136.481716 142.001763
6292 -37.279247 136.017199 142.001763
6293 -37.460365 135.564905 142.001763
6294 -37.510502 135.349316 142.001763
6295 -37.495147 134.935494 142.001763
6373 -31.419371 105.752512 142.001763
6374 -31.422262 105.292607 142.001763
6375 -31.400871 105.086773 142.001763
6376 -31.363987 104.668906 142.001763
6377 -31.380979 104.214423 142.001763
6378 -31.410766 104.036961 142.001763
6379 -31.430974 103.578013 142.001763
6380 -31.385830 103.313690 142.001763
6381 -31.211675 102.942659 142.001763
6382 -31.008097 102.437918 142.001763
6383 -30.913890 101.972997 142.001763
6461 -44.369181 95.644407 142.001763
6462 -44.446397 95.707197 142.001763
6463 -44.453689 95.714040 142.001763
6464 -44.437118 95.815918 142.001763
6465 -44.190235 95.925729 142.001763
6466 -43.631492 95.991484 142.001763
6467 -42.989216 95.933594 142.001763
6468 -42.344013 95.880350 142.001763
6469 -41.696711 95.870438 142.001763
6470 -40.984383 95.885921 142.001763
6471 -40.339574 95.901597 142.001763
6550 -34.632214 90.486315 142.001763
6551 -34.632214 90.486315 142.001763
6552 -34.698216 90.394254 142.001763
6553 -35.048626 90.256351 142.001763
6554 -35.661035 90.224962 142.001763
6555 -36.369170 90.303226 142.001763
6556 -37.016188 90.319310 142.001763
6557 -37.663431 90.331841 142.001763
6558 -38.307658 90.415242 142.001763
6559 -38.944510 90.545282 142.001763
6560 -39.578472 90.676838 142.001763
6639 -42.684976 90.920686 142.001763
6640 -42.684976 90.920686 142.001763
6641 -42.635356 90.943463 142.001763
6642 -42.538677 91.170837 142.001763
6643 -42.742520 91.526125 142.001763
6644 -43.352156 91.681680 142.001763
6645 -43.999724 91.628238 142.001763
6646 -44.642842 91.553142 142.001763
6647 -45.288850 91.510034 142.001763
6648 -45.938312 91.483647 142.001763
6649 -46.584371 91.417919 142.001763
6728 -47.709662 90.804259 142.001763
6729 -47.709662 90.804259 142.001763
6730 -47.709662 90.804259 142.001763
6731 -47.709662 90.804259 142.001763
6732 -47.789955 90.854848 142.001763
6733 -47.812256 91.162376 142.001763
6734 -47.381502 91.538498 142.001763
6735 -46.744683 91.614697 142.001763
6736 -46.095563 91.587561 142.001763
6737 -45.449558 91.544986 142.001763
6738 -44.804684 91.532668 142.001763
6818 -41.286059 77.360252 142.001763
6819 -41.909690 77.177098 142.001763
6820 -42.527938 76.976956 142.001763
6821 -43.130378 76.733295 142.001763
6822 -43.703140 76.427308 142.001763
6823 -44.193923 76.005100 142.001763
6824 -44.555680 75.486611 142.001763
6825 -44.814743 75.030346 142.001763
6826 -44.938764 74.802603 142.001763
6830 -45.627799 73.517716 142.001763
6831 -45.838416 72.988973 142.001763
6911 -49.619435 66.672544 142.001763
6912 -49.516579 66.634570 142.001763
6913 -49.114706 66.694655 142.001763
6914 -48.681706 67.145764 142.001763
6915 -48.586250 67.378940 142.001763
6916 -48.478687 67.701462 142.001763
6917 -48.317779 68.116210 142.001763
6918 -48.313633 68.125311 142.001763
6919 -48.204297 68.366702 142.001763
6920 -47.978576 68.857251 142.001763
6921 -47.700359 69.380085 142.001763
7001 -31.270791 62.930182 142.001763
7002 -31.270791 62.930182 142.001763
7003 -31.320270 62.928689 142.001763
7004 -31.432161 63.045384 142.001763
7005 -31.477929 63.429356 142.001763
7006 -31.440679 63.911226 142.001763
7007 -31.384950 64.264233 142.001763
7008 -31.323033 64.516659 142.001763
7009 -31.276789 64.963937 142.001763
7010 -31.290861 65.180827 142.001763
7011 -31.312368 65.630240 142.001763
7092 -31.478618 96.376475 142.001763
7093 -31.481134 96.631461 142.001763
7094 -31.490225 97.086333 142.001763
7095 -31.483255 97.386126 142.001763
7096 -31.459517 97.740304 142.001763
7097 -31.462810 98.260190 142.001763
7098 -31.474983 98.739959 142.001763
7099 -31.486371 99.039473 142.001763
7100 -31.510222 99.388551 142.001763
7101 -31.514897 99.863438 142.001763
7102 -31.464951 100.335218 142.001763
7184 -40.575933 124.031828 142.001763
7185 -40.477269 123.929011 142.001763
7186 -40.393308 123.843303 142.001763
7187 -40.211371 123.726647 142.001763
7188 -39.784515 123.674366 142.001763
7189 -39.147141 123.605857 142.001763
7190 -38.501527 123.530536 142.001763
7191 -37.959178 123.476896 142.001763
7192 -37.653727 123.428827 142.001763
7193 -37.395054 123.204445 142.001763
7194 -37.224370 122.735663 142.001763
7275 -30.885221 92.717987 142.001763
7276 -30.898875 92.691340 142.001763
7277 -30.985442 92.644741 142.001763
7278 -31.110650 92.733797 142.001763
7279 -31.240560 93.124397 142.001763
7280 -31.254640 93.594743 142.001763
7281 -31.177480 94.012674 142.001763
7282 -31.096446 94.211634 142.001763
7283 -30.995436 94.597642 142.001763
7284 -30.966080 95.081052 142.001763
7285 -30.985491 95.540519 142.001763
7366 -44.645379 125.994026 142.001763
7367 -44.645379 125.994026 142.001763
7368 -44.654009 125.999078 142.001763
7369 -44.722021 126.003489 142.001763
7370 -44.843980 125.865291 142.001763
7371 -44.886779 125.399902 142.001763
7372 -44.868977 125.121215 142.001763
7373 -44.770652 124.806394 142.001763
7374 -44.707828 124.301051 142.001763
7375 -44.693598 124.004156 142.001763
7376 -44.583403 123.720373 142.001763
7457 -30.879626 92.624066 142.001763
7458 -30.896620 92.319561 142.001763
7459 -30.905507 91.789658 142.001763
7460 -30.892882 91.314935 142.001763
7461 -30.885887 91.030203 142.001763
7462 -30.897544 90.700422 142.001763
7463 -30.902421 90.170453 142.001763
7464 -30.888424 89.668248 142.001763
7465 -30.881312 89.205899 142.001763
7466 -30.879824 88.901115 142.001763
7467 -30.840059 88.621483 142.001763
7548 -30.444239 58.698402 142.001763
7549 -30.519804 58.153891 142.001763
7550 -30.600556 57.688428 142.001763
7551 -30.628657 57.409959 142.001763
7552 -30.643236 57.045284 142.001763
7553 -30.632350 56.760966 142.001763
7554 -30.584625 56.399326 142.001763
7555 -30.574129 56.114636 142.001763
7556 -30.577978 55.749656 142.001763
7557 -30.583783 55.464758 142.001763
7558 -30.597135 55.100016 142.001763
7639 -31.544456 22.969229 142.001763
7640 -31.637656 22.705362 142.001763
7641 -31.764305 22.191744 142.001763
7642 -31.786374 21.717664 142.001763
7643 -31.929496 21.170880 142.001763
7644 -32.262766 20.738113 142.001763
7645 -32.743423 20.300820 142.001763
7646 -33.234308 19.874753 142.001763
7647 -33.729839 19.454121 142.001763
7648 -34.225508 19.033640 142.001763
7649 -34.710673 18.601123 142.001763
7730 -39.309280 -11.194336 142.001763
7731 -39.346729 -11.174634 142.001763
7732 -39.375545 -11.135400 142.001763
7733 -39.372472 -11.125884 142.001763
7734 -39.297851 -11.046332 142.001763
7735 -38.932938 -10.952949 142.001763
7736 -38.323748 -10.943842 142.001763
7737 -37.679731 -10.979299 142.001763
7738 -37.032452 -10.992171 142.001763
7739 -36.387869 -10.970835 142.001763
7740 -35.741816 -10.927787 142.001763
7821 3.134688 -4.609277 142.001763
7822 3.134688 -4.609277 142.001763
7823 3.126826 -4.638125 142.001763
7824 2.968143 -4.734400 142.001763
7825 2.863771 -4.745873 142.001763
7826 2.729554 -4.760375 142.001763
7827 2.296522 -4.739662 142.001763
7828 1.662318 -4.653752 142.001763
7829 1.018265 -4.587681 142.001763
7830 0.374164 -4.554868 142.001763
7831 -0.273244 -4.553200 142.001763
7912 -37.779416 -10.801796 142.001763
7913 -38.273986 -10.954089 142.001763
7914 -38.892780 -11.111589 142.001763
7915 -39.534018 -11.198578 142.001763
7916 -40.180566 -11.233241 142.001763
7917 -40.824875 -11.263072 142.001763
7918 -41.471620 -11.291458 142.001763
7919 -42.113524 -11.375300 142.001763
7920 -42.755531 -11.476902 142.001763
7921 -43.397631 -11.560236 142.001763
7922 -44.039449 -11.645722 142.001763
8003 -54.004450 -10.432610 142.001763
8004 -53.868810 -10.550910 142.001763
8005 -53.472869 -10.847701 142.001763
8006 -52.910640 -11.173172 142.001763
8007 -52.317393 -11.423971 142.001763
8008 -51.683259 -11.549871 142.001763
8009 -51.039311 -11.581553 142.001763
8010 -50.392093 -11.593495 142.001763
8011 -49.745587 -11.629068 142.001763
8012 -49.098354 -11.646986 142.001763
8013 -48.453465 -11.640428 142.001763
8095 -10.577269 -3.444083 142.001763
8096 -10.013806 -3.601312 142.001763
8097 -9.389805 -3.783286 142.001763
8098 -8.764050 -3.959108 142.001763
8099 -8.139656 -4.130277 142.001763
8100 -7.514822 -4.308968 142.001763
8101 -6.901459 -4.522502 142.001763
8102 -6.309939 -4.779515 142.001763
8103 -5.689791 -4.952604 142.001763
8104 -5.048690 -5.042262 142.001763
8105 -4.404521 -5.070449 142.001763
8186 7.655630 1.115223 142.001763
8187 7.730989 1.316366 142.001763
8188 7.903848 1.726413 142.001763
8189 7.999905 1.918761 142.001763
8190 8.233967 2.366192 142.001763
8191 8.518587 2.842522 142.001763
8192 8.806379 3.254396 142.001763
8193 8.947907 3.416197 142.001763
8194 9.265283 3.814943 142.001763
8195 9.473939 4.153141 142.001763
8196 9.635890 4.362831 142.001763
8278 32.341588 -1.149755 142.001763
8279 32.341588 -1.149755 142.001763
8280 32.449879 -1.008785 142.001763
8281 32.370066 -0.550602 142.001763
8282 31.883965 -0.143882 142.001763
8283 31.262681 0.031247 142.001763
8284 30.618106 0.086901 142.001763
8285 29.974644 0.169785 142.001763
8286 29.414294 0.480227 142.001763
8287 28.987030 0.959638 142.001763
8288 28.607128 1.462160 142.001763
8370 7.688714 20.271210 142.001763
8371 7.995975 20.404664 142.001763
8372 8.570341 20.590824 142.001763
8373 9.210210 20.668087 142.001763
8374 9.857438 20.684066 142.001763
8375 10.504904 20.690553 142.001763
8376 11.152404 20.689918 142.001763
8377 11.797404 20.689286 142.001763
8378 12.444650 20.674762 142.001763
8379 13.091586 20.647791 142.001763
8380 13.738152 20.613024 142.001763
8462 24.120202 12.203584 142.001763
8463 23.872111 12.168962 142.001763
8464 23.359979 11.996275 142.001763
8465 22.844456 11.671486 142.001763
8466 22.250072 11.424372 142.001763
8467 21.627905 11.452862 142.001763
8468 21.170277 11.867799 142.001763
8469 21.049479 12.328905 142.001763
8470 20.959648 12.789134 142.001763
8471 20.772085 13.241527 142.001763
8472 20.545415 13.703845 142.001763
8553 -9.712026 30.860904 142.001763
8635 -9.841868 30.971755 142.001763
8636 -9.751933 30.908837 142.001763
8637 -9.618828 30.629664 142.001763
8638 -9.578324 30.116375 142.001763
8639 -9.552939 29.848229 142.001763
8640 -9.439549 29.449034 142.001763
8641 -9.338777 28.954297 142.001763
8642 -9.320197 28.790348 142.001763
8643 -9.232329 28.334054 142.001763
8644 -9.084546 27.840810 142.001763
8645 -8.937423 27.326444 142.001763
8727 15.732320 12.189464 142.001763
8728 15.722465 12.191159 142.001763
8729 15.615618 12.305243 142.001763
8730 15.696706 12.716320 142.001763
8731 16.176995 13.140020 142.001763
8732 16.750656 13.439985 142.001763
8733 17.375239 13.618881 142.001763
8734 18.002579 13.778967 142.001763
8735 18.578227 14.011725 142.001763
8736 19.004573 14.447278 142.001763
8737 19.228541 14.915489 142.001763
8820 -7.161827 7.859414 142.001763
8821 -7.161827 7.859414 142.001763
8822 -7.189087 7.820857 142.001763
8823 -7.421085 7.757564 142.001763
8824 -7.720067 8.050532 142.001763
8825 -7.806391 8.506418 142.001763
8826 -7.789058 9.034914 142.001763
8827 -7.718774 9.524830 142.001763
8828 -7.667214 9.773936 142.001763
8829 -7.554784 10.141900 142.001763
8830 -7.518874 10.413756 142.001763
8912 16.500437 12.705636 142.001763
8913 15.918280 12.416575 142.001763
8914 15.348928 12.103450 142.001763
8915 15.238814 12.034353 142.001763
8916 15.139255 11.967363 142.001763
8917 14.798238 11.713988 142.001763
8918 14.317772 11.291247 142.001763
8919 13.839018 10.855327 142.001763
8920 13.388870 10.413485 142.001763
8921 13.067404 9.965544 142.001763
8922 12.816171 9.440992 142.001763
9004 -21.219256 -0.353004 142.001763
9005 -21.428542 -0.246372 142.001763
9006 -21.927128 -0.056449 142.001763
9007 -22.573712 -0.012794 142.001763
9008 -23.218413 -0.091382 142.001763
9009 -23.856679 -0.214013 142.001763
9010 -24.492348 -0.349731 142.001763
9011 -25.127931 -0.485849 142.001763
9012 -25.762316 -0.627204 142.001763
9013 -26.392417 -0.786738 142.001763
9014 -27.023363 -0.942921 142.001763
9097 -27.521363 -32.232957 153.227220
9098 -27.600620 -32.310058 155.236146
9099 -27.950872 -32.294373 155.236146
9100 -28.258706 -31.825725 155.236146
9101 -28.262980 -31.337258 155.236146
9102 -28.297404 -30.813628 155.236146
9103 -28.451049 -30.292699 157.413154
9104 -28.779506 -29.755850 157.413154
9105 -29.140194 -29.257761 157.413154
9106 -29.532129 -28.748750 157.413154
9107 -29.878969 -28.309156 157.413154
9151 -39.721558 -24.261365 157.265702
9152 -39.615860 -24.345017 157.265702
9153 -39.286980 -24.457366 157.265702
9154 -38.675309 -24.461290 157.265702
9155 -38.028493 -24.433042 157.265702
9156 -37.381454 -24.452437 157.265702
9157 -36.737251 -24.516699 157.265702
9158 -36.222111 -24.587598 157.265702
9159 -35.454439 -24.710793 157.265702
9160 -34.814514 -24.809306 157.265702
9161 -34.172947 -24.896710 157.265702
9247 -29.692514 -46.166273 171.315910
9248 -29.647786 -46.370854 171.315910
9249 -29.906118 -46.681069 171.315910
9250 -30.526900 -46.801725 171.315910
9251 -31.176539 -46.820113 171.315910
9252 -31.822965 -46.886370 171.315910
9253 -32.461319 -47.007106 171.315910
9254 -33.090516 -47.170049 171.495601
9255 -33.681798 -47.428293 171.495601
9256 -34.186560 -47.835716 171.495601
9257 -34.618438 -48.317845 171.495601
9305 -39.856573 -53.505345 174.861377
9306 -39.657578 -53.687166 174.861377
9307 -39.338266 -54.163981 174.861377
9308 -39.212061 -54.402421 174.861377
9309 -39.055604 -54.759650 174.861377
9310 -38.769726 -55.286414 174.861377
9311 -38.388823 -55.796851 174.861377
9312 -37.971327 -56.285207 174.861377
9313 -37.549504 -56.773143 175.060507
9314 -37.139372 -57.267700 175.060507
9315 -36.742665 -57.750648 175.060507
9414 -29.264601 -61.498346 187.160950
9415 -29.264601 -61.498346 187.160950
9416 -29.256313 -61.492751 187.160950
9417 -29.187401 -61.372235 187.160950
9418 -29.128565 -60.937555 187.160950
9419 -29.113060 -60.397786 187.160950
9420 -29.085166 -59.888704 187.160950
9421 -29.048798 -59.638948 187.160950
9422 -28.956510 -59.254906 187.160950
9423 -28.926136 -59.045076 187.160950
9424 -28.864997 -58.634688 187.160950
9477 -26.688728 -38.043311 186.646032
9478 -26.688728 -38.043311 186.646032
9479 -26.699122 -38.026232 186.646032
9480 -26.880149 -37.888460 186.646032
9481 -27.353135 -37.884208 186.646032
9482 -27.806268 -38.320839 186.646032
9483 -28.019419 -38.849018 186.646032
9484 -28.066603 -39.324271 186.646032
9485 -28.057899 -39.624095 186.646032
9486 -28.068806 -40.013864 186.646032
9487 -28.102960 -40.308288 186.646032
9596 -14.139593 -52.884959 186.646032
9597 -14.399070 -52.846891 186.646032
9598 -14.953109 -52.891762 186.646032
9599 -15.594434 -52.979547 186.646032
9600 -16.236747 -53.037942 186.646032
9601 -16.881044 -53.067527 186.646032
9602 -17.524698 -53.151850 186.646032
9603 -18.148944 -53.332678 186.646032
9604 -18.648919 -53.443305 186.646032
9605 -18.678642 -53.447374 186.646032
9606 -18.935067 -53.490155 186.646032
9720 -46.110886 -58.553381 186.646032
9721 -46.084672 -58.592714 186.646032
9722 -46.125977 -58.888730 186.646032
9723 -46.580458 -59.254756 186.646032
9724 -47.163002 -59.541487 186.646032
9725 -47.750852 -59.818331 186.646032
9726 -48.302146 -60.161807 186.646032
9727 -48.662163 -60.439872 186.646032
9728 -48.677477 -60.452736 186.646032
9729 -48.889846 -60.642675 186.646032
9730 -49.290886 -61.054702 186.646032
9787 -54.400599 -63.935770 186.646032
9788 -54.391782 -63.931052 186.646032
9789 -54.292191 -63.739273 186.646032
9790 -54.417004 -63.313840 186.646032
9791 -54.568305 -63.109119 186.646032
9792 -54.918978 -62.760103 186.646032
9793 -55.338526 -62.287864 186.646032
9794 -55.567453 -61.905191 186.646032
9795 -55.656916 -61.677507 186.646032
9796 -55.645777 -61.192891 186.646032
9797 -55.552755 -60.809246 186.646032
9912 -56.293968 -52.896336 186.646032
9913 -56.080477 -52.909593 186.646032
9914 -55.617952 -52.711796 186.646032
9915 -55.308464 -52.317121 186.646032
9916 -55.068886 -51.827751 186.646032
9917 -54.849473 -51.436302 186.646032
9918 -54.696398 -51.258198 186.646032
9919 -54.361173 -50.847805 186.646032
9920 -54.127497 -50.454675 186.646032
9921 -53.776495 -49.913655 186.646032
9922 -53.429650 -49.455077 186.646032
10039 -19.326176 -39.038636 186.646032
10040 -19.112925 -39.062919 186.646032
10041 -18.604474 -39.026235 186.646032
10042 -17.957438 -39.019401 186.646032
10043 -17.330375 -39.042811 186.646032
10044 -16.940646 -39.057360 186.646032
10045 -16.765768 -39.063889 186.646032
10046 -16.672083 -39.067386 186.646032
10047 -16.672083 -39.067386 186.646032
10048 -16.672083 -39.067386 186.646032
10049 -16.672083 -39.067386 186.646032
10166 -16.672083 -39.067386 186.646032
10167 -16.672083 -39.067386 186.646032
10168 -16.672083 -39.067386 186.646032
10169 -16.672083 -39.067386 186.646032
10170 -16.672083 -39.067386 186.646032
10171 -16.672083 -39.067386 186.646032
10172 -16.672083 -39.067386 186.646032
10173 -16.672083 -39.067386 186.646032
10174 -16.672083 -39.067386 186.646032
10175 -16.672083 -39.067386 186.646032
10176 -16.672083 -39.067386 186.646032
10293 -16.672083 -39.067386 186.646032
10294 -16.672083 -39.067386 186.646032
10295 -16.672083 -39.067386 186.646032
10296 -16.672083 -39.067386 186.646032
10297 -16.672083 -39.067386 186.646032
10298 -16.672083 -39.067386 186.646032
10299 -16.672083 -39.067386 186.646032
10300 -16.672083 -39.067386 186.646032
10301 -16.672083 -39.067386 186.646032
10302 -16.672083 -39.067386 186.646032
10303 -16.672083 -39.067386 186.646032
10421 -16.672083 -39.067386 186.646032
10422 -16.672083 -39.067386 186.646032
10423 -16.672083 -39.067386 186.646032
10424 -16.672083 -39.067386 186.646032
10541 -16.727338 -39.044821 186.646032
10542 -16.727338 -39.044821 186.646032
10543 -16.652363 -38.904004 186.646032
10544 -16.749348 -38.580925 186.646032
10545 -17.282393 -38.338419 186.646032
10546 -17.931266 -38.340305 186.646032
10547 -18.576319 -38.396485 186.646032
10548 -18.770541 -38.413882 186.646032
10549 -18.920022 -38.426255 186.646032
10550 -19.369889 -38.436227 186.646032
10551 -20.012365 -38.441461 186.646032
10668 -17.749953 -44.763777 186.646032
10669 -17.715711 -44.727559 186.646032
10670 -17.653643 -44.436142 186.646032
10671 -17.910841 -44.090426 186.646032
10672 -18.524917 -43.933891 186.646032
10673 -19.171239 -43.895550 186.646032
10674 -19.817851 -43.863098 186.646032
10675 -20.465274 -43.867268 186.646032
10676 -21.110029 -43.884990 186.646032
10677 -21.175002 -43.886868 186.646032
10678 -21.354878 -43.893486 186.646032
10796 -26.274304 -77.706710 195.155992
10797 -26.274304 -77.706710 195.155992
10798 -26.217155 -77.608317 195.155992
10799 -26.236344 -77.394510 195.155992
10800 -26.513826 -77.179627 195.155992
10801 -27.110015 -77.114283 195.155992
10802 -27.757421 -77.118222 195.155992
10803 -28.403486 -77.076500 195.155992
10804 -29.044628 -76.987786 195.733342
10805 -29.681710 -76.859090 195.733342
10806 -30.313387 -76.716898 195.733342
10928 -39.731809 -75.724208 196.587134
10929 -39.464730 -75.849208 196.587134
10930 -38.908457 -76.057447 196.587134
10931 -38.273391 -76.167177 196.587134
10932 -37.632507 -76.239628 196.587134
10933 -36.988929 -76.330483 196.587134
10934 -36.352243 -76.433597 196.587134
10935 -35.711614 -76.543346 196.587134
10936 -35.072794 -76.663266 196.587134
10937 -34.441555 -76.807352 196.587134
10938 -33.821382 -76.965328 196.587134
11065 -31.485098 -87.612712 211.778426
11066 -31.463387 -87.640052 211.778426
11067 -31.471346 -87.924368 211.778426
11068 -31.701315 -88.429080 211.778426
11069 -32.011650 -88.916266 211.778426
11070 -32.462463 -89.384309 211.778426
11071 -32.934402 -89.831253 211.778426
11072 -33.399143 -90.285654 211.778426
11073 -33.849112 -90.754698 211.741403
11074 -34.208538 -91.140737 211.741403
11075 -34.337285 -91.348991 211.741403
11143 -35.843234 -93.530654 213.258767
11144 -35.841651 -93.540528 213.258767
11145 -35.893149 -93.645893 213.258767
11146 -36.237295 -93.689379 213.258767
11147 -36.732917 -93.328890 213.258767
11148 -37.153396 -92.841272 213.258767
11149 -37.468487 -92.378449 213.258767
11150 -37.868833 -91.873134 213.258767
11151 -38.344583 -91.432593 213.258767
11152 -38.896916 -91.090240 213.258767
11153 -39.454134 -90.755643 213.258767
11292 -45.121018 -85.955119 213.455058
11293 -44.870221 -86.067721 213.455058
11294 -44.342751 -86.342907 213.455058
11295 -43.746555 -86.599914 213.455058
11296 -43.126130 -86.775382 213.455058
11297 -42.496847 -86.927858 213.455058
11298 -41.865500 -87.082433 213.455058
11299 -41.239408 -87.247508 213.455058
11300 -40.549297 -87.434456 213.455058
11301 -39.919473 -87.595069 213.455058
11302 -39.290459 -87.758687 213.455058
11444 -21.492490 -86.370523 213.258767
11445 -21.492490 -86.370523 213.258767
11446 -21.492490 -86.370523 213.258767
11447 -21.492490 -86.370523 213.258767
11448 -21.498233 -86.321230 213.258767
11449 -21.656325 -86.197310 213.258767
11450 -22.139905 -86.273746 213.258767
11451 -22.729717 -86.545286 213.258767
11452 -23.291250 -86.872579 213.258767
11453 -23.866097 -87.175617 213.258767
11454 -24.469287 -87.416967 213.258767
11597 -47.448501 -77.321293 213.258767
11598 -47.270342 -77.370783 213.258767
11599 -46.788508 -77.388043 213.258767
11600 -46.210762 -77.106424 213.258767
11601 -45.686158 -76.722817 213.258767
11602 -45.125406 -76.395518 213.258767
11603 -44.511310 -76.185169 213.258767
11604 -43.875546 -76.080515 213.258767
11605 -43.101155 -76.072740 213.258767
11606 -42.585313 -76.113686 213.258767
11607 -41.940443 -76.171759 213.258767
11751 -29.992805 -106.210022 226.009959
11752 -29.956473 -106.193660 226.009959
11753 -29.858746 -106.013840 226.009959
11754 -30.008047 -105.545136 226.009959
11755 -30.138581 -105.381570 226.009959
11756 -30.469239 -105.069039 226.009959
11757 -30.915160 -104.603364 226.009959
11758 -31.336104 -104.118041 225.854869
11759 -31.763788 -103.663700 225.854869
11760 -32.347237 -103.401778 225.854869
11761 -32.993451 -103.384969 225.854869
