5 -48.500000 112.000000 0.000000
6 -48.357572 111.999211 20.009248
7 -47.947105 111.942298 20.009248
8 -47.408757 111.818296 20.009248
9 -46.785998 111.641299 20.009248
10 -46.105925 111.428931 21.034496
11 -45.549683 111.248070 21.034496
12 -44.948654 111.000638 22.063772
13 -44.348859 110.750237 23.065343
14 -43.672192 110.528889 23.065343
15 -43.101647 110.400160 24.182019
16 -42.463408 110.292057 24.182019
17 -41.757547 110.195464 25.150945
18 -41.121823 110.060308 26.181101
19 -40.494215 109.891576 26.181101
20 -40.002620 109.722464 27.188417
21 -39.274211 109.443530 28.268888
22 -38.735455 109.215760 28.268888
23 -38.138913 108.970514 29.323200
24 -37.529323 108.745041 30.341556
25 -36.913368 108.537455 30.341556
26 -36.295421 108.335947 31.319803
27 -35.684855 108.113176 31.319803
28 -35.077166 107.889696 31.732791
29 -34.509868 107.763058 31.732791
30 -33.799453 107.710242 31.790723
31 -33.217906 107.677095 32.061972
32 -32.572438 107.602358 32.061972
33 -31.930532 107.500148 32.061972
34 -31.230612 107.367277 32.061972
35 -30.598943 107.236862 32.061972
36 -29.963836 107.098586 32.097509
37 -29.392445 106.985419 32.097509
38 -28.689501 106.854700 32.530141
39 -28.050628 106.734996 32.832454
40 -27.470210 106.669317 32.832454
41 -26.703478 106.770857 32.854985
42 -26.130261 106.887660 32.854985
43 -25.492069 107.010844 32.854985
44 -24.853983 107.104579 32.854985
45 -24.211411 107.184289 32.854985
46 -23.568237 107.258986 32.854985
47 -22.925356 107.336162 32.854985
48 -22.282504 107.413575 32.854985
49 -21.641875 107.488524 32.854985
50 -20.936321 107.567577 32.854985
51 -20.807097 107.581745 32.854985
52 -20.794366 107.566353 32.854985
53 -20.792019 107.337221 32.854985
54 -21.163213 107.010027 32.854985
55 -21.743498 106.718791 32.854985
56 -22.364508 106.528278 32.854985
57 -22.984010 106.349152 32.854985
58 -23.583621 106.099955 32.854985
59 -24.145633 105.773805 32.854985
60 -24.693158 105.423520 32.854985
61 -25.341091 104.989270 32.854985
62 -25.770641 104.696220 32.854985
63 -26.306011 104.332039 32.854985
64 -26.835093 103.954544 32.854985
65 -27.330492 103.545939 32.854985
66 -27.766180 103.071045 32.854985
67 -28.079610 102.616902 33.202561
68 -28.282781 102.129519 33.202561
69 -28.323291 101.834583 35.932298
70 -28.286882 101.551973 35.932298
71 -28.239980 101.044331 36.701636
72 -28.237748 100.647384 37.526125
73 -28.251621 100.467925 37.526125
74 -28.316299 100.002422 37.526125
75 -28.350817 99.701938 37.526125
76 -28.366672 99.437413 37.526125
77 -28.389527 98.952969 38.526485
78 -28.395353 98.453122 38.526485
79 -28.391446 98.128339 38.526485
80 -28.407614 97.793729 39.691940
81 -28.425898 97.414197 39.691940
82 -28.446665 97.190201 39.691940
84 -28.459226 96.410434 40.641482
84 -28.456834 96.375519 40.641482
85 -28.448536 96.357331 41.384177
86 -28.296048 96.271382 41.384177
87 -27.731481 96.305353 41.659214
88 -27.158597 96.423707 41.659214
89 -26.582627 96.506428 41.829775
90 -25.873029 96.460269 41.829775
91 -25.235613 96.334076 41.829775
92 -24.607133 96.178573 41.829775
93 -24.044288 96.019313 41.829775
95 -22.810163 95.627115 41.829775
95 -22.686365 95.587440 41.829775
96 -22.132971 95.397807 41.829775
97 -21.516090 95.193323 41.829775
98 -20.949952 95.068614 41.934354
99 -20.194552 94.881243 41.934354
100 -19.676025 94.612318 41.934354
101 -19.198799 94.274174 41.934354
102 -18.706761 93.861499 41.934354
103 -18.348897 93.530544 41.934354
105 -18.126866 93.312428 41.934354
106 -18.116006 93.302081 41.934354
107 -18.116006 93.302081 41.934354
108 -18.214100 93.270567 41.934354
109 -18.546319 93.339223 41.934354
110 -19.056843 93.599438 41.934354
111 -19.533557 93.933772 41.934354
112 -20.103435 94.461716 41.934354
113 -20.524625 94.860046 41.934354
114 -21.075587 95.195281 41.934354
115 -21.628013 95.369598 41.934354
117 -23.028174 95.617804 41.934354
118 -23.663231 95.743758 41.934354
119 -24.298149 95.882774 41.934354
120 -24.932656 96.023485 41.934354
121 -25.550736 96.215112 41.934354
122 -26.171166 96.406912 41.934354
123 -26.817172 96.452405 41.934354
124 -27.406036 96.238099 41.934354
125 -27.729454 95.768765 41.934354
126 -27.785264 95.533724 41.934354
127 -27.799496 95.219075 41.934354
129 -27.837199 94.484536 42.903730
130 -27.901127 94.150641 42.903730
131 -27.956334 93.578577 42.903730
132 -27.956750 93.368660 42.903730
133 -27.948803 93.008747 43.664747
134 -27.940028 92.538840 43.664747
135 -27.957734 92.024238 43.664747
136 -27.949540 91.439577 44.548963
137 -27.898876 90.987619 44.548963
138 -27.862927 90.845447 45.529003
139 -27.775453 90.517821 45.529003
142 -27.759924 89.643108 46.242081
143 -27.790655 89.294611 46.242081
144 -27.848518 88.988765 47.315221
145 -27.936079 88.709871 47.315221
146 -27.999040 88.227238 47.315221
147 -27.976223 88.079124 48.211307
148 -27.933260 87.561227 48.211307
149 -27.921546 87.106385 48.211307
150 -27.925044 86.958926 49.018059
151 -27.934291 86.569036 49.018059
152 -27.945081 85.941633 49.018059
154 -27.948992 85.124148 50.757562
155 -27.966664 84.680202 50.757562
156 -28.022909 84.491012 50.757562
157 -28.121806 84.062887 51.671367
158 -28.139347 83.764245 51.671367
159 -28.094011 83.457632 51.671367
160 -28.069405 82.933397 52.325616
161 -28.067101 82.598505 52.325616
162 -28.083219 82.339007 52.325616
163 -28.100374 81.834325 53.402342
164 -28.111301 81.532166 53.402342
167 -28.153101 80.313916 55.507929
168 -28.130787 79.999760 55.507929
169 -28.159299 79.460678 55.507929
170 -28.186830 79.237755 55.507929
171 -28.240205 78.876869 56.433413
172 -28.266154 78.322635 56.433413
173 -28.254666 78.108442 56.433413
174 -28.203686 77.752189 57.361399
175 -28.176224 77.182993 57.361399
176 -28.190844 76.723392 58.291767
177 -28.192481 76.218557 58.291767
181 -28.201662 74.618935 60.019415
182 -28.228860 74.069871 60.019415
183 -28.258578 73.837113 60.019415
184 -28.316602 73.547952 61.011558
185 -28.362357 73.035266 61.011558
186 -28.367629 72.365359 61.966847
187 -28.367005 72.107900 61.966847
188 -28.367484 71.862924 62.908586
189 -28.353047 71.253096 62.908586
190 -28.351550 71.050641 62.908586
191 -28.356691 70.725681 63.846771
196 -28.399613 69.124848 64.986538
197 -28.423948 68.620490 65.745039
198 -28.445874 68.464811 65.745039
199 -28.495126 68.103346 65.745039
200 -28.516892 67.553907 65.745039
201 -28.497798 67.405148 66.696403
202 -28.469053 66.996428 66.696403
203 -28.459375 66.441513 66.696403
204 -28.462137 66.254040 67.589128
205 -28.455697 65.859096 67.589128
206 -28.446363 65.351681 68.723287
210 -28.456980 63.249926 70.632076
211 -28.490580 62.856431 70.632076
212 -28.527266 62.430709 71.646704
213 -28.537606 62.090866 71.646704
214 -28.547313 61.560962 71.646704
215 -28.542434 61.401036 72.624033
216 -28.528865 60.956243 72.624033
217 -28.513619 60.456475 72.624033
218 -28.514690 60.249142 73.529111
219 -28.529511 59.947006 73.529111
220 -28.527534 59.330863 74.600605
226 -28.500314 57.452933 76.418128
227 -28.507423 57.273304 76.418128
228 -28.572231 56.817910 76.418128
229 -28.625682 56.315825 76.418128
230 -28.638580 55.795988 77.331043
231 -28.626641 55.276125 78.348773
232 -28.630105 55.066154 78.348773
233 -28.629005 54.641206 79.264685
234 -28.611704 54.041456 79.264685
235 -28.597826 53.841938 79.264685
236 -28.578146 53.462495 80.282814
242 -28.536447 51.075503 82.122654
243 -28.551400 50.536832 82.122654
244 -28.602858 50.221848 82.122654
245 -28.686405 49.866912 83.141387
246 -28.745680 49.320250 83.141387
247 -28.845615 48.871591 84.208374
248 -28.916915 48.536804 84.208374
249 -28.962330 48.260529 85.131253
250 -29.004085 47.782501 85.131253
251 -28.996435 47.571680 85.131253
252 -28.975067 47.157288 86.150161
260 -28.660163 44.707444 88.827306
261 -28.679524 44.143039 88.827306
262 -28.714482 43.953748 88.827306
263 -28.767600 43.628114 89.801394
264 -28.791338 43.094035 89.801394
265 -28.769339 42.532053 89.801394
266 -28.704880 42.048838 90.776045
267 -28.665761 41.567930 90.776045
268 -28.629946 41.427495 91.751241
269 -28.576025 41.077136 91.751241
270 -28.562067 40.612496 91.751241
278 -28.782197 37.736647 95.980885
279 -28.878834 37.220622 95.980885
280 -28.961222 36.737636 95.980885
281 -28.982694 36.449384 95.980885
282 -28.881938 36.157253 96.762029
283 -28.730620 35.702498 96.762029
284 -28.688986 35.421074 97.571770
285 -28.671650 35.056537 97.571770
286 -28.663148 34.536616 97.571770
287 -28.663207 34.204171 97.543479
288 -28.670716 33.869267 97.543479
298 -28.618466 30.298431 97.629557
299 -28.677786 30.130096 97.629557
300 -28.843720 29.782699 97.629557
301 -29.074815 29.289311 97.673181
302 -29.125468 29.106215 97.673181
303 -29.263348 28.765821 97.761600
304 -29.448880 28.288339 97.761600
305 -29.515640 28.068248 97.761600
306 -29.659268 27.626014 98.091847
307 -29.798992 27.166828 98.091847
308 -29.868306 26.984563 98.091847
318 -31.230104 23.085341 99.189165
319 -31.254723 22.759272 100.277267
320 -31.222794 22.460989 100.277267
321 -31.141025 22.054585 100.277267
323 -30.990210 21.630958 101.474974
323 -30.822073 21.341949 101.474974
324 -30.392704 20.949897 101.474974
325 -29.870920 20.686610 103.943304
326 -29.208443 20.417837 103.943304
327 -28.545080 20.151103 103.943304
328 -28.000495 19.937453 103.943304
340 -25.312417 18.421947 104.954897
341 -25.312417 18.421947 104.954897
342 -25.312417 18.421947 104.954897
343 -25.312417 18.421947 105.585465
344 -25.352161 18.422668 105.585465
345 -25.361803 18.425317 105.373481
346 -25.337906 18.463093 105.373481
347 -25.156934 18.567768 105.373481
348 -24.803089 18.645445 105.585465
349 -24.208782 18.637914 105.585465
350 -23.434173 18.570946 105.585465
362 -15.360568 18.465462 109.315920
363 -14.649076 18.448730 109.315920
364 -14.009322 18.349463 109.678669
365 -13.371539 18.224107 111.324977
366 -12.740264 18.080222 111.324977
367 -12.114488 17.923954 116.696746
368 -11.484281 17.786887 116.696746
369 -10.850066 17.656490 120.078685
370 -10.281628 17.541339 120.490209
371 -9.587130 17.382227 120.490209
372 -8.951694 17.245515 120.558411
380 -3.921194 16.312766 120.678294
381 -3.921194 16.312766 120.678294
382 -3.893844 16.046915 120.678294
383 -4.223628 15.687568 120.678294
384 -4.712878 15.419922 120.678294
385 -5.280504 15.309039 120.678294
386 -5.991887 15.335284 120.678294
387 -6.305594 15.313699 120.558411
388 -6.463197 15.258872 120.558411
389 -6.543909 15.204549 120.558411
390 -6.652785 15.027590 120.558411
405 -6.786125 9.750471 122.937751
406 -6.828048 9.319054 122.937751
407 -7.114382 8.815729 122.937751
408 -7.585215 8.367734 122.937751
409 -8.139229 7.822598 122.976301
410 -8.479592 7.432911 122.989961
411 -8.576734 7.305781 122.989961
412 -8.899910 6.892057 123.749952
413 -9.231679 6.441133 123.749952
414 -9.527235 6.019455 123.749952
415 -9.607938 5.875554 123.749952
431 -12.652799 0.199906 130.462449
432 -12.691123 -0.258229 130.462449
433 -12.755650 -0.809462 130.462449
434 -12.806167 -1.286773 130.515021
435 -12.812000 -1.756586 130.515021
436 -12.825960 -1.953592 130.515021
437 -12.837413 -2.413188 131.081084
438 -12.805978 -2.917180 131.081084
439 -12.743085 -3.143426 131.081084
440 -12.678232 -3.537718 131.081084
441 -12.677010 -3.720214 131.081084
451 -12.759445 -7.579751 131.081084
452 -12.751226 -7.929643 131.081084
453 -12.717442 -8.229733 131.081084
454 -12.566753 -8.487394 131.081084
455 -12.151280 -8.844323 131.081084
456 -11.584549 -9.162380 131.081084
457 -11.099553 -9.488761 131.081084
458 -10.509691 -9.998536 131.081084
459 -10.102376 -10.411365 131.081084
460 -9.665299 -10.885614 131.081084
461 -9.283309 -11.388451 131.081084
480 -9.107889 -12.272848 131.081084
481 -9.107889 -12.272848 131.081084
482 -9.107889 -12.272848 131.081084
483 -9.107889 -12.272848 131.081084
484 -9.166073 -12.150951 131.081084
485 -9.167151 -12.129446 131.081084
486 -9.181890 -12.208048 131.081084
487 -9.202748 -12.264242 131.081084
488 -9.121442 -12.098376 131.081084
489 -8.906334 -11.842315 131.081084
490 -8.548009 -11.425387 131.081084
508 -4.012964 -6.416404 133.005604
509 -3.950279 -6.652897 133.005604
510 -4.033973 -7.104990 133.005604
511 -4.123365 -7.601690 133.005604
512 -4.141264 -8.126157 133.005604
513 -4.105413 -8.347549 133.005604
514 -3.965172 -8.811776 133.005604
515 -3.884643 -8.978196 133.005604
516 -3.659941 -9.430213 133.005604
517 -3.596817 -9.619979 133.005604
518 -3.441342 -10.126520 133.005604
537 -2.735863 -12.232436 133.005604
538 -2.638166 -12.261848 133.005604
539 -2.515589 -12.246117 133.005604
540 -2.387486 -12.113242 133.005604
541 -2.316228 -11.718884 133.005604
542 -2.326188 -11.190302 133.005604
543 -2.285960 -11.046340 133.005604
544 -2.140147 -10.636547 133.005604
545 -2.071082 -10.365388 133.005604
546 -1.970449 -9.998989 133.005604
547 -1.851637 -9.503125 133.005604
566 4.358843 -4.735727 140.092151
567 4.921305 -4.891458 139.915012
568 5.636526 -5.201836 139.915012
569 6.159448 -5.464060 140.092151
570 6.912971 -5.846249 140.092151
572 7.595779 -6.223249 140.092151
573 8.292905 -6.573033 140.092151
574 9.158881 -7.020741 140.092151
576 9.845117 -7.391505 140.092151
577 10.513021 -7.793825 140.092151
578 11.093329 -8.206867 140.092151
590 11.691424 -8.908683 139.900431
591 11.653353 -9.178941 139.900431
592 11.204211 -9.413306 139.915012
593 10.621371 -9.459933 139.915012
594 9.909147 -9.479442 139.999467
596 9.133870 -9.559418 139.999467
597 8.435415 -9.711010 139.915012
598 7.570406 -9.984911 139.915012
600 6.950581 -10.225727 139.915012
621 6.804524 -10.338887 139.915012
622 7.079807 -10.366949 139.915012
623 7.543586 -10.074611 139.915012
624 8.000721 -9.531857 139.915012
625 8.335919 -9.086693 139.915012
626 8.706598 -8.640640 139.915012
628 9.220763 -8.067594 139.915012
629 9.671624 -7.599415 139.915012
630 10.192711 -7.109901 139.915012
631 10.679040 -6.678646 139.915012
632 11.211992 -6.202014 139.915012
654 14.221546 -3.561600 139.915012
655 14.221546 -3.561600 139.915012
656 14.221546 -3.561600 139.915012
658 14.221546 -3.561600 139.915012
659 14.218717 -3.469729 139.915012
660 14.020936 -3.303406 139.915012
661 13.422274 -3.315257 139.915012
662 12.673863 -3.492849 139.915012
664 11.938291 -3.752148 139.915012
665 11.252013 -3.952031 139.915012
666 10.502333 -4.157924 139.915012
689 3.518489 -8.155994 139.915012
690 3.598234 -8.142815 139.915012
691 3.704221 -7.977551 139.915012
692 3.708154 -7.477594 139.915012
693 3.689701 -6.877014 139.915012
694 3.824539 -6.361189 139.915012
695 4.276809 -5.825818 139.915012
696 4.855965 -5.422587 139.999467
697 5.606888 -5.217243 139.999467
698 6.439106 -5.071035 139.999467
700 7.139056 -4.938406 139.999467
722 16.950287 -1.039593 139.999467
723 16.911077 -1.325341 139.999467
724 16.712511 -1.490683 139.999467
725 16.488361 -1.575979 139.999467
726 16.010245 -1.738342 139.999467
727 15.694064 -1.896562 139.999467
728 15.503041 -2.049949 139.999467
729 15.369773 -2.163361 139.999467
730 15.329344 -2.196872 139.999467
731 15.329344 -2.196872 139.999467
732 15.318411 -2.216543 139.999467
755 3.471945 -6.742361 139.999467
756 3.340019 -7.129325 139.999467
757 3.254172 -7.451554 139.999467
758 3.112522 -7.782387 139.999467
760 2.880016 -8.361931 139.999467
761 2.810409 -8.643092 139.999467
762 2.692708 -9.056629 139.999467
763 2.516576 -9.619629 139.999467
764 2.383637 -9.882931 139.999467
765 2.231193 -10.299706 139.999467
766 2.190856 -10.686723 139.999467
789 2.199840 -10.881463 139.999467
790 2.199840 -10.881463 139.999467
791 2.199840 -10.881463 139.999467
792 2.180175 -10.877959 139.999467
793 2.011593 -10.651320 139.999467
795 2.045796 -10.109051 139.999467
796 2.131965 -9.910190 139.999467
797 2.364445 -9.668995 139.999467
798 2.724207 -9.215139 139.999467
799 2.998084 -8.681810 139.999467
800 3.051229 -8.528247 139.999467
823 7.398058 -0.732937 139.999467
846 7.400672 -0.612978 139.999467
847 7.400672 -0.612978 139.999467
848 7.400672 -0.612978 139.999467
849 7.400672 -0.612978 139.999467
850 7.400672 -0.612978 139.999467
851 7.396955 -0.570733 139.999467
852 7.346070 -0.485127 139.999467
853 7.346070 -0.485127 139.999467
854 7.346070 -0.485127 139.999467
855 7.346070 -0.485127 139.999467
856 7.406689 -0.555845 139.999467
880 -1.436039 -4.612547 139.999467
881 -1.436039 -4.612547 139.999467
882 -1.465297 -4.681088 139.999467
883 -1.471345 -4.770662 139.999467
884 -1.449833 -4.831782 139.999467
885 -1.367345 -4.895032 139.999467
886 -1.036123 -4.948372 139.999467
887 -0.563690 -4.946066 139.999467
888 0.080129 -4.979173 139.999467
889 0.784981 -5.098584 139.999467
890 1.356732 -5.221490 139.999467
913 1.711709 -11.534318 139.999467
914 1.807441 -11.556579 139.999467
915 1.913496 -11.532760 139.999467
916 2.026179 -11.402650 139.999467
917 2.073564 -10.990943 139.999467
918 2.052039 -10.676855 139.999467
919 2.069931 -10.387518 139.999467
920 2.170261 -9.898126 139.999467
921 2.278195 -9.656238 139.999467
922 2.463087 -9.224370 139.999467
923 2.554740 -8.902668 139.999467
947 -4.857692 -5.153013 139.999467
971 -4.801976 -5.204415 139.999467
972 -4.801976 -5.204415 139.999467
973 -4.801976 -5.204415 139.999467
974 -4.854956 -5.183653 139.999467
975 -4.926364 -5.067002 139.999467
976 -4.805957 -4.881478 139.999467
977 -4.359774 -4.794538 139.999467
978 -3.723225 -4.806157 139.999467
979 -3.011158 -4.825488 139.999467
980 -2.365144 -4.788800 139.999467
981 -1.722737 -4.690555 139.999467
1004 3.788412 -1.067810 139.999467
1005 3.805889 -1.176594 139.999467
1006 3.709652 -1.288021 139.999467
1007 3.450818 -1.445048 139.999467
1008 3.258638 -1.475351 139.999467
1009 3.225585 -1.463840 139.999467
1011 2.893789 -1.361041 139.999467
1012 2.636888 -1.324721 139.999467
1013 2.477056 -1.330114 139.999467
1014 2.357669 -1.342159 139.999467
1015 2.327833 -1.345288 139.999467
1038 7.024781 -2.496788 139.999467
1039 6.994838 -2.072922 139.999467
1040 6.973920 -1.568364 139.999467
1042 7.098219 -0.997995 139.999467
1043 7.235466 -0.506873 139.999467
1044 7.307415 -0.241698 139.999467
1045 7.394855 -0.020881 139.999467
1046 7.576587 0.505978 139.999467
1047 7.691419 0.849471 139.999467
1048 7.836204 1.179028 139.999467
1049 8.178500 1.699960 139.999467
1073 11.406867 4.672020 139.999467
1074 11.666424 4.619546 139.999467
1075 12.179071 4.703929 139.999467
1076 12.992230 4.913293 139.999467
1077 13.679057 5.111596 139.999467
1078 14.319032 5.221640 139.999467
1079 14.965580 5.221838 139.999467
1080 15.527166 5.067526 139.999467
1082 16.060765 4.743694 139.999467
1106 16.312329 4.562553 139.999467
1108 16.361470 4.586249 139.999467
1108 16.436098 4.756238 139.999467
1109 16.330318 4.945093 139.999467
1110 16.055687 5.030385 139.999467
1135 15.825924 4.957239 139.999467
1136 15.812785 4.930381 139.999467
1137 15.595961 4.853333 139.999467
1138 15.196338 4.917928 139.999467
1139 14.570209 5.037250 139.999467
1140 13.856367 5.045670 139.999467
1141 13.215391 4.942716 139.999467
1142 12.481600 4.681647 139.999467
1144 11.811035 4.285012 139.999467
1145 11.193554 3.808841 139.999467
1146 10.694037 3.392937 139.999467
1170 3.465534 -4.257251 139.999467
1171 2.853054 -4.049185 139.999467
1172 2.162875 -4.134039 139.999467
1173 1.536326 -4.297159 139.999467
1174 0.902263 -4.414406 139.999467
1176 0.063253 -4.485000 139.999467
1177 -0.776722 -4.489520 139.999467
1178 -1.424220 -4.491290 139.999467
1179 -2.138343 -4.522134 139.999467
1180 -2.847241 -4.592686 139.999467
1181 -3.489978 -4.642180 139.999467
1205 -9.852536 -3.395747 139.999467
1207 -9.886610 -3.438501 139.999467
1208 -10.214821 -3.495109 139.999467
1209 -10.862057 -3.378896 139.999467
1210 -11.418469 -3.206961 139.999467
1211 -12.135736 -2.903977 139.999467
1212 -12.672325 -2.443863 139.999467
1213 -12.806338 -2.196387 139.999467
1214 -12.906941 -1.862025 139.999467
1216 -12.936720 -1.233522 139.999467
1217 -12.905647 -0.714557 139.999467
1241 -3.289875 -0.738870 139.999467
1242 -3.343352 -0.804947 139.999467
1244 -3.687920 -0.844388 139.999467
1245 -4.124457 -0.505256 139.999467
1246 -4.532559 0.053993 139.999467
1247 -4.780102 0.521139 139.999467
1248 -4.868433 0.667421 139.999467
1249 -5.076891 0.973050 139.999467
1250 -5.376973 1.409883 139.999467
1251 -5.770313 1.818633 139.999467
1252 -6.368320 2.044538 139.999467
1276 -15.633827 -4.353696 139.999467
1301 -15.812962 -4.618060 139.999467
1302 -15.367843 -4.727758 139.999467
1303 -14.771887 -4.661698 139.999467
1304 -14.129293 -4.582589 139.999467
1305 -13.418199 -4.539533 139.999467
1306 -12.708456 -4.521137 139.999467
1307 -12.061010 -4.512753 139.999467
1308 -11.348518 -4.510649 139.999467
1309 -10.576019 -4.509591 139.999467
1310 -9.861019 -4.508612 139.999467
1312 -9.153520 -4.507643 139.999467
1336 6.225112 -4.785497 139.999467
1337 6.225112 -4.785497 139.999467
1338 6.225112 -4.785497 139.999467
1339 6.220262 -4.776752 139.999467
1340 6.165291 -4.720451 139.999467
1341 6.138175 -4.707672 139.999467
1342 6.023240 -4.772726 139.999467
1344 5.960469 -5.023305 139.999467
1368 6.130986 -5.199432 139.999467
1369 6.421834 -5.219729 139.999467
1370 6.914277 -4.864963 139.999467
1371 7.013630 -4.640005 139.999467
1372 7.039803 -4.250914 139.999467
1373 7.038470 -3.726016 139.999467
1374 7.026363 -3.256197 139.999467
1376 7.040940 -3.009624 139.999467
1377 7.116613 -2.662881 139.999467
1378 7.231422 -2.013181 139.999467
1379 7.283857 -1.867455 139.999467
1403 11.013762 7.019585 139.999467
1404 11.200253 7.423038 139.999467
1405 11.365445 7.679396 139.999467
1406 11.604670 8.042456 139.999467
1407 11.724242 8.339253 139.999467
1409 12.018443 9.017633 139.999467
1410 12.564512 9.854449 139.999467
1412 13.173456 10.526252 139.999467
1413 13.750021 11.051078 139.999467
1414 14.329239 11.550768 139.999467
1415 14.637462 11.828642 139.999467
1428 14.926411 11.997857 139.999467
1429 15.190642 11.921237 139.999467
1430 15.718197 12.047828 139.999467
1432 16.211765 12.352058 139.999467
1433 16.930179 12.796425 139.999467
1434 17.507232 13.095453 139.999467
1435 18.154832 13.398466 139.999467
1436 18.748149 13.663909 139.999467
1437 19.341815 13.928534 139.999467
1438 20.041287 14.273540 139.999467
1439 20.611313 14.585801 139.999467
1464 28.316678 17.856266 139.999467
1465 28.316678 17.856266 139.999467
1466 28.316678 17.856266 139.999467
1467 28.316678 17.856266 139.999467
1469 28.328119 17.934343 139.999467
1470 28.250978 18.061672 139.999467
1471 27.934842 18.123064 139.999467
1472 27.376540 17.982277 139.999467
1473 26.611967 17.628502 139.999467
1474 26.047983 17.305364 139.999467
1476 25.365351 16.928130 139.999467
1503 21.769891 7.128413 141.288395
1504 21.687146 6.373801 141.288395
1506 21.615786 5.993182 141.301843
1507 21.555769 5.427043 141.301843
1509 21.574457 4.817367 141.301843
1510 21.598070 4.017848 141.301843
1511 21.603453 3.727953 141.532649
1513 21.622612 3.308391 141.532649
1514 21.621577 2.983905 142.463366
1515 21.631472 2.399135 142.580541
1517 21.658349 1.674633 142.580541
1545 21.807077 -6.826697 145.277840
1547 21.807077 -6.826697 145.277840
1548 21.831940 -6.809954 145.585201
1549 21.966166 -6.574866 145.585201
1550 21.903897 -5.915677 145.688060
1552 21.749412 -5.356807 145.688060
1553 21.654228 -4.770064 145.688060
1554 21.638338 -4.430435 145.688060
1556 21.623989 -3.775701 145.688060
1557 21.741450 -3.143780 145.688060
1558 21.836827 -2.888694 145.688060
1588 36.144120 -3.235366 145.688060
1589 36.144120 -3.235366 145.688060
1591 36.144120 -3.235366 145.688060
1592 36.144120 -3.235366 145.688060
1593 36.144120 -3.235366 145.688060
1594 36.144120 -3.235366 145.688060
1595 36.144120 -3.235366 145.688060
1597 36.144120 -3.235366 145.688060
1598 36.144120 -3.235366 145.688060
1599 36.144120 -3.235366 145.688060
1600 36.144120 -3.235366 145.688060
1631 36.144120 -3.235366 145.688060
1632 36.144120 -3.235366 145.688060
1633 36.144120 -3.235366 145.688060
1634 36.144120 -3.235366 145.688060
1636 36.144120 -3.235366 145.688060
1637 36.144120 -3.235366 145.688060
1638 36.144120 -3.235366 145.688060
1639 36.144120 -3.235366 145.688060
1641 36.144120 -3.235366 145.688060
1642 36.144120 -3.235366 145.688060
1643 36.144120 -3.235366 145.482544
1674 36.144120 -3.235366 145.482544
1675 36.144120 -3.235366 145.482544
1676 36.144120 -3.235366 145.482544
1678 36.144120 -3.235366 145.482544
1679 36.144120 -3.235366 145.482544
1680 36.144120 -3.235366 145.482544
1681 36.144120 -3.235366 145.482544
1683 36.144120 -3.235366 145.482544
1684 36.144120 -3.235366 145.482544
1686 36.144120 -3.235366 145.482544
1717 36.144120 -3.235366 145.482544
1718 36.144120 -3.235366 145.482544
1749 36.144120 -3.235366 145.482544
1780 36.144120 -3.235366 145.482544
1811 36.144120 -3.235366 145.482544
1842 36.144120 -3.235366 145.482544
1873 36.144120 -3.235366 145.482544
1904 36.144120 -3.235366 145.482544
1935 36.144120 -3.235366 145.482544
1966 36.144120 -3.235366 145.482544
1998 36.144120 -3.235366 145.482544
2029 36.144120 -3.235366 145.482544
2059 36.144120 -3.235366 145.482544
2090 36.144120 -3.235366 145.482544
2122 36.144120 -3.235366 145.482544
2153 36.144120 -3.235366 145.482544
2183 36.144120 -3.235366 145.482544
2214 36.144120 -3.235366 145.482544
2245 36.144120 -3.235366 145.482544
2276 36.144120 -3.235366 145.482544
2307 36.144120 -3.235366 145.482544
2338 36.144120 -3.235366 145.482544
2369 36.144120 -3.235366 145.482544
2400 36.144120 -3.235366 145.482544
2431 36.144120 -3.235366 145.482544
2461 36.144120 -3.235366 145.482544
2493 36.144120 -3.235366 145.482544
2523 36.144120 -3.235366 145.482544
2554 36.144120 -3.235366 145.482544
2585 36.144120 -3.235366 145.482544
2617 36.144120 -3.235366 145.482544
2648 36.144120 -3.235366 145.482544
2679 36.144120 -3.235366 145.482544
2681 36.144120 -3.235366 145.482544
2682 36.144120 -3.235366 145.482544
2683 36.144120 -3.235366 145.482544
2684 36.144120 -3.235366 145.482544
2686 36.144120 -3.235366 145.482544
2687 36.144120 -3.235366 145.482544
2688 36.144120 -3.235366 145.482544
2689 36.144120 -3.235366 145.482544
2691 36.144120 -3.235366 145.482544
2692 36.134279 -3.237142 145.482544
2723 21.675630 -4.941719 145.482544
2724 21.615622 -5.498376 145.482544
2725 21.563070 -5.869516 145.482544
2727 21.565911 -6.563844 145.482544
2728 21.644343 -6.897952 145.482544
2729 21.841453 -7.517154 145.482544
2730 22.303038 -8.179752 145.482544
2732 22.656104 -8.466420 150.742730
2733 22.906247 -8.640831 150.742730
2735 23.708231 -9.177290 151.373481
2736 24.425385 -9.737327 151.373481
2754 27.628943 -11.872368 153.412681
2756 27.355599 -12.005644 153.412681
2758 26.479663 -11.761734 153.528534
2759 26.172591 -11.219616 153.528534
2761 26.214793 -10.363046 153.528534
2763 26.804933 -9.548782 153.412681
2765 27.876787 -9.346752 153.412681
2767 29.044097 -9.349487 153.528534
2768 30.338912 -9.371138 153.528534
2770 31.631121 -9.348425 153.528534
2772 32.712976 -9.142810 153.528534
2805 41.742149 -12.038849 153.623601
2808 41.830062 -11.853960 153.623601
2809 41.762645 -11.704123 153.623601
2811 41.128850 -11.499130 153.623601
2813 40.094604 -11.535006 153.623601
2814 38.995563 -11.459425 153.623601
2816 37.904155 -11.304042 153.623601
2817 37.246035 -11.228402 153.623601
2850 36.998249 -11.226180 153.623601
2852 36.862511 -11.295445 153.623601
2854 36.665105 -10.868543 153.623601
2855 36.667082 -10.127524 153.623601
2857 36.764321 -9.545880 153.623601
2859 36.820842 -8.759213 153.739035
2861 36.820770 -8.409215 153.739035
2894 36.821462 -8.329218 153.739035
2896 36.821462 -8.329218 153.739035
2898 36.839120 -8.217119 153.739035
2900 36.328452 -8.128806 153.623601
2901 35.885505 -8.400890 153.644560
2935 36.146115 -8.908287 153.644560
2936 36.398987 -9.401201 153.644560
2938 36.536989 -10.232531 153.644560
2940 36.666919 -11.059270 153.644560
2941 36.871632 -11.429605 153.644560
2974 37.081280 -11.575232 153.644560
2976 37.804434 -11.211575 153.644560
2978 38.076052 -10.684608 153.644560
2979 38.467203 -10.027300 153.644560
2981 38.644033 -9.625502 153.644560
2983 39.025586 -8.840847 153.644560
2984 39.563027 -8.160727 153.644560
2986 40.289938 -7.359316 153.644560
2988 40.608684 -6.858988 153.644560
2989 40.745611 -6.317885 153.644560
2991 40.706354 -5.540779 153.644560
3024 40.917666 -0.308161 153.644560
3026 40.917666 -0.308161 153.644560
3028 40.917666 -0.308161 153.644560
3030 40.917666 -0.308161 153.644560
3032 40.888163 -0.313231 153.644560
3034 40.758755 -0.670663 153.644560
3036 40.836046 -1.582164 153.644560
3037 40.878097 -2.300431 153.644560
3040 40.867063 -3.205364 153.644560
3041 40.859786 -3.925064 153.644560
3043 40.844234 -4.569643 153.644560
3076 25.519025 -10.317242 153.644560
3078 25.343558 -9.967812 153.644560
3080 26.036228 -9.470598 153.644560
3081 27.180671 -9.393807 153.644560
3083 28.272594 -9.557463 153.598082
3085 29.371988 -9.583713 153.598082
3086 30.341859 -9.597135 153.598082
3088 31.502063 -9.528806 153.598082
3090 32.171842 -9.521353 153.598082
3123 32.506649 -9.532709 153.598082
3125 32.506649 -9.532709 153.598082
3126 32.358850 -9.337547 153.598082
3128 32.860085 -8.784696 153.598082
3130 33.933618 -8.428842 153.598082
3132 34.967391 -8.460235 153.598082
3134 36.353694 -8.795848 153.598082
3136 37.508220 -9.219910 153.598082
3137 38.485516 -9.568113 153.598082
3139 39.578240 -9.971315 153.598082
3141 40.616726 -10.341267 153.598082
3174 41.716713 -10.629011 153.598082
3176 41.400863 -10.713509 153.598082
3177 40.510237 -10.290417 153.598082
3179 39.621213 -9.750829 153.598082
3181 38.590064 -9.198301 153.598082
3182 37.671848 -8.710532 153.598082
3184 36.903728 -8.355510 153.598082
3217 36.594175 -8.237825 153.598082
3219 36.123381 -8.371310 153.598082
3220 35.038309 -8.256706 153.598082
3222 33.941857 -8.188939 153.598082
3224 33.122972 -8.230022 153.598082
3257 33.032404 -8.346452 153.598082
3259 32.585458 -8.548032 153.598082
3261 31.577078 -8.570088 153.598082
3262 30.477336 -8.625160 153.598082
3264 29.455560 -8.818479 153.598082
3266 28.329733 -9.133814 153.598082
3267 27.333249 -9.431158 153.598082
3269 26.291348 -9.790085 153.598082
3271 25.485884 -10.441112 153.598082
3272 24.895607 -11.207951 153.598082
3305 24.732359 -11.537772 153.598082
3307 24.368469 -11.598331 153.598082
3309 23.715595 -10.871616 153.598082
3311 23.487746 -10.373650 153.598082
3312 23.327852 -9.805887 153.598082
3346 23.250688 -9.871317 153.598082
3348 23.104368 -10.694327 153.598082
3349 22.916276 -11.173640 153.598082
3351 22.722621 -11.534008 153.598082
3353 22.722621 -11.534008 153.598082
3355 22.722621 -11.534008 153.598082
3357 22.722621 -11.534008 153.598082
3358 22.722621 -11.534008 153.598082
3360 22.722621 -11.534008 153.598082
3362 22.722621 -11.534008 153.598082
3364 22.722621 -11.534008 153.598082
3397 22.722621 -11.534008 153.598082
3399 23.174498 -11.653874 153.598082
3400 24.177742 -11.299766 153.598082
3402 25.130533 -10.740286 153.598082
3404 26.043279 -10.147939 153.598082
3406 27.181468 -9.423665 153.598082
3408 28.573404 -9.099807 153.598082
3410 29.649952 -8.850733 153.598082
3412 30.843602 -8.543995 153.598082
3413 31.826576 -8.366418 153.598082
3415 32.324926 -8.325863 153.598082
3448 32.484411 -8.313028 153.598082
3450 32.484411 -8.313028 153.598082
3452 32.484411 -8.313028 153.598082
3453 32.484411 -8.313028 153.598082
3455 32.484411 -8.313028 153.598082
3457 32.375035 -8.408139 153.598082
3459 32.312288 -9.311789 153.598082
3461 32.384720 -9.957163 153.598082
3462 32.446282 -10.644380 153.598082
3464 32.563348 -11.014978 153.598082
3466 32.748978 -11.487002 153.598082
3499 32.779838 -11.632399 153.598082
3501 32.084607 -11.666254 153.598082
3504 30.846066 -10.758470 153.598082
3506 29.827189 -9.708637 153.598082
3508 28.445431 -9.448783 153.598082
3511 26.893773 -9.493501 153.598082
3513 25.469119 -9.494273 153.598082
3515 23.918832 -9.416805 153.598082
3517 22.758369 -9.348223 153.598082
3519 21.724714 -9.296321 153.598082
3520 20.936290 -9.247030 153.598082
3554 20.607928 -9.304704 153.598082
3555 20.170539 -9.406713 153.598082
3557 19.724501 -9.340517 153.598082
3590 19.619846 -9.310955 153.598082
3592 19.602760 -9.321303 153.598082
3593 19.432230 -9.228298 153.598082
3595 19.648370 -8.445159 153.598082
3597 20.500018 -7.574164 153.598082
3599 21.278172 -6.996976 153.598082
3633 21.664449 -7.106916 153.598082
3634 22.338543 -7.633813 153.598082
3636 23.339235 -7.817555 153.598082
3637 24.440884 -7.778820 153.598082
3639 25.475149 -7.741071 153.598082
3641 26.572423 -7.837448 153.598082
3643 27.668590 -7.919847 153.598082
3644 28.768504 -7.909636 153.598082
3646 29.738373 -7.893685 153.598082
3648 31.095710 -7.875162 153.598082
3650 32.520262 -7.907102 153.598082
3683 35.861666 -8.296941 153.598082
3685 35.454656 -8.423623 153.598082
3687 34.251457 -8.331430 153.598082
3689 33.573908 -8.273966 153.598082
3722 33.396385 -8.293483 153.598082
3724 32.849492 -8.454167 153.598082
3725 31.785033 -8.280104 153.598082
3728 30.368205 -8.144268 153.598082
3729 29.205750 -8.134975 153.598082
3731 28.168271 -8.128512 153.598082
3733 27.068549 -8.104037 153.598082
3734 26.099300 -8.067311 153.598082
3736 25.004284 -7.994165 153.598082
3738 23.903984 -7.925653 153.598082
3739 22.874297 -7.821086 153.598082
3772 21.170123 -7.084424 153.598082
3774 21.151744 -7.092248 153.598082
3776 20.955417 -6.921562 153.598082
3777 21.101628 -6.047566 153.598082
3779 21.279340 -5.693355 153.598082
3781 21.506598 -4.997242 153.598082
3782 21.531759 -4.187652 153.598082
3784 21.747364 -3.280382 153.598082
3786 22.479847 -2.489702 153.598082
3788 23.545279 -2.232422 153.598082
3789 24.424279 -2.203489 153.598082
3822 24.703751 -2.224403 153.598082
3824 24.124511 -2.379638 153.598082
3826 23.174828 -2.227209 153.598082
3828 22.219623 -2.047615 153.598082
3861 21.856543 -2.036081 153.598082
3863 21.713261 -2.085215 153.598082
3864 21.524326 -1.571224 153.598082
3866 21.611288 -0.543287 153.598082
3868 21.674996 -0.059996 153.598082
3870 21.688901 0.898931 153.598082
3872 21.625506 1.695181 153.598082
3874 21.647596 2.351963 153.598082
3876 21.646147 3.091533 153.598082
3879 21.604135 4.220270 153.598082
3881 21.580006 4.967144 153.598082
3915 12.316612 9.377218 153.598082
3916 11.852045 8.583237 153.598082
3918 11.564999 8.042312 153.598082
3920 11.091956 7.172925 153.598082
3922 10.763807 6.626106 153.598082
3924 10.216313 5.821343 153.598082
3926 10.007907 5.249179 153.598082
3928 9.649818 4.322317 153.598082
3930 9.299850 3.817073 153.598082
3932 8.714837 3.149302 153.598082
3934 8.461223 2.484339 153.598082
3968 17.009912 -3.461608 153.598082
3970 16.545522 -3.574332 153.598082
3972 15.316855 -3.300120 153.598082
3974 14.172422 -3.057323 153.598082
3976 12.996486 -2.684081 153.598082
3978 11.723872 -2.190708 153.598082
3980 10.591652 -1.699058 153.598082
3981 9.487111 -1.146735 153.598082
3983 8.344477 -0.538077 153.598082
3985 7.771241 0.082833 153.598082
3987 7.732294 0.894519 153.598082
4021 17.672060 12.501644 153.598082
4023 18.746472 12.507746 153.598082
4024 19.350392 11.804007 153.598082
4026 19.539499 11.211779 153.598082
4028 19.759852 10.396308 153.598082
4029 19.949204 9.869435 153.598082
4031 20.126409 8.917064 153.598082
4033 20.282683 8.378163 153.598082
4035 20.550833 7.620930 153.598082
4037 20.695468 6.962405 153.598082
4038 21.102442 6.138665 153.598082
4072 19.882605 -2.114307 153.598082
4073 20.566218 -2.421343 153.598082
4075 20.396897 -2.406156 153.598082
4077 20.646234 -2.424132 153.598082
4078 21.146429 -2.473776 153.598082
4080 21.440467 -3.038955 153.598082
4082 21.425007 -3.538771 153.598082
4084 21.314673 -4.384648 153.598082
4085 21.321822 -4.899559 153.598082
4087 21.337454 -5.753332 153.598082
4089 20.962101 -6.643900 153.598082
4122 20.892131 -7.025126 153.598082
4125 21.292154 -6.926888 153.598082
4126 21.429034 -6.781586 153.598082
4129 21.462388 -6.053068 153.598082
4130 21.408590 -5.637051 153.598082
4132 21.375482 -4.881913 153.598082
4134 21.363541 -4.307072 153.598082
4135 21.351916 -3.740195 153.598082
4137 21.453879 -3.162515 153.598082
4139 21.441148 -2.703383 153.598082
4140 21.365494 -2.113459 153.598082
4174 21.863671 3.492466 153.598082
4175 22.026640 3.800469 153.598082
4177 21.950449 4.489176 153.598082
4179 21.707231 5.170010 153.598082
4181 21.626887 5.729192 153.598082
4183 21.533369 6.739822 153.598082
4184 21.399778 7.178472 153.598082
4186 21.198261 7.798920 153.598082
4188 20.968576 8.301350 153.598082
4189 20.592218 9.174868 153.598082
4191 20.936625 10.092009 153.598082
4224 27.656318 10.615202 153.598082
4226 27.295753 10.503773 153.598082
4228 26.287160 10.733871 153.598082
4229 25.195226 10.838925 153.598082
4231 24.030768 10.873219 153.598082
4233 22.945110 10.990569 153.598082
4235 21.853323 11.123516 153.598082
4236 20.809704 11.461858 153.598082
4238 19.804513 12.052776 153.598082
4240 18.952073 12.627063 153.598082
4241 17.868405 12.772365 153.598082
4275 17.010515 4.900720 153.598082
4277 16.718550 4.825420 153.598082
4278 15.793297 5.037624 153.598082
4280 14.803642 5.337332 153.598082
4282 13.578804 5.416107 153.598082
4283 12.609895 5.370266 153.598082
4285 11.510865 5.325292 153.598082
4287 10.346114 5.301283 153.598082
4288 9.244433 5.260839 153.598082
4290 8.282801 5.180475 153.598082
4292 7.834439 5.142147 153.598082
4325 8.014353 5.067775 153.598082
4327 8.846898 5.668813 153.598082
4328 9.196019 6.213233 153.598082
4330 9.657430 6.809967 153.598082
4332 10.400575 7.705794 153.598082
4333 11.127389 8.442504 153.598082
4335 11.984502 9.238690 153.598082
4337 12.905724 10.151918 153.598082
4339 13.779992 10.703372 153.598082
4341 14.712319 11.164091 153.598082
4342 15.627624 11.657753 153.598082
4376 29.985529 22.655707 153.598082
4377 30.888273 22.510477 153.598082
4379 31.935314 22.158730 153.598082
4381 32.985195 21.815302 153.598082
4382 33.989525 21.575959 153.598082
4384 34.987508 21.301880 153.598082
4386 36.058134 21.028565 153.598082
4388 37.256834 20.731702 153.598082
4390 38.650185 20.410816 153.598082
4392 40.142144 20.038889 153.598082
4394 40.743302 19.773325 153.598082
4430 40.807636 19.733573 153.598082
4432 40.954177 19.994732 153.598082
4434 40.243034 20.348894 153.598082
4436 39.022397 20.313502 153.598082
4438 37.737119 20.180046 153.598082
4440 36.509336 20.108239 153.598082
4442 35.291167 19.939313 153.598082
4444 34.179131 19.376380 153.598082
4446 33.968298 18.769817 153.598082
4448 33.767299 18.064213 153.598082
4450 33.488801 17.358437 153.598082
4487 32.418081 8.001190 153.598082
4489 32.347170 7.423888 153.598082
4490 32.261833 6.747723 153.598082
4492 32.526221 5.836047 153.598082
4494 32.723320 5.323256 153.598082
4496 32.915203 4.574855 153.598082
4498 32.956962 3.786358 153.598082
4500 33.192429 3.351443 153.598082
4538 33.757836 3.027069 153.598082
4539 34.765219 3.153265 153.598082
4541 35.911550 3.360267 153.598082
4543 37.197993 3.527046 153.598082
4545 38.348955 3.736705 153.598082
4547 39.699565 4.182820 153.598082
4549 40.383462 4.573234 153.598082
4588 40.543339 4.671893 153.598082
4590 40.465452 4.669768 153.598082
4592 40.457881 5.353932 153.598082
4594 41.020531 6.199985 153.598082
4595 41.826078 6.956215 153.598082
4597 42.715641 7.707912 153.598082
4599 43.463666 7.914635 153.598082
4638 43.763433 7.937174 153.598082
4640 43.387801 7.870653 153.598082
4642 42.404316 8.475358 153.598082
4643 41.970057 9.101922 153.598082
4645 41.851366 9.738488 153.598082
4647 41.860865 10.173384 153.598082
4648 41.881720 10.772960 153.598082
4650 41.885669 11.455409 153.598082
4652 41.881886 12.092717 153.598082
4653 41.870670 12.750053 153.598082
4655 41.880355 13.362469 153.598082
4694 41.817880 14.092684 153.598082
4696 41.762295 13.482257 153.598082
4698 41.487584 12.995982 153.598082
4700 41.394729 12.455995 153.598082
4701 41.428024 11.817165 153.598082
4703 41.463290 11.188773 153.598082
4705 41.458003 10.654147 153.598082
4706 41.425495 9.832298 153.598082
4708 41.442385 9.375662 153.598082
4711 41.438648 8.480759 153.598082
4713 41.405747 7.421300 153.598082
4753 41.514212 3.790933 153.598082
4755 41.465562 3.792266 153.598082
4756 41.272971 4.280905 153.598082
4758 41.348287 4.754103 153.598082
4760 41.555883 5.478584 153.598082
4761 41.592585 5.791317 153.598082
4801 41.596800 5.866188 153.598082
4803 41.466414 5.874684 153.598082
4805 41.318959 6.507863 153.598082
4807 41.461136 6.897538 153.598082
4846 41.492071 6.922896 153.598082
4848 41.592099 7.081216 153.598082
4850 41.516373 7.929234 153.598082
4852 41.398900 8.866888 153.598082
4853 41.282779 9.276417 153.598082
4855 41.154093 9.825526 153.598082
4857 40.976091 10.548856 153.598082
4858 40.842348 11.153105 153.598082
4860 40.686576 11.829934 153.598082
4862 40.489657 12.412488 153.598082
4863 40.382319 12.957050 153.598082
4904 41.039172 20.613617 153.598082
4905 40.027381 20.341499 153.598082
4907 38.930859 20.454301 153.598082
4909 37.832767 20.437023 153.598082
4911 36.546140 20.252495 153.598082
4913 35.082900 19.951641 153.598082
4915 34.219326 19.412348 153.598082
4916 33.730801 18.508870 153.598082
4918 33.631183 18.173679 153.598082
4920 33.323159 17.354981 153.598082
4922 33.025389 16.845793 153.598082
4961 32.678837 15.832254 153.598082
4963 32.634211 15.834822 153.598082
4965 32.511987 16.205114 153.598082
4966 32.932667 17.184882 153.598082
4968 33.310753 17.682216 153.598082
4970 33.793771 18.393592 153.598082
4972 34.040318 18.995421 153.598082
4973 34.392728 19.734872 153.598082
4975 35.020112 20.539283 153.598082
4977 35.799328 21.318897 153.598082
4978 36.561540 22.026446 153.598082
5018 40.927414 24.290676 153.598082
5020 40.520192 24.221864 153.598082
5021 39.536568 24.315773 153.598082
5023 38.509448 24.169530 153.598082
5025 37.504434 23.483995 153.598082
5027 36.772715 22.590420 153.598082
5029 35.958599 21.662982 153.598082
5030 35.669970 21.233786 153.598082
5032 35.081326 20.392623 153.598082
5034 34.366640 19.575144 153.598082
5035 34.023429 19.017212 153.598082
5075 33.609203 16.767201 153.598082
5077 33.449584 16.718553 153.598082
5078 33.267595 17.237941 153.598082
5080 33.335280 17.653363 153.598082
5082 33.491098 18.583847 153.598082
5083 33.512989 19.116442 153.598082
5085 33.430386 19.697823 153.598082
5087 33.368403 20.410034 153.598082
5089 33.291245 21.034030 153.598082
5090 33.088021 21.905580 153.598082
5093 32.863649 22.445697 153.598082
5133 33.637559 25.505217 153.598082
5135 32.580312 25.172547 153.598082
5136 31.664255 24.449306 153.598082
5138 30.800809 23.478847 153.598082
5140 29.674101 22.876409 153.598082
5142 28.509148 22.707855 153.598082
5144 27.766868 22.795138 153.598082
5146 27.403086 23.580759 153.598082
5148 27.805916 24.615701 153.598082
5150 28.285282 24.963508 153.598082
5190 28.482562 24.670318 153.598082
5192 28.291357 24.442626 153.598082
5194 27.713429 24.109518 153.598082
5196 27.454880 23.610587 153.598082
5197 27.899307 22.645571 153.598082
5199 28.878692 22.014284 153.598082
5201 29.826302 21.585805 153.598082
5202 30.773801 21.157414 153.598082
5204 31.803396 20.607326 153.598082
5206 32.639868 19.997662 153.598082
5207 33.051892 19.403823 153.598082
5247 32.701380 8.790977 153.598082
5249 32.685019 8.779518 153.598082
5251 32.574398 8.977338 153.598082
5253 32.589742 9.893537 153.598082
5254 32.646875 10.448052 153.598082
5256 32.706631 11.220282 153.598082
5258 32.706353 11.730104 153.598082
5260 32.713007 12.455073 153.598082
5299 32.717068 12.670034 153.598082
5301 32.836039 12.855251 153.598082
5303 32.790655 13.587640 153.598082
5304 32.681863 13.935819 153.598082
5306 32.612458 14.865509 153.598082
5308 32.621925 15.390301 153.598082
5310 32.617695 16.105289 153.598082
5311 32.632986 16.557530 153.598082
5313 32.659929 17.130964 153.598082
5315 32.917913 17.841934 153.598082
5317 33.230433 18.136584 153.598082
5357 13.079402 10.653869 153.598082
5358 12.578909 9.888858 153.598082
5360 12.485962 9.423985 153.598082
5361 12.716317 8.652663 153.598082
5363 12.968364 7.965301 153.598082
5365 13.251903 7.352883 153.598082
5366 13.655882 6.505564 153.598082
5368 14.288662 5.714996 153.598082
5370 15.315926 5.157780 153.598082
5372 16.193103 4.600773 153.598082
5373 17.013471 3.954242 153.598082
5413 17.455587 3.574046 153.598082
5414 17.455587 3.574046 153.598082
5416 17.455587 3.574046 153.598082
5418 17.455587 3.574046 153.598082
5419 17.455587 3.574046 153.598082
5421 17.455587 3.574046 153.598082
5423 17.455587 3.574046 153.598082
5425 17.455587 3.574046 153.598082
5427 17.455587 3.574046 153.598082
5429 17.455587 3.574046 153.598082
5430 17.455587 3.574046 153.598082
5470 17.562767 3.500496 153.598082
5471 17.592505 3.496594 153.598082
5473 17.631157 3.499569 153.598082
5475 17.722268 3.700548 153.598082
5476 17.374262 4.058109 153.598082
5478 16.925938 4.043862 153.598082
5518 16.736156 3.985263 153.598082
5519 16.406249 3.886536 153.598082
5521 15.683353 4.458011 153.598082
5522 14.982215 5.298286 153.598082
5524 14.021686 5.960928 153.598082
5526 13.229227 6.631409 153.598082
5528 12.432827 7.488221 153.598082
5529 11.638262 8.413934 153.598082
5531 10.839848 9.346256 153.598082
5533 10.243309 10.098222 153.598082
5535 10.030594 10.379525 153.598082
5575 9.862326 11.497514 153.598082
5576 9.694499 10.762085 153.598082
5578 9.627530 10.383103 153.598082
5580 9.481958 9.540670 153.598082
5581 9.368576 9.216205 153.598082
5583 9.128092 8.381132 153.598082
5585 9.042316 7.711819 153.598082
5587 8.920664 7.045464 153.598082
5588 8.817232 6.503033 153.598082
5590 8.669562 5.870662 153.598082
5592 8.561785 5.301590 153.598082
5631 -2.662466 -4.776113 153.598082
5633 -3.762353 -4.791042 153.598082
5635 -4.733342 -4.841386 153.598082
5636 -5.065719 -4.849942 153.598082
5638 -5.607742 -4.827958 153.598082
5640 -6.757038 -4.735090 153.598082
5641 -7.764234 -4.478642 153.598082
5643 -8.683831 -4.157103 153.598082
5644 -9.748868 -3.672847 153.598082
5646 -10.655242 -3.314015 153.598082
5648 -11.764359 -2.951286 153.598082
5688 -29.112833 -2.733845 153.598082
5690 -29.200773 -3.593718 153.598082
5691 -29.269101 -4.158643 153.598082
5693 -29.261399 -4.728573 153.598082
5694 -29.255434 -5.508547 153.598082
5696 -29.228390 -6.408013 153.598082
5697 -29.233088 -6.882989 153.598082
5699 -29.245966 -7.382752 153.598082
5701 -29.252106 -8.237692 153.598082
5702 -29.236156 -8.597338 153.598082
5704 -29.216040 -9.322019 153.598082
5727 -29.017297 -18.269478 153.598082
5728 -29.049735 -18.491593 153.598082
5729 -29.144899 -18.856741 153.598082
5730 -29.187925 -19.383906 153.598082
5731 -29.160347 -19.681755 153.598082
5732 -29.065544 -19.955809 153.598082
5733 -28.904014 -20.533238 153.598082
5734 -28.780907 -21.053776 153.598082
5735 -28.665719 -21.410368 153.598082
5736 -28.576250 -21.638446 153.598082
5737 -28.364828 -22.226188 153.805887
5763 -27.490062 -31.687148 162.932167
5764 -27.394994 -32.041733 163.924650
5765 -27.467070 -32.347005 163.924650
5766 -27.587902 -32.887924 163.924650
5767 -27.607249 -33.086769 164.991063
5768 -27.629517 -33.425983 164.991063
5769 -27.683871 -33.993261 164.991063
5770 -27.713887 -34.185620 165.760101
5771 -27.811722 -34.485005 165.760101
5772 -27.900067 -34.882382 165.760101
5773 -27.952467 -35.157354 166.902639
5801 -30.606744 -46.012581 176.619622
5802 -30.678535 -46.527460 177.584940
5803 -30.664205 -46.740842 177.584940
5804 -30.608478 -47.101496 177.584940
5805 -30.575117 -47.715356 178.650080
5806 -30.577065 -47.892708 178.650080
5807 -30.594184 -48.279804 178.650080
5808 -30.588949 -48.814751 179.624417
5809 -30.563950 -48.977833 179.624417
5810 -30.529763 -49.346062 180.660043
5811 -30.516870 -49.895895 180.660043
5843 -29.023057 -61.422977 192.126342
5844 -29.042684 -62.038052 192.126342
5845 -29.104063 -62.190823 192.941471
5846 -29.212204 -62.499453 192.941471
5847 -29.281840 -63.023992 194.136270
5848 -29.272344 -63.521042 194.136270
5849 -29.240666 -63.741660 194.136270
5850 -29.178163 -64.075444 194.989157
5851 -29.156881 -64.684763 194.989157
5852 -29.166177 -64.924402 194.989157
5853 -29.191130 -65.358659 196.382818
5890 -29.393975 -76.892237 209.474799
5891 -29.393975 -76.892237 209.474799
5892 -29.393975 -76.892237 209.474799
5893 -29.393975 -76.892237 209.474799
5894 -29.393975 -76.892237 209.691324
5895 -29.393975 -76.892237 209.691324
5896 -29.393975 -76.892237 209.691324
5897 -29.393975 -76.892237 209.691324
5898 -29.393975 -76.892237 209.691324
5899 -29.524289 -77.017257 209.691324
5900 -29.560359 -77.368529 209.691324
5941 -30.130962 -92.556145 223.292838
5942 -30.238755 -92.961343 223.292838
5943 -30.256459 -93.330207 224.423019
5944 -30.191519 -93.674111 224.423019
5946 -30.128534 -94.330471 224.423019
5947 -30.100158 -94.814610 225.336663
5948 -30.095215 -95.069549 225.336663
5949 -30.075138 -95.764245 226.299032
5951 -30.044062 -96.049866 226.299032
5952 -30.020676 -96.594245 227.413482
5953 -30.017953 -97.024107 227.413482
5999 -29.333840 -108.326438 234.930483
6000 -29.307979 -108.669395 234.930483
6001 -29.358830 -109.282009 234.930483
6002 -29.392299 -109.527178 234.930483
6003 -29.411648 -109.866561 234.930483
6004 -29.395305 -110.266053 234.930483
6005 -29.381161 -110.473063 234.930483
6006 -29.339324 -110.895991 234.915925
6007 -29.311701 -111.345090 234.915925
6008 -29.293992 -111.519034 234.915925
6009 -29.245090 -111.915894 234.915925
