7 -38.000000 85.000000 -0.680225
8 -38.000000 84.870000 20.010498
9 -38.003199 84.595046 20.010498
10 -38.069685 84.064285 20.010498
11 -38.114128 83.887956 20.010498
12 -38.203672 83.478348 20.969025
13 -38.236880 82.934642 20.969025
14 -38.223331 82.725729 20.969025
15 -38.179604 82.333425 22.020446
16 -38.173940 82.068587 22.020446
17 -38.179761 81.673630 22.020446
18 -38.187288 81.411285 22.020446
19 -38.199780 81.016501 22.978686
20 -38.201630 80.836521 22.978686
21 -38.201630 80.836521 22.978686
22 -38.201630 80.836521 23.363648
23 -38.201630 80.836521 23.363648
24 -38.153085 80.871415 23.363648
25 -38.101180 80.961336 23.363648
26 -38.097865 81.010598 23.394444
27 -38.140586 81.086178 23.394444
28 -38.427217 81.209446 23.394444
29 -38.959146 81.177824 23.394444
30 -39.602208 81.102281 23.394444
31 -40.239132 80.986067 23.394444
32 -40.878951 80.918824 23.394444
33 -41.526043 80.898595 23.394444
34 -42.173527 80.902388 23.394444
35 -42.820434 80.929034 23.363648
36 -43.467111 80.961680 23.769308
37 -44.111622 80.986435 23.769308
38 -44.759024 80.997131 25.374397
39 -45.406519 80.998952 25.723531
40 -46.054004 80.996571 25.723531
41 -46.701166 80.975894 25.276472
42 -47.345806 80.954670 25.276472
43 -47.993660 80.911183 25.276472
44 -48.631523 80.786572 25.276472
45 -49.258770 80.616680 25.276472
46 -49.882558 80.433975 25.361783
47 -50.502396 80.238419 25.361783
48 -51.123867 80.048016 25.361783
49 -51.743104 79.850497 25.361783
50 -52.365156 79.661991 25.361783
51 -52.983901 79.462870 25.361783
52 -53.602741 79.264150 25.361783
53 -54.209687 79.031798 25.504902
54 -54.209687 79.031798 25.504902
55 -54.209687 79.031798 25.662814
56 -54.109337 78.905801 25.662814
57 -53.656842 78.838663 25.662814
58 -53.023918 78.916424 25.662814
59 -52.454492 79.223089 25.662814
60 -51.925360 79.600461 25.662814
61 -51.346293 79.893793 25.662814
62 -50.741824 80.132608 25.662814
63 -50.128598 80.347929 25.662814
64 -49.505034 80.531365 25.662814
65 -49.340649 80.548253 25.662814
66 -49.016119 80.306755 25.662814
67 -48.897373 80.028976 25.662814
68 -48.837000 79.669084 25.662814
69 -48.730132 79.124484 25.662814
70 -48.668380 78.913809 25.662814
71 -48.529878 78.522617 25.662814
72 -48.292480 78.005244 25.662814
73 -48.173228 77.809154 25.662814
74 -47.929512 77.473329 25.662814
75 -47.638244 76.978418 25.662814
76 -47.566957 76.864741 25.662814
77 -47.374023 76.733076 25.662814
78 -46.872917 76.639394 25.662814
79 -46.239254 76.741202 25.662814
80 -45.603160 76.845511 25.662814
81 -44.956120 76.860712 25.662814
82 -44.306532 76.839866 25.662814
83 -43.659384 76.779557 25.662814
84 -43.021276 76.670500 25.662814
85 -42.383708 76.544032 25.662814
86 -41.753539 76.389112 25.662814
87 -41.199596 76.100597 25.662814
88 -40.582852 75.927387 25.662814
89 -39.958152 76.069091 25.662814
90 -39.368303 76.335793 25.662814
91 -38.745833 76.510440 25.662814
92 -38.104993 76.580057 25.662814
93 -37.458357 76.612792 25.662814
94 -36.811114 76.630714 25.662814
95 -36.164738 76.696789 25.662814
96 -35.536938 76.828217 25.662814
97 -34.942539 77.051485 25.662814
98 -34.308480 77.168749 25.662814
99 -33.660069 77.137685 25.662814
100 -33.025105 77.001807 25.662814
101 -32.418727 76.769052 25.662814
102 -31.860894 76.438195 25.867741
103 -31.391294 75.990277 25.867741
104 -31.183075 75.737703 26.816787
105 -30.983397 75.432309 30.048295
106 -30.666559 74.905271 30.048295
107 -30.333270 74.443252 30.048295
108 -29.805505 73.796447 30.927335
109 -29.704061 73.673024 30.927335
110 -29.667786 73.365430 31.695111
111 -29.744841 72.821295 31.695111
112 -29.828523 72.374095 32.698930
113 -29.846540 72.155468 32.698930
114 -29.845042 71.740470 32.698930
115 -29.849279 71.500642 33.749964
116 -29.856702 71.135752 33.749964
117 -29.846423 70.851634 33.749964
118 -29.786534 70.491881 33.749964
119 -29.771393 70.022428 34.989428
120 -29.771311 69.842428 34.989428
121 -29.773982 69.557483 34.989428
122 -29.787603 69.192738 35.837691
123 -29.790057 68.907897 35.837691
124 -29.765697 68.543712 35.837691
125 -29.749179 68.259234 36.891463
126 -29.735089 67.894523 36.891463
127 -29.714349 67.610497 36.891463
128 -29.675258 67.247815 37.716045
129 -29.670184 66.962967 37.716045
131 -29.688107 66.348249 38.734223
131 -29.690232 66.313314 38.734223
132 -29.727665 65.950420 38.734223
133 -29.796438 65.399730 38.734223
134 -29.808087 65.190259 39.654761
135 -29.810784 64.800268 39.654761
136 -29.813261 64.290278 39.654761
137 -29.795395 63.793207 40.721740
138 -29.790748 63.340771 40.721740
139 -29.798009 62.843390 41.749013
140 -29.776501 62.351421 41.749013
142 -29.738066 61.702835 42.724467
142 -29.739523 61.667865 43.744029
143 -29.765076 61.303941 43.744029
144 -29.829338 60.752678 43.744029
145 -29.882268 60.285744 43.744029
146 -29.893466 59.831153 44.678631
147 -29.873805 59.612604 44.678631
148 -29.828454 59.200426 45.740355
149 -29.825816 58.960672 45.740355
150 -29.842979 58.596089 45.740355
151 -29.840430 58.311722 46.760027
153 -29.775578 57.586009 47.617015
154 -29.776796 57.136011 47.617015
155 -29.783335 56.936148 47.617015
156 -29.796732 56.486361 47.617015
157 -29.820109 55.982176 48.994899
158 -29.902764 55.800886 48.994899
159 -30.076203 55.354601 48.994899
160 -30.074103 54.789593 49.617941
161 -29.917563 54.362420 50.128037
162 -29.867535 54.168815 50.128037
163 -29.861516 53.695914 50.992746
166 -29.852756 52.267797 51.707061
167 -29.789492 52.022378 52.657574
168 -29.828438 51.629354 52.657574
169 -29.856782 51.375962 53.549418
170 -29.894532 50.982862 53.549418
171 -29.899656 50.728114 53.549418
172 -29.879892 50.333627 53.549418
173 -29.868648 50.078919 54.566108
174 -29.854843 49.684161 54.566108
175 -29.849455 49.429264 54.566108
176 -29.846600 49.034292 55.585071
179 -29.764631 47.839159 56.572963
180 -29.768991 47.694225 56.572963
181 -29.765803 47.249269 57.591841
182 -29.772761 47.062022 57.591841
183 -29.787583 46.617381 57.591841
184 -29.763528 46.429576 57.591841
185 -29.694926 45.990207 58.549980
186 -29.687105 45.785597 58.549980
187 -29.692455 45.390633 58.549980
188 -29.698260 45.135732 59.629692
189 -29.698755 44.740810 59.629692
193 -29.623922 43.625869 60.643385
194 -29.626605 43.205877 60.643385
195 -29.613679 42.726209 61.661172
196 -29.596012 42.381760 61.661172
197 -29.600768 42.086806 62.734521
198 -29.600626 41.706841 62.734521
199 -29.552156 41.466757 62.734521
200 -29.515480 41.063720 63.696940
201 -29.516787 40.818723 63.696940
202 -29.519349 40.413739 63.696940
203 -29.530432 40.168990 63.696940
207 -29.479988 38.787624 65.732946
208 -29.485201 38.462673 65.732946
209 -29.496376 38.217935 65.732946
210 -29.494886 37.813042 66.745638
211 -29.452268 37.571836 66.745638
212 -29.420126 37.168335 66.745638
213 -29.419155 36.923351 67.785693
214 -29.409641 36.518470 67.785693
215 -29.407249 36.273495 67.785693
216 -29.400432 35.868561 68.877429
217 -29.402497 35.623575 68.877429
221 -29.323215 33.983961 69.013768
222 -29.350268 33.802077 69.013768
223 -29.432292 33.380296 69.013768
224 -29.465379 32.846749 69.013768
225 -29.425331 32.702593 69.042742
226 -29.305289 32.269248 69.042742
227 -29.208650 31.722760 69.042742
228 -29.095640 31.266582 69.042742
229 -28.948944 30.841190 69.042742
230 -28.970314 30.647830 69.458622
231 -29.211445 30.221479 69.458622
236 -29.297155 28.420545 69.525968
237 -29.297155 28.420545 69.525968
238 -29.297155 28.420545 69.560479
239 -29.384466 28.444953 69.560479
240 -29.526905 28.744716 69.560479
241 -29.579819 29.288319 69.560479
242 -29.502253 29.759171 69.560479
243 -29.473333 29.943156 69.164298
244 -29.450893 30.367001 69.164298
245 -29.509189 30.868409 69.164298
246 -29.550485 30.996842 69.164298
251 -29.743046 33.119208 69.164298
252 -29.805289 33.458215 69.164298
253 -29.916393 33.698721 69.164298
254 -30.162213 34.173864 69.164298
255 -30.376819 34.528971 69.164298
256 -30.527671 34.746800 69.164298
257 -30.810234 35.200930 69.164298
258 -31.046296 35.635986 69.164298
259 -31.146083 35.826398 69.164298
260 -31.378553 36.269065 69.164298
261 -31.649469 36.681936 69.164298
267 -34.885567 36.892534 69.164298
268 -34.942305 36.932369 69.164298
269 -34.974022 37.209763 69.164298
270 -34.587889 37.619580 69.164298
271 -33.966873 37.794538 69.164298
272 -33.330435 37.926554 69.164298
273 -32.692446 38.036836 69.164298
274 -32.078861 38.193843 69.164298
275 -31.602781 38.588543 69.164298
276 -31.391112 39.029777 69.164298
277 -31.344365 39.243238 69.164298
282 -31.386185 41.427140 69.164298
283 -31.328805 41.781920 69.164298
284 -31.360922 42.082578 69.164298
285 -31.386768 42.606545 69.164298
286 -31.381468 42.971481 69.164298
287 -31.366485 43.276112 69.164298
288 -31.362405 43.630858 69.164298
289 -31.414797 43.936369 69.164298
290 -31.461044 44.408816 69.270053
291 -31.463427 44.773783 69.270053
292 -31.462325 45.078724 69.270053
298 -31.417986 47.192020 69.164298
299 -31.417986 47.192020 69.164298
300 -31.424774 47.199363 69.164298
301 -31.455885 47.224374 69.164298
302 -31.465752 47.226003 69.164298
303 -31.465752 47.226003 69.164298
304 -31.465752 47.226003 69.164298
305 -31.465752 47.226003 69.164298
306 -31.426060 47.223832 69.164298
307 -31.304517 47.080389 69.164298
308 -31.268224 46.607861 69.164298
314 -33.956350 44.954606 69.164298
315 -34.473205 44.931514 69.164298
316 -35.120467 44.913990 69.164298
317 -35.760970 44.886210 69.164298
318 -36.410923 44.879256 69.425789
319 -37.057533 44.845841 69.425789
320 -37.704592 44.784930 69.425789
321 -38.347628 44.690087 69.425789
322 -38.985740 44.580509 69.425789
323 -39.625305 44.464569 69.425789
324 -40.264156 44.344726 69.425789
330 -43.903073 43.473460 69.425789
331 -43.903073 43.473460 69.425789
332 -43.915761 43.458009 69.425789
333 -43.937916 43.413464 69.425789
334 -43.937916 43.413464 69.425789
335 -43.937916 43.413464 69.425789
336 -43.937916 43.413464 69.425789
337 -43.937916 43.413464 69.425789
338 -43.881042 43.524844 69.425789
339 -43.686381 43.539018 69.425789
340 -43.203538 43.457080 69.425789
345 -39.342796 43.668800 69.425789
346 -38.709259 43.802515 69.425789
347 -38.073879 43.926889 69.425789
348 -37.438573 44.038253 69.425789
349 -36.798795 44.153022 69.425789
350 -36.161066 44.265003 69.425789
351 -35.520715 44.376469 69.425789
352 -34.885100 44.499935 69.425789
353 -34.246227 44.619581 69.425789
354 -33.606210 44.732690 69.425789
355 -32.971761 44.873917 69.425789
361 -31.360532 46.557032 69.425789
362 -31.402282 46.843854 69.425789
363 -31.423181 47.313196 69.425789
364 -31.418908 47.673033 69.425789
365 -31.449376 47.926142 69.425789
366 -31.466593 48.370660 69.425789
367 -31.460890 48.735584 69.425789
368 -31.448932 49.040073 69.425789
369 -31.409616 49.513315 69.425789
370 -31.406649 49.878274 69.425789
371 -31.419642 50.182981 69.425789
377 -31.489528 52.405438 69.425789
378 -31.449310 52.803411 69.425789
379 -31.398045 53.330919 69.425789
380 -31.362282 53.714122 69.425789
381 -31.385341 53.937894 69.425789
382 -31.412934 54.427020 69.425789
383 -31.421087 54.926951 69.425789
384 -31.425306 55.426931 69.425789
385 -31.409418 55.936472 69.425789
386 -31.385796 56.445835 69.425789
387 -31.399939 56.913030 69.425789
393 -31.517679 59.303375 69.425789
394 -31.521018 59.688316 69.425789
395 -31.510999 59.993151 69.425789
396 -31.476454 60.461611 69.425789
397 -31.408450 60.931685 69.425789
398 -31.366462 61.284052 69.425789
399 -31.354225 61.586296 69.425789
400 -31.362544 62.061105 69.425789
401 -31.386379 62.425272 69.425789
402 -31.396187 62.730114 69.425789
403 -31.405342 63.084917 69.425789
410 -31.467535 65.690363 69.425789
411 -31.484529 66.104925 69.425789
412 -31.500385 66.584488 69.425789
413 -31.497598 66.876945 69.425789
414 -31.496409 67.216934 69.425789
415 -31.499236 67.726926 69.425789
416 -31.502092 68.236918 69.425789
417 -31.503434 68.619385 69.425789
418 -31.444962 68.877739 69.425789
419 -31.381290 69.242021 69.425789
420 -31.360816 69.506218 69.425789
426 -31.393921 72.217680 69.425789
427 -31.393921 72.217680 69.425789
428 -31.393921 72.217680 69.425789
429 -31.297154 72.151923 69.425789
430 -31.204689 71.767693 69.425789
431 -31.217273 71.229213 69.425789
432 -31.266915 70.721657 69.425789
433 -31.293918 70.234941 69.425789
434 -31.269753 69.736519 69.425789
435 -31.170854 69.365146 69.425789
436 -31.041695 69.066917 69.425789
442 -30.366919 66.951810 69.425789
443 -30.366919 66.951810 69.425789
444 -30.457620 66.889265 69.425789
445 -30.595330 66.962080 69.425789
446 -30.710750 67.319803 69.425789
447 -30.742750 67.722857 69.425789
448 -30.659619 67.984822 69.425789
449 -30.573704 68.359709 69.425789
450 -30.550756 68.633687 69.425789
451 -30.541396 69.018497 69.425789
452 -30.564732 69.289988 69.425789
459 -30.634794 72.060652 69.425789
460 -30.666732 72.516724 69.425789
461 -30.739226 73.021543 69.425789
462 -30.763787 73.305321 69.425789
463 -30.750133 73.669977 69.425789
464 -30.733084 73.961941 69.425789
465 -30.669448 74.321146 69.425789
466 -30.600310 74.599432 69.425789
467 -30.455112 74.901278 69.425789
468 -30.299585 75.351794 69.425789
469 -30.222848 75.651772 69.425789
475 -29.905516 78.340424 69.425789
476 -29.910935 78.850316 69.425789
477 -29.935319 79.312102 69.425789
478 -29.940675 79.852060 69.425789
479 -29.943553 80.362052 69.425789
480 -29.938878 80.614461 69.425789
481 -29.925481 81.004230 69.425789
482 -29.896300 81.500800 69.425789
483 -29.890021 81.983178 69.425789
484 -29.894743 82.493155 69.425789
485 -29.899841 82.960627 69.425789
488 -29.919576 84.129960 69.425789
489 -29.906832 84.387139 69.425789
490 -29.915027 84.771708 69.425789
491 -29.979028 85.039063 69.425789
492 -30.033257 85.560802 69.425789
493 -30.026963 86.040689 69.425789
494 -30.017546 86.520597 69.425789
495 -29.998509 86.905069 69.425789
496 -30.007730 87.179915 69.425789
497 -30.014520 87.564809 69.425789
498 -30.020933 87.837234 69.425789
504 -29.975389 89.944995 69.425789
505 -30.008759 90.143762 69.425789
506 -30.126113 90.582921 69.425789
507 -30.147415 90.766530 69.425789
508 -30.144929 91.171495 69.425789
509 -30.132722 91.445692 69.425789
510 -30.077402 91.796231 69.425789
511 -30.058402 92.350660 69.425789
512 -30.079016 92.539088 69.425789
513 -30.099936 92.968127 69.425789
514 -30.095298 93.478106 69.425789
520 -30.049001 96.137390 69.425789
521 -30.069044 96.501359 69.425789
522 -30.147866 96.816621 69.425789
523 -30.199083 97.172575 69.425789
524 -30.219505 97.496916 69.425789
525 -30.204048 97.981388 69.425789
526 -30.171871 98.515406 69.425789
527 -30.165664 98.995217 69.425789
528 -30.163599 99.220162 69.425789
529 -30.154177 99.620047 69.425789
530 -30.149976 100.120025 69.425789
534 -30.152447 102.192523 69.425789
535 -30.191170 102.730688 69.425789
536 -30.244189 103.232812 69.425789
537 -30.249154 103.742659 69.425789
538 -30.234918 104.229857 69.425789
539 -30.205739 104.716435 69.425789
540 -30.193000 105.226241 69.425789
541 -30.193776 105.736237 69.425789
542 -30.196117 106.246231 69.425789
543 -30.189871 106.573592 69.425789
544 -30.173052 106.928193 69.425789
552 -30.158444 109.926650 69.425790
553 -30.177900 110.435923 69.425790
554 -30.240790 110.972243 69.425790
555 -30.302692 111.478473 69.425790
556 -30.354806 111.985782 69.425790
557 -30.404969 112.523442 69.425790
558 -30.447942 113.031622 69.425790
559 -30.475212 113.540872 69.425790
560 -30.500102 113.844737 69.425790
561 -30.553827 114.165259 69.425790
562 -30.620547 114.516342 69.425790
567 -31.116622 116.620649 69.425790
568 -31.158000 117.013322 69.425790
569 -31.153379 117.288184 69.425790
570 -31.133136 117.812794 69.425790
571 -31.113700 118.207255 69.425790
572 -31.077423 118.479838 69.425790
573 -31.053764 118.863994 69.425790
574 -31.054592 119.138993 69.425790
575 -31.056022 119.613991 69.425790
576 -31.044821 120.083837 69.425790
577 -31.052351 120.478727 69.425790
583 -31.008391 123.087619 69.425790
584 -30.985173 123.311418 69.425790
585 -30.976695 123.805513 69.425790
586 -31.041149 124.286079 69.425790
587 -31.042774 124.451071 69.425790
588 -31.044215 124.911063 69.425790
589 -31.012024 125.409805 69.425790
590 -30.912757 125.930074 69.425790
591 -30.738077 126.435491 69.425790
592 -30.563743 126.882695 69.425790
593 -30.426424 127.342622 69.425790
604 -29.999888 131.216032 69.425790
605 -30.028996 131.564730 69.425790
606 -30.074974 132.027370 69.425790
607 -30.090485 132.321803 69.425790
608 -30.094063 132.686780 69.425790
609 -30.094561 133.166697 69.425790
610 -30.092852 133.461473 69.425790
611 -30.115207 133.780685 69.425790
612 -30.126054 134.285506 69.425790
613 -30.133721 134.760321 69.425790
614 -30.145036 135.055060 69.425790
625 -30.645163 138.970024 69.425790
626 -30.645163 138.970024 69.425790
627 -30.645163 138.970024 69.425790
628 -30.587758 138.935761 69.425790
629 -30.489847 138.629240 69.425790
630 -30.488944 138.269857 69.425790
631 -30.523885 137.946752 69.425790
632 -30.531479 137.402296 69.425790
633 -30.450005 136.879796 69.425790
634 -30.343115 136.565462 69.425790
635 -30.198221 136.297086 69.425790
646 -29.770549 130.802555 69.425790
647 -29.733678 130.364976 69.425790
648 -29.794490 129.863716 69.425790
649 -29.858317 129.342885 69.425790
650 -29.849166 128.863284 69.425790
651 -29.778561 128.333431 69.425790
652 -29.648261 127.856085 69.425790
653 -29.491226 127.455827 69.425790
654 -29.401292 127.195950 69.425790
655 -29.243538 126.695434 69.425790
656 -29.150709 126.224642 69.425790
668 -28.871688 120.374144 69.425790
669 -28.892426 119.894919 69.425790
670 -28.943333 119.427753 69.425790
671 -28.969349 118.893589 69.425790
672 -28.954365 118.413963 69.425790
673 -28.930262 117.879512 69.425790
674 -28.903548 117.400347 69.425790
675 -28.891112 116.915629 69.425790
676 -28.883401 116.380695 69.425790
677 -28.853952 115.901716 69.425790
678 -28.823860 115.422740 69.425790
690 -28.077409 109.906337 69.425790
691 -28.090671 109.879518 69.425790
692 -28.283222 109.802347 69.425790
693 -28.558699 109.967482 69.425790
694 -28.698328 110.460818 69.425790
695 -28.739862 110.762840 69.425790
696 -28.791951 111.123960 69.425790
697 -28.857855 111.411034 69.425790
698 -29.000671 111.746928 69.425790
699 -29.191618 112.246549 69.425790
700 -29.323674 112.624084 69.425790
711 -30.717737 116.672391 69.425790
712 -30.798023 116.844549 69.425790
713 -31.010131 117.291784 69.425790
714 -31.335153 117.839586 69.425790
715 -31.808099 118.267123 69.425790
716 -32.416115 118.472505 69.425790
717 -33.058258 118.528596 69.425790
718 -33.705682 118.529076 69.425790
719 -34.352991 118.513359 69.425790
720 -35.000292 118.497299 69.425790
721 -35.644493 118.468374 69.425790
733 -38.693397 115.299161 69.425790
734 -38.693397 115.299161 69.425790
735 -38.693397 115.299161 69.425790
736 -38.693397 115.299161 69.425790
737 -38.693397 115.299161 69.425790
738 -38.693397 115.299161 69.425790
739 -38.743400 115.388708 69.425790
740 -39.047043 115.465420 69.425790
741 -39.457828 115.150619 69.425790
742 -39.587105 114.769394 69.425790
743 -39.593210 114.459724 69.425790
756 -41.598678 109.719868 69.425790
757 -41.725854 109.453764 69.425790
758 -41.881397 109.134711 69.425790
759 -42.122031 108.656918 69.425790
760 -42.241090 108.384413 69.425790
761 -42.388629 108.007329 69.425790
762 -42.629418 107.441624 69.425790
763 -42.995772 106.925023 69.425790
764 -43.426279 106.438280 69.425790
765 -43.870432 105.970615 69.425790
766 -44.295930 105.489729 69.425790
779 -46.517943 101.300525 69.425790
780 -46.489654 101.280088 69.425790
781 -46.182588 101.265446 69.425790
782 -45.758937 101.658894 69.425790
783 -45.666404 101.960011 69.425790
784 -45.586356 102.315912 69.425790
785 -45.447844 102.770180 69.425790
786 -45.296862 103.156529 69.425790
787 -45.163675 103.385602 69.425790
788 -44.907041 103.866356 69.425790
789 -44.647543 104.325260 69.425790
801 -38.192496 105.477299 69.425790
802 -37.611127 105.442895 69.425790
803 -36.963675 105.438120 69.425790
804 -36.316184 105.441447 69.425790
805 -35.668692 105.444773 69.425790
806 -35.024826 105.411266 69.425790
807 -34.378968 105.338234 69.425790
808 -33.736665 105.238932 69.425790
809 -33.098827 105.143492 69.425790
810 -32.469823 105.007419 69.425790
811 -31.921680 104.673471 69.425790
824 -30.896659 99.745201 69.425790
825 -30.889550 99.420391 69.425790
826 -30.899701 99.095565 69.425790
827 -30.896732 98.610696 69.425790
828 -30.884262 98.250973 69.425790
829 -30.894033 97.976149 69.425790
830 -30.900940 97.476207 69.425790
831 -30.894656 96.991346 69.425790
832 -30.884951 96.666638 69.425790
833 -30.897301 96.341885 69.425790
834 -30.897053 95.857020 69.425790
848 -30.853103 90.645203 69.425790
849 -30.882164 90.161216 69.425790
850 -30.921482 90.016526 69.425790
851 -31.001060 89.574162 69.425790
852 -31.006612 89.344727 69.425790
853 -30.985909 88.920233 69.425790
854 -30.969811 88.385482 69.425790
855 -30.975973 88.210711 69.425790
856 -30.995079 87.791166 69.425790
857 -31.002769 87.256239 69.425790
858 -30.985066 86.761600 69.425790
872 -31.656376 81.365881 69.425790
873 -32.148974 80.949363 69.425790
874 -32.744237 80.703152 69.425790
875 -33.348169 80.477134 69.425790
876 -33.948791 80.235758 69.425790
877 -34.577032 80.082682 69.425790
878 -35.222736 80.042885 69.425790
879 -35.869472 80.072587 69.425790
880 -36.512355 80.124778 69.425790
881 -37.159980 80.180238 69.425790
882 -37.803243 80.254097 69.425790
895 -46.468242 81.794550 69.425790
896 -47.072591 82.032777 69.425790
897 -47.674425 82.278282 69.425790
898 -48.294173 82.472682 69.425790
899 -48.934739 82.562490 69.425790
900 -49.581892 82.578616 69.425790
901 -50.226796 82.567879 69.425790
902 -50.874131 82.553398 69.425790
903 -51.521072 82.526560 69.425790
904 -52.168317 82.520040 69.425790
905 -52.812917 82.542753 69.425790
919 -53.686140 82.662079 69.425790
920 -53.686140 82.662079 69.425790
921 -53.686140 82.662079 69.425790
922 -53.686140 82.662079 69.425790
923 -53.686140 82.662079 69.425790
924 -53.686140 82.662079 69.425790
925 -53.600483 82.590982 69.425790
926 -53.199605 82.540412 69.425790
927 -52.573393 82.627654 69.425790
928 -51.935003 82.735568 69.425790
929 -51.290111 82.788493 69.425790
943 -42.765617 80.340519 69.425790
944 -42.272418 80.184034 69.425790
945 -41.647318 80.005863 69.425790
946 -41.026152 79.823123 69.425790
947 -40.403089 79.637957 69.425790
948 -39.783190 79.442776 69.425790
949 -39.173151 79.218396 69.425790
950 -38.569800 78.983468 69.425790
951 -37.967785 78.745101 69.425790
952 -37.368193 78.494174 69.425790
953 -36.765164 78.251819 69.425790
967 -31.147649 74.417253 69.425790
968 -31.158478 74.102874 69.425790
969 -31.193342 73.584050 69.425790
970 -31.198128 73.099278 69.425790
971 -31.181847 72.820180 69.425790
972 -31.078088 72.501778 69.425790
973 -30.979842 72.192400 69.425790
974 -30.922496 71.862385 69.425790
975 -30.781410 71.330953 69.425790
976 -30.695909 71.059088 69.425790
977 -30.582652 70.743872 69.425790
990 -29.984224 65.729434 69.425790
991 -30.021090 65.220784 69.425790
992 -30.040209 64.736370 69.425790
993 -30.029476 64.411814 69.425790
994 -29.988583 64.089529 69.425790
995 -29.976530 63.604943 69.425790
996 -29.974732 63.245059 69.425790
997 -29.938767 62.972471 69.425790
998 -29.918488 62.462987 69.425790
999 -29.909574 62.113161 69.425790
1000 -29.883152 61.839443 69.425790
1014 -29.747303 56.403482 69.425790
1015 -29.794661 55.915893 69.425790
1016 -29.832426 55.437619 69.425790
1017 -29.826052 55.022685 69.425790
1018 -29.817490 54.807870 69.425790
1019 -29.776815 54.319566 69.425790
1020 -29.744436 53.840768 69.425790
1021 -29.738449 53.440868 69.425790
1022 -29.696804 53.179212 69.425790
1023 -29.671677 52.710165 69.425790
1024 -29.673565 52.265193 69.425790
1038 -29.494800 46.759195 69.425790
1039 -29.533228 46.583724 69.425790
1040 -29.603681 46.119502 69.425790
1041 -29.616298 45.639890 69.425790
1042 -29.589649 45.200702 69.425790
1043 -29.532314 44.972915 69.425790
1044 -29.472129 44.517323 69.425790
1045 -29.465391 44.032373 69.425790
1046 -29.442826 43.853798 69.425790
1047 -29.419086 43.379589 69.425790
1048 -29.409512 42.899685 69.425790
1062 -29.258368 37.082161 69.425790
1063 -29.271979 36.958436 69.425790
1064 -29.333025 36.598753 69.425790
1065 -29.363008 36.074914 69.425790
1066 -29.333384 35.576040 69.425790
1067 -29.298859 35.359435 69.425790
1068 -29.227837 34.951145 69.425790
1069 -29.214602 34.666607 69.425790
1070 -29.208337 34.301667 69.425790
1071 -29.197520 33.776778 69.425790
1072 -29.196746 33.276847 69.425790
1086 -28.672393 28.268506 69.425790
1087 -28.548567 27.793328 69.425790
1088 -28.544259 27.514118 69.425790
1089 -28.615641 27.186953 69.425790
1090 -28.646912 26.673410 69.425790
1091 -28.623918 26.179126 69.425790
1092 -28.590707 25.927120 69.425790
1093 -28.485965 25.556951 69.425790
1094 -28.443373 25.280478 69.425790
1095 -28.403942 24.948081 69.425790
1096 -28.332352 24.631429 70.725528
1109 -26.441971 19.544051 75.893744
1110 -26.353017 19.464028 76.193571
1111 -26.095407 19.358591 76.193571
1112 -25.532503 19.360165 76.193571
1113 -24.890435 19.421561 76.193571
1114 -24.243545 19.443836 76.423166
1115 -23.596442 19.423393 76.423166
1116 -22.951709 19.364783 76.684942
1117 -22.308454 19.290771 76.684942
1118 -21.665738 19.212300 76.869372
1119 -21.023023 19.133748 76.869372
1135 -14.550938 18.227584 81.335480
1136 -14.420747 18.154507 81.335480
1137 -14.013726 18.093146 82.996026
1138 -13.384041 18.173631 82.996026
1139 -12.742189 18.258399 82.996026
1140 -12.096319 18.302953 83.485690
1141 -11.449189 18.324356 83.485690
1142 -10.804409 18.341202 90.956805
1143 -10.157167 18.359345 90.956805
1144 -9.510159 18.384601 91.263686
1145 -8.863159 18.410029 91.263686
1155 -2.279297 18.832510 91.960102
1156 -2.264310 18.819304 91.960102
1157 -2.227184 18.588397 91.960102
1158 -2.566026 18.188770 91.960102
1159 -3.115332 17.842457 91.960102
1160 -3.712154 17.591678 91.960102
1161 -4.296111 17.307219 91.960102
1162 -4.840125 16.952083 91.960102
1163 -5.352947 16.552842 91.960102
1164 -5.849655 16.133596 91.960102
1165 -6.328561 15.694434 91.960102
1176 -8.943480 11.713759 93.159328
1177 -9.045291 11.524393 93.159328
1178 -9.288372 11.087507 93.159328
1179 -9.438264 10.746657 94.084326
1180 -9.566488 10.514769 94.084326
1181 -9.768007 10.079684 95.700473
1182 -9.831774 9.874370 95.700473
1183 -9.956261 9.447302 95.700473
1184 -9.979925 9.251266 96.027186
1185 -10.074726 8.785953 96.027186
1186 -10.172692 8.351890 97.564853
1207 -12.851700 0.396110 102.012257
1208 -12.874116 -0.053318 102.012257
1209 -12.882472 -0.483175 102.012257
1210 -12.901077 -0.701967 102.012257
1211 -12.944899 -1.114503 102.012257
1212 -12.945747 -1.639170 102.012257
1213 -12.907980 -2.142707 102.012257
1214 -12.867216 -2.656091 102.012257
1215 -12.851292 -3.160786 102.292622
1216 -12.823321 -3.589760 102.292622
1217 -12.814682 -3.806892 102.292622
1230 -12.958780 -8.247270 102.292622
1231 -12.828737 -8.319214 102.292622
1232 -12.385860 -8.302445 102.292622
1233 -11.785490 -8.067475 102.292622
1234 -11.202154 -7.780844 102.292622
1235 -10.624334 -7.483165 102.292622
1236 -10.038229 -7.202148 102.292622
1237 -9.449457 -6.926758 102.292622
1238 -8.858094 -6.656992 102.292622
1239 -8.269354 -6.381692 102.292622
1240 -7.685258 -6.096517 102.292622
1263 0.586777 -5.299633 108.146662
1264 0.586777 -5.299633 108.146662
1265 0.621596 -5.228184 108.146662
1266 0.570729 -4.884168 108.146662
1267 0.100930 -4.569996 108.146662
1268 -0.538266 -4.511282 108.146662
1269 -1.176113 -4.586584 108.146662
1270 -1.946524 -4.708495 108.146662
1271 -2.585161 -4.828537 108.146662
1272 -3.187074 -5.056677 108.146662
1273 -3.784817 -5.310525 108.146662
1298 -12.266765 1.821922 108.396774
1299 -12.180956 2.083116 108.396774
1300 -11.977475 2.588689 108.396774
1301 -11.876084 2.813839 108.396774
1302 -11.656735 3.177833 108.396774
1303 -11.405894 3.671768 108.396774
1304 -11.195385 4.166296 108.396774
1305 -10.970448 4.696797 108.396774
1306 -10.860107 4.914554 108.396774
1307 -10.636117 5.227671 108.396774
1308 -10.363897 5.710348 108.396774
1333 -6.774320 14.537015 108.396774
1334 -6.676898 15.042656 108.396774
1335 -6.458778 15.514276 108.396774
1336 -5.939764 15.898569 108.396774
1337 -5.345180 16.160180 108.396774
1338 -4.731732 16.374693 108.396774
1339 -4.044240 16.570790 108.396774
1340 -3.482660 16.734400 108.396774
1341 -2.870729 16.953419 108.396774
1342 -2.205137 17.214558 108.396774
1343 -1.606404 17.467529 108.396774
1369 11.145392 21.024236 108.396774
1370 11.145392 21.024236 108.396774
1371 11.145392 21.024236 108.396774
1372 11.145392 21.024236 108.396774
1373 11.054981 21.095923 108.396774
1374 11.083638 21.209061 108.396774
1375 11.375452 21.315940 108.396774
1376 11.969411 21.319861 108.396774
1377 12.613333 21.252095 108.396774
1378 13.387611 21.182267 108.396774
1379 14.034462 21.154398 108.396774
1394 18.216036 21.659103 108.396774
1395 17.752311 21.629908 108.396774
1396 17.111435 21.537564 108.396774
1397 16.468099 21.465524 108.396774
1398 15.823867 21.435117 108.396774
1399 15.046604 21.416479 108.396774
1400 14.399176 21.406830 108.396774
1401 13.754252 21.396915 108.396774
1402 13.105433 21.361704 108.396774
1403 12.460182 21.308586 108.396774
1404 11.748302 21.279589 108.396774
1433 -0.175217 27.362796 108.396774
1434 -0.169444 27.370962 108.396774
1435 0.013340 27.434031 108.396774
1436 0.292115 27.202302 108.396774
1437 0.365897 26.697712 108.396774
1438 0.352076 26.463142 108.396774
1439 0.384829 25.945099 108.396774
1440 0.448105 25.776994 108.396774
1441 0.666551 25.283260 108.396774
1442 0.855220 24.782682 108.396774
1443 1.062557 24.281373 108.396774
1472 -13.474676 20.956739 108.396774
1473 -14.121863 20.936610 108.396774
1475 -14.768966 20.913927 108.396774
1476 -15.416066 20.891176 108.396774
1477 -16.060789 20.872621 108.396774
1478 -16.773056 20.854534 108.396774
1479 -17.419893 20.825416 108.396774
1480 -18.066022 20.783326 108.396774
1481 -18.711733 20.735268 108.396774
1482 -19.356604 20.677087 108.396774
1483 -20.130773 20.605305 108.396774
1513 -28.163457 28.745468 108.396774
1514 -28.163457 28.745468 108.396774
1515 -28.100591 28.733551 108.396774
1516 -27.946108 28.472163 108.396774
1517 -27.918742 27.851462 108.396774
1518 -28.006001 27.308579 108.396774
1519 -28.060539 27.171690 108.396774
1520 -28.197012 26.636123 108.396774
1521 -28.177005 26.174776 108.396774
1522 -28.122181 25.675334 108.396774
1523 -28.109215 25.460730 108.396774
1553 -19.299801 23.991759 108.396774
1554 -19.299801 23.991759 108.396774
1555 -19.248115 23.974539 108.396774
1556 -19.142056 23.743396 108.396774
1557 -19.087514 23.302130 108.396774
1558 -19.125335 23.095768 108.396774
1559 -19.222894 22.661619 108.396774
1560 -19.267438 22.451318 108.396774
1561 -19.373124 21.962626 108.396774
1562 -19.589607 21.411585 108.396774
1563 -20.072855 20.987365 108.396774
1593 -28.165481 28.798576 108.396774
1594 -28.239226 29.318111 108.396774
1595 -28.257463 29.802526 108.396774
1596 -28.248209 30.067159 108.396774
1597 -28.222924 30.451238 108.396774
1598 -28.224291 30.971176 108.396774
1599 -28.247791 31.455508 108.396774
1600 -28.255564 31.700192 108.396774
1601 -28.249449 32.065130 108.396774
1602 -28.249227 32.575128 108.396774
1603 -28.261169 33.059882 108.396774
1634 -28.550013 45.762563 108.396774
1635 -28.553323 46.187419 108.396774
1636 -28.578002 46.418070 108.396774
1637 -28.627536 46.839747 108.396774
1638 -28.630980 47.064637 108.396774
1639 -28.626032 47.464606 108.396774
1640 -28.622493 48.009578 108.396774
1641 -28.647106 48.170171 108.396774
1642 -28.680741 48.643667 108.396774
1643 -28.670424 49.138507 108.396774
1644 -28.679195 49.303273 108.396774
1674 -28.977152 61.459288 108.396774
1675 -28.988009 61.939165 108.396774
1676 -28.997698 62.352801 108.396774
1677 -29.003904 62.617729 108.396774
1678 -29.012910 63.087607 108.396774
1679 -29.005765 63.597555 108.396774
1680 -29.018223 63.851830 108.396774
1681 -29.060780 64.264485 108.396774
1682 -29.063946 64.624380 108.396774
1683 -29.079385 64.866380 108.396774
1684 -29.086878 65.343784 108.396774
1715 -29.308284 77.391943 108.396774
1716 -29.316761 77.821809 108.396774
1717 -29.312507 78.086774 108.396774
1718 -29.305281 78.621724 108.396774
1719 -29.308245 78.786665 108.396774
1720 -29.325471 79.146242 108.396774
1721 -29.355372 79.705443 108.396774
1722 -29.373781 80.155043 108.396774
1723 -29.373994 80.639900 108.396774
1724 -29.363795 80.919586 108.396774
1725 -29.346877 81.254055 108.396774
1755 -29.659460 93.270497 108.396774
1756 -29.773692 93.627393 108.396774
1757 -29.839641 94.162537 108.396774
1758 -29.835302 94.337327 108.396774
1759 -29.814690 94.761823 108.396774
1760 -29.806105 95.286678 108.396774
1761 -29.833567 95.745800 108.396774
1762 -29.843821 95.970526 108.396774
1763 -29.857258 96.370295 108.396774
1764 -29.881221 96.879731 108.396774
1765 -29.888847 97.109578 108.396774
1795 -37.446085 107.673329 108.396774
1796 -37.925015 107.875785 108.396774
1797 -38.516003 108.146341 108.396774
1798 -39.229513 108.461348 108.396774
1799 -39.817437 108.738516 108.396774
1800 -40.405627 109.015127 108.396774
1801 -40.871385 109.246235 108.396774
1802 -41.444969 109.551991 108.396774
1803 -42.131294 109.922496 108.396774
1804 -42.605679 110.135022 108.396774
1805 -43.218106 110.352609 108.396774
1836 -47.140823 112.534562 108.396774
1837 -46.861521 112.269595 108.396774
1838 -46.377508 111.866942 108.396774
1839 -45.816440 111.540092 108.396774
1840 -45.234350 111.250838 108.396774
1841 -44.658815 110.949070 108.396774
1842 -44.101458 110.614795 108.396774
1843 -43.535381 110.295707 108.396774
1844 -42.947361 110.018747 108.396774
1845 -42.349251 109.764330 108.396774
1846 -41.752643 109.506389 108.396774
1877 -30.638881 100.068681 108.396774
1878 -30.692312 99.596717 108.396774
1879 -30.710281 99.107412 108.396774
1880 -30.686641 98.633162 108.396774
1881 -30.662862 98.309201 108.396774
1882 -30.654345 97.984386 108.396774
1883 -30.630726 97.675478 108.396774
1884 -30.585732 97.353771 108.396774
1885 -30.561269 97.009700 108.396774
1886 -30.556228 96.734754 108.396774
1887 -30.548410 96.359851 108.396774
1917 -30.372568 86.381373 108.396774
1918 -30.416938 85.888458 108.396774
1919 -30.437454 85.509189 108.396774
1920 -30.444183 84.904230 108.396774
1921 -30.434206 84.529432 108.396774
1922 -30.405946 84.135493 108.396774
1923 -30.404729 83.873007 108.396774
1924 -30.399711 83.503072 108.396774
1925 -30.356048 83.241750 108.396774
1926 -30.325341 82.828024 108.396774
1927 -30.335628 82.613270 108.396774
1959 -30.075711 71.030557 108.396774
1960 -30.111147 70.486853 108.396774
1961 -30.141809 70.239154 108.396774
1962 -30.195919 69.858384 108.396774
1963 -30.196386 69.583993 108.396774
1964 -30.141263 69.258672 108.396774
1965 -30.091288 68.731251 108.396774
1966 -30.086467 68.261370 108.396774
1967 -30.071419 68.007251 108.396774
1968 -30.033544 67.654477 108.396774
1969 -30.018147 67.139722 108.396774
2000 -29.743605 56.921167 108.396774
2001 -29.813424 56.365594 108.396774
2002 -29.826376 55.885941 108.396774
2003 -29.805466 55.722285 108.396774
2004 -29.774424 55.248525 108.396774
2005 -29.769354 55.083610 108.396774
2006 -29.749158 54.614044 108.396774
2007 -29.752505 54.449086 108.396774
2008 -29.743892 53.979234 108.396774
2009 -29.718728 53.806509 108.396774
2010 -29.669202 53.384860 108.396774
2041 -29.401543 42.773133 108.396774
2042 -29.439775 42.302213 108.396774
2043 -29.472569 41.906234 108.396774
2044 -29.439211 41.552852 108.396774
2045 -29.426344 41.208114 108.396774
2046 -29.402808 41.014553 108.396774
2047 -29.375113 40.565627 108.396774
2048 -29.376510 40.370636 108.396774
2049 -29.365580 39.935779 108.396774
2050 -29.336144 39.682519 108.396774
2051 -29.318248 39.182940 108.396774
2083 -29.004591 28.375725 108.396774
2084 -29.084151 28.034922 108.396774
2085 -29.132737 27.482975 108.396774
2086 -29.096207 27.024754 108.396774
2087 -29.058385 26.823941 108.396774
2088 -28.925456 26.452015 108.396774
2089 -28.795842 25.912681 108.396774
2090 -28.663680 25.451493 108.396774
2091 -28.581777 25.258977 108.396774
2092 -28.381543 24.918528 108.396774
2093 -28.199166 24.391362 108.396774
2124 -11.569486 20.736583 108.396774
2125 -10.922820 20.767043 108.396774
2126 -10.277251 20.817004 108.396774
2127 -9.630972 20.855879 108.396774
2128 -8.983961 20.881042 108.396774
2129 -8.339452 20.906209 108.396774
2130 -7.692255 20.925529 108.396774
2131 -7.044937 20.940881 108.396774
2132 -6.332638 20.957812 108.396774
2133 -5.752802 20.971594 108.396774
2134 -5.105410 20.982871 108.396774
2166 15.269664 20.546867 108.396774
2167 15.914217 20.568639 108.396774
2168 16.563284 20.537958 108.396774
2169 17.204048 20.430828 108.396774
2170 17.841610 20.304504 108.396774
2171 18.433486 20.056757 108.396774
2172 18.850968 19.603686 108.396774
2173 18.941021 19.366204 108.396774
2174 18.984236 18.984215 108.396774
2175 18.983199 18.734474 108.396774
2176 18.963322 18.350057 108.396774
2207 20.057091 11.880163 108.396774
2208 20.106432 11.404804 108.396774
2209 20.067842 10.906442 108.396774
2210 20.086256 10.672249 108.396774
2211 20.123084 10.283992 108.396774
2212 20.128999 10.064090 108.396774
2213 20.174664 9.634058 109.412342
2214 20.238520 9.281426 109.412342
2216 20.378981 8.923074 109.412342
2217 20.549806 8.312049 111.420019
2218 20.676526 7.725700 111.420019
2251 21.970433 0.443815 115.240707
2253 22.567312 0.499217 115.240707
2254 23.340203 0.582531 115.240707
2255 24.116857 0.617641 115.110471
2256 24.826687 0.632702 115.110471
2257 25.604150 0.640283 115.110471
2258 26.381644 0.641187 115.110471
2259 27.026621 0.646665 115.110471
2261 27.869090 0.652077 115.110471
2262 28.514645 0.581815 115.110471
2263 29.240248 0.345442 115.110471
2298 33.229485 -0.103847 115.110471
2299 33.229485 -0.103847 115.110471
2300 33.229485 -0.103847 115.110471
2302 33.239440 -0.086511 115.110471
2303 33.211112 0.030647 115.110471
2304 32.772418 0.199261 115.110471
2305 32.064625 0.214985 115.110471
2306 31.427221 0.116961 115.110471
2307 30.587649 0.053388 115.110471
2308 29.881158 0.118444 115.110471
2310 29.257548 0.460367 115.110471
2345 20.419414 14.658370 115.110471
2346 20.384412 15.232206 115.110471
2348 20.308110 15.756239 115.110471
2349 20.208077 16.184636 115.110471
2350 20.131997 16.551734 115.110471
2351 19.948543 17.190892 115.110471
2352 19.793992 17.749865 115.110471
2353 19.688909 17.971078 115.110471
2354 19.491237 18.435596 115.110471
2356 19.307029 18.948379 115.110471
2357 19.068015 19.524244 115.110471
2392 -3.652476 19.982716 115.110471
2394 -4.425950 20.030637 115.110471
2395 -5.073203 20.047628 115.110471
2396 -5.850689 20.050923 115.110471
2397 -6.625644 20.045109 115.110471
2398 -7.337681 20.019512 115.110471
2399 -8.112122 19.990074 115.110471
2400 -8.824352 19.971173 115.110471
2402 -9.601521 19.991273 115.110471
2403 -10.246079 20.015048 115.110471
2404 -11.022909 20.047064 115.110471
2440 -29.223093 25.649006 115.110471
2441 -29.358826 26.000908 115.110471
2442 -29.586772 26.437473 115.110471
2443 -29.802945 26.908730 115.110471
2444 -29.868043 27.175877 115.110471
2445 -30.010805 27.649761 115.110471
2446 -30.137937 27.991900 115.110471
2448 -30.329185 28.512788 115.110471
2449 -30.434794 28.806540 115.110471
2450 -30.628739 29.250972 115.110471
2451 -30.826800 29.780087 115.110471
2487 -44.239726 30.676530 115.110471
2488 -43.639196 30.740932 115.110471
2489 -42.926739 30.744273 115.110471
2490 -42.149241 30.743911 115.110471
2491 -41.376576 30.791872 115.110471
2493 -40.675093 30.928645 115.110471
2494 -39.920416 31.125699 115.110471
2495 -39.154791 31.238931 115.110471
2496 -38.444968 31.246252 115.110471
2497 -37.667493 31.240022 115.110471
2498 -36.893777 31.201048 115.110471
2535 -24.587253 21.099609 115.110471
2537 -23.882928 20.997133 115.110471
2538 -23.137815 20.790801 115.110471
2539 -22.450941 20.595887 115.110471
2540 -21.672922 20.602241 115.110471
2541 -20.913273 20.771742 115.110471
2542 -20.211275 21.097510 115.110471
2544 -19.686168 21.382548 115.110471
2545 -19.235063 21.727282 115.110471
2546 -18.959905 22.338049 115.110471
2547 -18.994560 22.569779 115.110471
2585 -19.967358 35.040177 115.110471
2586 -19.680903 34.569109 115.110471
2587 -19.578736 34.116439 115.110471
2588 -19.560240 33.822022 115.110471
2589 -19.516061 33.409712 115.110471
2591 -19.400147 33.042660 115.110471
2592 -19.303746 32.461635 115.110471
2593 -19.234826 31.845492 115.110471
2594 -19.150425 31.403522 115.110471
2595 -19.095659 31.052915 115.110471
2596 -18.958392 30.443180 115.110471
2634 -4.932099 21.372099 115.110471
2635 -4.157400 21.368147 115.110471
2637 -3.445994 21.407487 115.110471
2638 -2.672001 21.382948 115.110471
2639 -1.897645 21.313176 115.110471
2640 -1.189481 21.262186 115.110471
2641 -0.478512 21.215506 115.110471
2642 0.232828 21.175130 115.110471
2644 1.007131 21.142309 115.110471
2645 1.783521 21.100767 115.110471
2646 2.492745 21.067756 115.110471
2684 19.743528 14.768599 115.110471
2685 19.675930 14.730091 115.110471
2686 19.566609 14.847163 115.110471
2687 19.488503 15.353983 115.110471
2688 19.538797 15.800186 115.110471
2689 19.719557 16.139917 115.110471
2691 19.881021 16.573892 115.110471
2692 19.872206 16.998496 115.110471
2693 19.770667 17.608410 115.110471
2694 19.557653 18.206475 115.110471
2695 19.382853 18.811713 115.110471
2733 -3.515829 19.974551 115.110471
2734 -4.290149 20.007007 115.110471
2735 -5.002166 20.033056 115.110471
2737 -5.647046 20.044976 115.110471
2738 -6.489538 20.047973 115.110471
2739 -7.202038 20.048843 115.110471
2740 -7.911757 20.030250 115.110471
2741 -8.753695 19.999480 115.110471
2742 -9.466090 19.998582 115.110471
2744 -10.176044 20.006651 115.110471
2745 -11.018428 20.019269 115.110471
2783 -27.878287 26.237798 115.110471
2784 -27.943998 26.523210 115.110471
2785 -28.083369 27.038725 115.110471
2786 -28.120502 27.567066 115.110471
2787 -28.113565 27.991975 115.110471
2788 -28.101635 28.326747 115.110471
2790 -28.115957 28.668316 115.110471
2791 -28.251237 29.118068 115.110471
2792 -28.310272 29.708821 115.110471
2793 -28.289328 29.905165 115.110471
2794 -28.247819 30.478650 115.110471
2832 -28.253202 46.357828 115.110471
2833 -28.275918 46.916823 115.110471
2834 -28.340042 47.341941 115.110471
2836 -28.371502 47.725564 115.110471
2837 -28.374275 48.067950 115.110471
2838 -28.361298 48.612795 115.110471
2839 -28.343184 49.137434 115.110471
2840 -28.352193 49.582282 115.110471
2841 -28.350315 49.947274 115.110471
2843 -28.356796 50.477148 115.110471
2844 -28.384803 50.817889 115.110471
2881 -28.726291 65.316565 115.110471
2883 -28.814990 65.968050 115.110471
2884 -28.857039 66.533739 115.110471
2885 -28.839463 67.048211 115.110471
2886 -28.805621 67.564533 115.110471
2887 -28.801876 67.882010 115.110471
2888 -28.802692 68.251968 115.110471
2890 -28.821830 68.746597 115.110471
2891 -28.820107 69.276481 115.110471
2892 -28.798990 69.811005 115.110471
2893 -28.793670 70.105654 115.110471
2931 -28.112676 84.696623 115.110471
2932 -28.170635 85.132602 115.110471
2933 -28.235602 85.470647 115.110471
2935 -28.244981 85.905254 115.110471
2936 -28.226934 86.294836 115.110471
2937 -28.206850 86.904490 115.110471
2938 -28.218232 87.139206 115.110471
2939 -28.232788 87.723977 115.110471
2940 -28.238801 88.286436 115.110471
2942 -28.238892 88.731360 115.110471
2943 -28.212380 89.117942 115.110471
2981 -18.471942 92.983480 115.110471
2982 -18.527815 92.902916 115.110471
2983 -18.991900 92.907329 115.110471
2984 -19.570267 93.315984 115.110471
2985 -19.935354 93.816640 115.110471
2986 -20.145469 94.346288 115.110471
2988 -20.400278 94.860179 115.110471
2989 -20.858692 95.218844 115.110471
2990 -21.808013 95.393019 115.110471
2991 -22.582730 95.458537 115.110471
2992 -23.287903 95.557965 115.110471
3030 -27.782035 84.526815 115.110471
3032 -27.839780 83.939648 115.110471
3033 -27.891697 83.351979 115.110471
3034 -27.911669 82.702406 115.110471
3035 -27.907192 82.127428 115.110471
3036 -27.880530 81.548053 115.110471
3037 -27.871511 80.973231 115.110471
3039 -27.881749 80.383320 115.110471
3040 -27.882456 80.118370 115.110471
3041 -27.868406 79.493528 115.110471
3042 -27.876803 79.013683 115.110471
3080 -30.932427 61.983202 115.110471
3082 -31.109249 61.453438 115.110471
3083 -31.175643 60.923167 115.110471
3084 -31.211885 60.532481 115.110471
3085 -31.312072 60.076003 115.110471
3086 -31.448018 59.483940 115.110471
3087 -31.859151 58.823531 115.110471
3089 -32.438129 58.406182 115.110471
3090 -33.016650 58.110360 115.110471
3091 -33.845149 57.734090 115.110471
3092 -34.496044 57.438243 115.110471
3131 -46.595025 50.539675 115.110471
3132 -46.093015 50.563179 115.110471
3133 -45.507222 50.830590 115.110471
3134 -44.848924 51.246429 115.110471
3135 -44.310338 51.716455 115.110471
3136 -43.623595 52.075995 115.110471
3138 -42.858144 52.179012 115.110471
3139 -42.144703 52.136814 115.110471
3140 -41.370973 52.038854 115.110471
3141 -40.542404 51.901372 115.110471
3142 -39.903434 51.782214 115.110471
3181 -29.562946 39.233466 115.110471
3182 -29.548402 38.786542 115.110471
3183 -29.561046 38.338145 115.110471
3185 -29.534369 37.939065 115.110471
3186 -29.516058 37.359367 115.110471
3187 -29.510862 36.759484 115.110471
3188 -29.507808 36.442009 115.110471
3189 -29.489964 35.972376 115.110471
3190 -29.450999 35.368686 115.110471
3191 -29.404976 34.780734 115.110471
3193 -29.385164 34.191071 115.110471
3231 -20.806850 19.246353 115.110471
3233 -20.125984 19.028193 115.110471
3234 -19.393892 18.759233 115.110471
3235 -18.664285 18.483825 115.110471
3236 -17.985786 18.258341 115.110471
3237 -17.251070 18.004264 115.110471
3238 -16.511213 17.757448 115.110471
3240 -15.836310 17.529427 115.110471
3241 -15.233867 17.285562 115.110471
3242 -14.505933 17.005887 115.110471
3243 -13.687758 16.796832 115.110471
3282 -6.489501 2.998913 115.110471
3283 -6.438124 2.870100 115.110471
3284 -6.446911 2.909123 115.110471
3285 -6.474379 2.782069 115.110471
3286 -6.501546 2.533771 115.110471
3288 -6.502271 2.413790 115.110471
3289 -6.501758 2.383794 115.110471
3290 -6.501758 2.383794 115.110471
3291 -6.501758 2.383794 115.110471
3292 -6.507330 2.413170 115.110471
3294 -6.435078 2.534061 115.110471
3332 3.202673 3.288163 115.110471
3334 3.048327 2.905557 115.110471
3335 2.514306 2.470313 115.110471
3336 1.717476 2.211351 115.110471
3337 1.009613 2.164582 115.110471
3338 0.297515 2.186358 115.110471
3339 -0.541796 2.220367 115.110471
3341 -1.254010 2.240096 115.110471
3342 -1.966469 2.247407 115.110471
3343 -2.741467 2.248390 115.110471
3344 -3.518884 2.240812 115.110471
3383 -7.114079 14.553421 115.110471
3384 -7.122110 15.063306 115.110471
3385 -7.138913 15.633023 115.110471
3386 -7.151625 16.207727 115.110471
3388 -7.223843 16.793223 115.110471
3389 -7.313265 17.376364 115.110471
3390 -7.376450 18.018134 115.110471
3391 -7.388401 18.537883 115.110471
3392 -7.416976 19.107154 115.110471
3393 -7.426588 19.692037 115.110471
3395 -7.467720 20.225275 115.110471
3434 -11.602538 31.260447 115.110471
3435 -11.064005 31.133619 115.110471
3436 -10.593272 30.605931 115.110471
3437 -10.518852 30.172949 115.110471
3438 -10.488715 29.849401 115.110471
3439 -10.400094 29.250941 115.110471
3441 -10.259623 28.684438 115.110471
3442 -9.899248 28.036570 115.110471
3443 -9.744110 27.777029 115.110471
3444 -9.516390 27.360207 115.110471
3445 -9.271524 26.821464 115.110471
3485 -25.005508 21.075555 115.110471
3486 -25.047117 21.026080 115.110471
3487 -25.076393 20.886209 115.110471
3488 -24.935723 20.764419 115.110471
3489 -24.285397 20.701716 115.110471
3490 -23.574656 20.626236 115.110471
3492 -22.866928 20.524731 115.110471
3493 -22.159552 20.465956 115.110471
3494 -21.321766 20.522873 115.110471
3495 -20.654669 20.776454 115.110471
3496 -20.032881 21.128596 115.110471
3536 -18.363007 36.117284 115.110471
3537 -18.254315 36.234696 115.110471
3538 -18.220195 36.271245 115.110471
3539 -18.220195 36.271245 115.110471
3540 -18.220195 36.271245 115.110471
3541 -18.220195 36.271245 115.110471
3543 -18.220195 36.271245 115.110471
3544 -18.220195 36.271245 115.110471
3545 -18.296510 36.333637 115.110471
3546 -18.287705 36.461212 115.110471
3547 -17.965107 36.577474 115.110471
3587 -17.050317 36.551371 115.110471
3588 -17.050317 36.551371 115.110471
3589 -17.050317 36.551371 115.110471
3590 -17.050317 36.551371 115.110471
3591 -17.050317 36.551371 115.110471
3592 -17.050317 36.551371 115.110471
3593 -17.050317 36.551371 115.110471
3594 -17.050317 36.551371 115.110471
3596 -17.050317 36.551371 115.110471
3597 -17.050317 36.551371 115.110471
3598 -17.050317 36.551371 115.110471
3637 -17.050317 36.551371 115.110471
3638 -17.050317 36.551371 115.110471
3639 -17.050317 36.551371 115.110471
3640 -17.050317 36.551371 115.110471
3642 -17.050317 36.551371 115.110471
3643 -17.050317 36.551371 115.110471
3644 -17.050317 36.551371 115.110471
3645 -17.050317 36.551371 115.110471
3646 -17.050317 36.551371 115.110471
3647 -17.050317 36.551371 115.110471
3648 -17.050317 36.551371 115.110471
3688 -17.050317 36.551371 115.110471
3689 -17.050317 36.551371 115.110471
3690 -17.050317 36.551371 115.110471
3691 -17.050317 36.551371 115.110471
3692 -17.050317 36.551371 115.110471
3693 -17.050317 36.551371 115.110471
3694 -17.050317 36.551371 115.110471
3696 -17.050317 36.551371 115.110471
3697 -17.050317 36.551371 115.110471
3698 -17.050317 36.551371 115.110471
3737 -17.050317 36.551371 115.110471
3738 -17.050317 36.551371 115.110471
3739 -17.050317 36.551371 115.110471
3741 -17.050317 36.551371 115.110471
3742 -17.050317 36.551371 115.110471
3743 -17.050317 36.551371 115.110471
3744 -17.050317 36.551371 115.110471
3745 -17.050317 36.551371 115.110471
3746 -17.050317 36.551371 115.110471
3747 -17.050317 36.551371 115.110471
3748 -17.050317 36.551371 115.110471
3788 -17.050317 36.551371 115.110471
3789 -17.050317 36.551371 115.110471
3790 -17.050317 36.551371 115.110471
3791 -17.050317 36.551371 115.110471
3792 -17.050317 36.551371 115.110471
3793 -17.050317 36.551371 115.110471
3794 -17.050317 36.551371 115.110471
3796 -17.050317 36.551371 115.110471
3797 -17.050317 36.551371 115.110471
3798 -17.050317 36.551371 115.110471
3799 -17.050317 36.551371 115.110471
3838 -17.050317 36.551371 115.110471
3839 -17.050317 36.551371 115.110471
3841 -17.050317 36.551371 115.110471
3842 -17.050317 36.551371 115.110471
3843 -17.050317 36.551371 115.110471
3844 -17.050317 36.551371 115.110471
3845 -17.050317 36.551371 115.110471
3846 -17.050317 36.551371 115.110471
3847 -17.050317 36.551371 115.110471
3887 -17.050317 36.551371 115.110471
3888 -17.050317 36.551371 115.110471
3889 -17.050317 36.551371 115.110471
3890 -17.050317 36.551371 115.110471
3891 -17.050317 36.551371 115.110471
3892 -17.050317 36.551371 115.110471
3893 -17.050317 36.551371 115.110471
3894 -17.050317 36.551371 115.110471
3896 -17.050317 36.551371 115.110471
3897 -17.050317 36.551371 115.110471
3898 -17.050317 36.551371 115.110471
3937 -17.050317 36.551371 115.110471
3938 -17.050317 36.551371 115.110471
3939 -17.050317 36.551371 115.110471
3940 -17.050317 36.551371 115.110471
3942 -17.050317 36.551371 115.110471
3943 -17.050317 36.551371 115.110471
3944 -17.050317 36.551371 115.110471
3945 -17.050317 36.551371 115.110471
3946 -17.050317 36.551371 115.110471
3947 -17.050317 36.551371 115.110471
3948 -17.050317 36.551371 115.110471
3988 -17.050317 36.551371 115.110471
3989 -17.050317 36.551371 115.110471
3990 -17.050317 36.551371 115.110471
3991 -17.050317 36.551371 115.110471
3992 -17.050317 36.551371 115.110471
3993 -17.050317 36.551371 115.110471
3994 -17.050317 36.551371 115.110471
3995 -17.050317 36.551371 115.110471
3997 -17.050317 36.551371 115.110471
4036 -17.050317 36.551371 115.110471
4037 -17.050317 36.551371 115.110471
4038 -17.050317 36.551371 115.110471
4039 -17.050317 36.551371 115.110471
4040 -17.050317 36.551371 115.110471
4042 -17.050317 36.551371 115.110471
4043 -17.050317 36.551371 115.110471
4044 -17.050317 36.551371 115.110471
4045 -17.050317 36.551371 115.110471
4046 -17.050317 36.551371 115.110471
4047 -17.050317 36.551371 115.110471
4087 -17.082277 36.595969 115.110471
4088 -17.318254 36.687686 115.110471
4089 -17.449045 36.646034 115.110471
4090 -17.537738 36.585293 115.110471
4091 -17.537738 36.585293 115.110471
4092 -17.537738 36.585293 115.110471
4093 -17.537738 36.585293 115.110471
4094 -17.537738 36.585293 115.110471
4134 -17.537738 36.585293 115.110471
4135 -17.537738 36.585293 115.110471
4136 -17.537738 36.585293 115.110471
4137 -17.537738 36.585293 115.110471
4138 -17.537738 36.585293 115.110471
4139 -17.550433 36.615193 115.110471
4141 -17.612555 36.695762 115.110471
4142 -17.659073 36.714092 115.110471
4143 -17.698985 36.712660 115.110471
4144 -17.737703 36.702253 115.110471
4145 -17.763605 36.671569 115.110471
4185 -19.231421 35.776966 115.110471
4186 -19.231747 35.283904 115.110471
4187 -19.333662 34.759184 115.110471
4188 -19.357142 34.483965 115.110471
4189 -19.331962 33.969603 115.110471
4190 -19.339750 33.404719 115.110471
4192 -19.348245 33.024860 115.110471
4193 -19.324823 32.603054 115.110471
4194 -19.327686 32.079461 115.110471
4195 -19.319160 31.784599 115.110471
4196 -19.294904 31.170077 115.110471
4236 -27.519780 22.028626 115.110471
4237 -27.734198 22.475709 115.110471
4238 -27.789035 22.683543 115.110471
4239 -27.845702 23.375306 115.110471
4240 -27.846368 23.855298 115.110471
4241 -27.831994 24.265004 115.110471
4243 -27.842284 24.717309 115.110471
4244 -27.834883 25.232185 115.110471
4245 -27.852856 25.446411 115.110471
4246 -27.874422 26.020821 115.110471
4247 -27.872555 26.350789 115.110471
4287 -28.375549 41.097204 115.110471
4288 -28.505354 41.666578 115.110471
4289 -28.533279 42.200533 115.110471
4290 -28.535748 42.635409 115.110471
4291 -28.510759 43.059657 115.110471
4293 -28.509778 43.604451 115.110471
4294 -28.539637 43.892331 115.110471
4295 -28.578391 44.475637 115.110471
4296 -28.584949 44.995536 115.110471
4297 -28.574575 45.425288 115.110471
4299 -28.598424 45.849618 115.110471
4338 -28.955997 61.452752 115.110471
4339 -28.973306 61.977428 115.110471
4340 -28.980709 62.312128 115.110471
4341 -29.016810 62.635065 115.110471
4343 -29.035879 63.379715 115.110471
4344 -29.026217 63.934560 115.110471
4345 -29.052344 64.168089 115.110471
4346 -29.078726 64.777331 115.110471
4347 -29.087028 65.307256 115.110471
4348 -29.102656 65.891910 115.110471
4350 -29.110808 66.171641 115.110471
4389 -29.376166 81.701240 115.110471
4390 -29.427156 82.228244 115.110471
4391 -29.417038 82.427988 115.110471
4392 -29.400201 83.017715 115.110471
4394 -29.402655 83.372628 115.110471
4395 -29.420259 83.857308 115.110471
4396 -29.423135 84.392232 115.110471
4397 -29.458494 84.685053 115.110471
4398 -29.476331 85.084504 115.110471
4399 -29.468169 85.481920 115.110471
4401 -29.449306 86.066547 115.110471
4440 -30.367149 100.750342 115.110471
4441 -30.480687 101.226911 115.110471
4442 -30.516619 101.519673 115.110471
4444 -30.608716 102.072042 115.110471
4445 -30.684075 102.407743 115.110471
4446 -30.890044 102.901494 115.110471
4447 -31.076919 103.429269 115.110471
4448 -31.130359 103.678605 115.110471
4449 -31.258765 104.171838 115.110471
4451 -31.683590 104.867291 115.110471
4452 -32.248154 105.302139 115.110471
4491 -50.483507 117.002765 115.110471
4492 -50.482242 117.012685 115.110471
4494 -50.271917 117.201443 115.110471
4495 -49.557428 117.350248 115.110471
4496 -48.864165 117.204975 115.110471
4497 -48.637803 117.095420 115.110471
4498 -48.388307 116.614883 115.110471
4499 -48.252676 116.180677 115.110471
4501 -48.123082 115.855560 115.110471
4502 -47.819574 115.209232 115.110471
4503 -47.358103 114.588150 115.110471
4542 -30.899886 101.682021 115.110471
4544 -30.880537 101.172593 115.110471
4545 -30.893923 100.577833 115.110471
4546 -30.904966 99.902967 115.110471
4547 -30.887409 99.463318 115.110471
4548 -30.897976 99.143500 115.110471
4549 -30.903089 98.533530 115.110471
4551 -30.896857 98.013640 115.110471
4552 -30.891336 97.668947 115.110471
4553 -30.902290 97.159093 115.110471
4554 -30.896501 96.926702 115.110471
4593 -31.050119 82.966333 115.110471
4595 -31.050119 82.966333 115.110471
4596 -31.050119 82.966333 115.110471
4597 -30.920621 83.074447 115.110471
4598 -30.868066 83.599027 115.110471
4599 -30.900893 83.830617 115.110471
4600 -31.032138 84.353734 115.110471
4602 -31.076901 85.026509 115.110471
4603 -31.069165 85.221204 115.110471
4604 -31.048301 85.780764 115.110471
4605 -31.046221 86.305749 115.110471
4644 -41.631475 95.927552 115.110471
4646 -42.113439 95.980961 115.110471
4647 -43.018403 96.045459 115.110471
4648 -43.665802 96.055197 115.110471
4649 -44.505794 96.051974 115.110471
4650 -45.283283 96.047704 115.110471
4651 -45.930773 96.044148 115.110471
4653 -46.050767 96.042921 115.110471
4654 -46.100764 96.042409 115.110471
4655 -46.305748 96.039955 115.110471
4656 -46.470633 96.033825 115.110471
4696 -47.611478 95.655604 115.110471
4697 -47.250897 95.630085 115.110471
4698 -46.538575 95.799713 115.110471
4699 -45.837146 95.922435 115.110471
4700 -45.061545 95.973663 115.110471
4701 -44.284180 95.987447 115.110471
4702 -43.574203 95.993113 115.110471
4704 -42.926706 95.995028 115.110471
4705 -42.084210 95.997349 115.110471
4706 -41.374211 95.997379 115.110471
4707 -40.661713 95.997545 115.110471
4747 -31.343872 86.981520 115.110471
4748 -31.349393 86.576619 115.110471
4749 -31.336164 86.136818 115.110471
4750 -31.332637 85.856897 115.110471
4751 -31.323546 85.327038 115.110471
4752 -31.292807 85.073932 115.110471
4754 -31.274786 84.659443 115.110471
4755 -31.279965 84.294481 115.110471
4756 -31.286141 83.934583 115.110471
4757 -31.296537 83.484745 115.110471
4758 -31.269681 83.202015 115.110471
4798 -47.156717 71.107911 115.110471
4799 -47.434024 70.575893 115.110471
4800 -47.591085 70.280225 115.110471
4801 -47.795499 69.813008 115.110471
4802 -48.009432 69.344571 115.110471
4803 -48.205691 69.092090 115.110471
4805 -48.574363 68.570250 115.110471
4806 -48.722641 68.272854 115.110471
4807 -48.959532 67.832630 115.110471
4808 -49.116017 67.548120 115.110471
4809 -49.400406 67.118791 115.110471
4849 -50.237475 65.784943 115.110471
4850 -50.359823 65.424647 115.110471
4851 -50.549376 65.296262 115.110471
4852 -50.801305 65.168738 115.110471
4854 -51.186000 65.119086 115.110471
4855 -51.066071 65.123212 115.110471
4856 -51.051086 65.123928 115.110471
4857 -51.496074 65.123631 115.110471
4858 -52.067812 65.043492 115.110471
4859 -52.500428 64.603602 115.110471
4861 -52.581091 64.074393 115.110471
4901 -52.506197 63.207239 115.110471
4902 -52.496748 63.203963 115.110471
4903 -52.408086 63.264550 115.110471
4904 -52.364337 63.409927 115.110471
4905 -52.271391 63.951847 115.110471
4906 -52.182769 64.555314 115.110471
4908 -51.933190 65.215341 115.110471
4909 -51.499014 65.776735 115.110471
4910 -50.915161 66.293824 115.110471
4911 -50.304508 66.778973 115.110471
4912 -49.735539 67.211983 115.110471
4953 -33.659927 77.062873 115.110471
4954 -32.967722 76.887148 115.110471
4955 -32.252671 76.584617 115.110471
4956 -31.688044 76.111564 115.110471
4957 -31.440423 75.652406 115.110471
4959 -31.334422 75.083319 115.110471
4960 -31.386001 74.494284 115.110471
4961 -31.452093 73.977279 115.110471
4962 -31.469879 73.686685 115.110471
4963 -31.482147 73.206874 115.110471
4964 -31.492985 72.852351 115.110471
5005 -31.161601 58.587523 115.110471
5006 -31.209448 58.305467 115.110471
5007 -31.387435 57.841624 115.110471
5008 -31.440048 57.302054 115.110471
5009 -31.364360 56.797775 115.110471
5011 -31.323767 56.332323 115.110471
5012 -31.303446 55.892868 115.110471
5013 -31.268405 55.605634 115.110471
5014 -31.213842 55.079152 115.110471
5015 -31.215140 54.864156 115.110471
5017 -31.218689 54.409185 115.110471
5057 -30.882106 37.694168 115.110471
5058 -30.980097 37.214480 115.110471
5059 -31.018190 36.636027 115.110471
5060 -30.987571 36.046924 115.110471
5062 -30.946964 35.775000 115.110471
5063 -30.917686 35.075894 115.110471
5064 -30.925812 34.481042 115.110471
5065 -30.943861 33.906490 115.110471
5066 -30.921487 33.337035 115.110471
5067 -30.886072 32.763162 115.110471
5069 -30.877211 32.173334 115.110471
5109 -38.825697 14.851627 115.110471
5110 -38.878029 14.442960 115.110471
5111 -38.818497 14.150924 115.110471
5112 -38.721376 13.595625 115.110471
5114 -38.711316 13.240960 115.110471
5115 -38.719771 12.696026 115.110471
5116 -38.722900 12.121067 115.110471
5117 -38.709619 11.526220 115.110471
5118 -38.724733 11.251635 115.110471
5120 -38.732671 10.616898 115.110471
5121 -38.700160 10.327039 115.110471
5163 -39.227265 3.796035 115.110471
5164 -39.250048 3.736195 115.110471
5165 -39.513229 3.642866 115.110471
5166 -40.021564 4.060891 115.110471
5167 -40.090017 4.458217 115.110471
5168 -40.104936 4.742812 115.110471
5169 -40.169547 5.162381 115.110471
5171 -40.278635 5.403822 115.110471
5172 -40.572615 6.005830 115.110471
5173 -40.706829 6.262878 115.110471
5174 -40.940271 6.676543 115.110471
5218 -49.489569 10.706294 115.110471
5219 -49.530433 10.635985 115.110471
5220 -49.977394 10.590182 115.110471
5221 -50.530773 11.059517 115.110471
5222 -50.771169 11.500684 115.110471
5223 -50.815792 11.792135 115.110471
5225 -50.911080 12.195537 115.110471
5226 -51.070743 12.545851 115.110471
5227 -51.302783 13.131181 115.110471
5228 -51.399174 13.353531 115.110471
5229 -51.631857 13.846124 115.110471
5275 -54.091833 16.472413 115.110471
5276 -53.790858 16.025381 115.110471
5277 -53.444424 15.420050 115.110471
5278 -53.280030 15.175552 115.110471
5279 -52.959263 14.741148 115.110471
5280 -52.475633 14.143927 115.110471
5282 -52.011322 13.613509 115.110471
5283 -51.815037 13.292515 115.110471
5284 -51.669076 12.883680 115.110471
5285 -51.625612 12.226544 115.110471
5286 -51.653715 12.046232 115.110471
5332 -51.094790 3.891642 115.110471
5333 -51.094790 3.891642 115.110471
5335 -51.123757 3.865954 115.110471
5336 -51.231763 3.901026 115.110471
5337 -51.347354 4.300187 115.110471
5338 -51.319052 4.936457 115.110471
5339 -51.190453 5.429839 115.110471
5340 -51.067602 5.963027 115.110471
5342 -50.992094 6.583438 115.110471
5343 -50.944092 6.802026 115.110471
5344 -50.794803 7.252632 115.110471
5390 -26.144931 17.823663 115.110471
5391 -25.372622 17.913199 115.110471
5392 -24.602376 17.998762 115.110471
5393 -23.892034 18.052478 115.110471
5394 -23.114947 18.076775 115.110471
5396 -22.340160 18.094844 115.110471
5397 -21.693273 18.122927 115.110471
5398 -20.854189 18.162117 115.110471
5399 -20.077643 18.200628 115.110471
5400 -19.431245 18.238082 115.110471
5401 -18.722884 18.286305 115.110471
5447 10.961085 20.372539 115.110471
5448 11.733813 20.458490 115.110471
5450 12.505579 20.529069 115.110471
5451 13.217138 20.564678 115.110471
5452 13.861829 20.584157 115.110471
5453 14.635674 20.626404 115.110471
5454 15.409499 20.669067 115.110471
5455 16.121017 20.706256 115.110471
5456 16.895429 20.736426 115.110471
5458 17.671927 20.775816 115.110471
5459 18.383438 20.813354 115.110471
5505 32.378782 24.727284 115.110471
5506 32.359349 24.461029 115.110471
5507 31.853384 24.016204 115.110471
5508 31.245163 23.641100 115.110471
5509 30.548199 23.291548 115.110471
5511 29.822038 23.006958 115.110471
5512 29.062261 22.875819 115.110471
5513 28.034173 22.955385 115.110471
5515 27.396188 23.253070 115.110471
5516 27.023469 23.864998 115.110471
5517 26.896236 24.429549 115.110471
5542 25.757560 28.254631 115.110471
5544 25.750714 27.742089 115.110471
5545 25.653204 27.457563 115.110471
5546 25.387793 27.070957 115.110471
5547 25.240349 26.564299 115.110471
5548 25.253784 26.269684 115.110471
5549 25.268935 25.857548 115.110471
5551 25.263933 25.472581 115.110471
5552 25.264251 25.127644 115.110471
5553 25.342578 24.589937 115.110471
5554 25.641424 23.992976 115.110471
5603 20.615817 8.169625 115.110471
5604 20.691793 7.675510 115.110471
5605 20.750145 7.468622 115.110471
5607 20.956245 6.895146 115.110471
5608 21.141056 6.569580 115.110471
5609 21.397401 6.218513 115.110471
5610 21.595989 5.574197 115.110471
5611 21.587183 5.094547 115.110471
5612 21.534503 4.733489 115.110471
5614 21.516653 4.404231 115.110471
5615 21.529075 3.944398 115.110471
5664 22.840478 -10.045969 123.863234
5666 22.840478 -10.045969 123.863234
5667 22.792997 -9.998554 123.863234
5669 23.007413 -9.794435 123.863234
5671 23.997295 -9.798611 123.863234
5673 25.155845 -9.918688 123.863234
5674 26.248030 -9.807287 123.863234
5676 27.282624 -9.735296 123.863234
5678 28.510071 -9.661582 123.863234
5680 29.544300 -9.624049 123.642795
5681 30.773834 -9.655775 123.642795
5732 38.566983 -8.679094 125.895277
5734 37.918360 -8.783379 125.895277
5736 36.794004 -8.473069 125.895277
5738 35.591342 -8.226716 126.019128
5740 34.297104 -8.226947 126.019128
5741 33.133886 -8.291200 126.019128
5743 31.969609 -8.329664 126.019128
5745 30.677691 -8.300460 126.019128
5747 29.448438 -8.257742 126.019128
5749 28.287585 -8.197576 126.019128
5751 27.125052 -8.122131 125.895277
5802 21.454958 6.963599 125.771621
5804 21.423910 6.954320 125.771621
5806 21.269547 6.382414 125.771621
5808 21.421450 5.745557 125.771621
5810 21.492909 4.806470 125.771621
5811 21.421263 4.288260 125.771621
5813 21.386354 3.710077 125.771621
5815 21.394300 3.570316 125.771621
5817 21.394300 3.570316 125.771621
5819 21.394300 3.570316 126.019128
5870 21.396460 3.499177 126.019128
5872 21.396460 3.499177 126.019128
5874 21.396460 3.499177 126.019128
5876 21.396460 3.499177 126.019128
5878 21.396460 3.499177 126.019128
5880 21.356576 3.410160 126.019128
5882 21.163151 3.377589 126.019128
5883 21.163151 3.377589 126.019128
5885 21.163151 3.377589 126.019128
5887 21.163151 3.377589 126.019128
5889 21.163151 3.377589 126.019128
5941 21.156938 3.474107 126.019128
5942 21.156938 3.474107 126.019128
5944 21.156938 3.474107 126.019128
5996 21.156938 3.474107 126.019128
6047 21.156938 3.474107 126.019128
6099 21.156938 3.474107 126.019128
6150 21.156938 3.474107 126.019128
6201 21.156938 3.474107 126.019128
6253 21.156938 3.474107 126.019128
6304 21.156938 3.474107 126.019128
6356 21.156938 3.474107 126.019128
6407 21.231871 3.447934 126.019128
6409 21.368659 3.477737 126.019128
6411 21.538360 3.965171 126.019128
6413 21.403681 4.884655 126.019128
6414 21.424844 5.468687 126.019128
6416 21.507112 6.216522 126.019128
6418 21.420992 7.026921 126.019128
6420 21.268607 7.947669 126.019128
6422 21.031234 8.421090 126.019128
6424 20.735048 9.014955 126.019128
6426 20.601503 9.955247 126.019128
6477 3.975529 20.073250 126.019128
6479 2.779277 19.771834 126.019128
6481 1.580428 19.277149 126.019128
6483 0.523352 18.775778 126.019128
6485 -0.537856 18.283163 126.019128
6487 -1.658763 17.764816 126.019128
6488 -2.712187 17.255750 126.019128
6490 -3.881890 16.688635 126.019128
6492 -4.935117 16.179246 126.019128
6494 -6.090463 15.623214 126.019128
6496 -6.610849 15.310737 126.019128
6547 0.767366 1.693920 126.019128
6549 1.658621 1.008865 126.019128
6551 1.835919 0.531477 126.019128
6553 1.888253 -0.368377 126.019128
6555 1.810005 -0.886462 126.019128
6557 1.891565 -1.614376 126.019128
6558 2.301878 -2.409580 126.019128
6560 2.648641 -2.977894 126.019128
6562 3.223988 -3.798412 126.019128
6564 3.610629 -4.337637 126.019128
6566 4.524386 -4.939306 126.019128
6618 11.580811 -6.691096 126.019128
6620 11.008736 -6.783140 126.019128
6622 9.750807 -6.511350 126.019128
6624 8.480008 -6.263681 125.895277
6626 7.327901 -6.079953 125.895277
6628 6.093129 -5.701378 125.895277
6630 4.938535 -5.573478 126.019128
6632 3.819387 -6.154987 126.019128
6633 3.429896 -7.092393 126.019128
6635 3.398595 -7.720647 126.019128
6637 3.233363 -8.685265 126.019128
6691 3.007288 -9.310370 126.019128
6693 3.007288 -9.310370 126.019128
6695 2.835360 -8.860401 126.019128
6697 3.124803 -7.817653 126.019128
6699 3.305696 -7.359729 126.019128
6701 3.641177 -6.794892 126.019128
6703 4.383200 -5.943378 126.019128
6705 5.527037 -5.333388 126.019128
6707 6.645987 -4.732439 125.895277
6708 7.012714 -4.230205 125.895277
6710 7.195398 -3.627607 126.019128
6765 20.116460 13.916060 126.019128
6767 21.092048 14.548030 126.019128
6769 22.182691 15.242795 126.019128
6771 23.294488 15.605548 126.019128
6773 24.384779 16.287336 126.019128
6775 25.244202 17.242367 126.019128
6776 26.095592 18.133492 126.019128
6778 26.811362 18.967464 126.019128
6780 27.161742 19.689398 126.019128
6782 28.234352 20.243665 126.019128
6784 29.440225 20.489221 126.019128
6839 38.904737 16.149874 126.019128
6841 39.168115 15.535173 126.019128
6843 39.210213 14.942229 126.019128
6845 39.252838 13.970539 126.019128
6847 39.460313 13.408532 126.019128
6849 39.644051 12.719555 126.019128
6851 39.833681 11.825019 126.019128
6853 40.061033 11.293510 126.019128
6855 40.361005 10.588378 126.019128
6857 40.599491 9.773192 126.019128
6859 40.700015 9.334564 126.019128
6916 40.762741 8.915989 126.019128
6918 40.610790 8.194902 126.019128
6920 40.301416 7.390291 126.019128
6922 40.216947 6.842241 126.019128
6923 40.037662 6.115028 126.019128
6925 39.667760 5.411703 126.019128
6927 39.490755 4.811334 126.019128
6929 39.268584 4.118648 126.019128
6931 39.018308 3.503509 126.019128
6990 38.948327 3.264269 126.019128
6991 38.214103 3.154680 126.019128
6993 37.001337 3.594400 126.019128
6995 36.618163 3.760179 126.019128
6997 36.752647 3.872972 126.019128
6999 37.692585 3.497971 126.019128
7001 37.670648 3.326835 126.019128
7003 36.735888 3.294797 126.019128
7005 36.278548 3.779530 126.019128
7063 36.178955 3.863151 126.019128
7065 36.178955 3.863151 126.019128
7067 36.178955 3.863151 126.019128
7069 35.915076 3.994164 126.019128
7071 34.857099 4.092006 126.019128
7073 33.761975 4.162117 126.019128
7075 33.401930 4.197674 126.019128
7077 33.152167 4.708138 126.019128
7079 33.140510 5.192158 126.019128
7081 33.066068 5.517550 126.019128
7083 33.081564 6.017020 126.019128
7141 24.214041 16.410076 126.019128
7143 24.781299 16.417646 126.019128
7145 25.272592 17.210208 126.019128
7147 25.611518 17.711262 126.019128
7149 26.308154 18.684065 126.019128
7151 26.768303 19.296460 126.019128
7153 27.460871 20.202324 126.019128
7155 28.596708 20.661135 126.019128
7157 29.728321 20.958104 126.019128
7159 30.979447 21.310366 126.019128
7161 32.221240 21.694899 126.019128
7220 39.719298 28.615267 126.019128
7221 39.719298 28.615267 126.019128
7223 39.712440 28.738340 126.019128
7225 39.234706 28.779218 126.019128
7227 38.934161 27.863772 126.019128
7229 38.832154 27.221053 126.019128
7231 38.484540 26.364114 126.019128
7233 38.271112 25.708306 126.019128
7235 37.969470 25.114470 126.019128
7237 37.500327 24.257080 126.019128
7239 37.361490 23.632474 126.019128
7298 21.306930 4.075801 126.019128
7300 21.319794 3.511547 126.019128
7302 21.316423 2.511576 126.019128
7304 21.322498 1.607327 126.019128
7306 21.465688 0.934441 126.019128
7308 21.416230 0.391763 126.019128
7310 21.403345 -0.307527 126.019128
7312 21.404380 -1.286869 126.019128
7314 21.407011 -1.851594 126.019128
7316 21.403297 -2.506344 126.019128
7318 21.448750 -3.428539 126.019128
7377 21.098114 -12.194731 126.019128
7379 22.264651 -11.807739 126.019128
7381 22.764198 -11.219728 126.019128
7383 22.975874 -10.485051 126.019128
7385 22.862199 -9.977942 126.019128
7387 22.775856 -9.379671 126.019128
7389 22.611000 -8.753277 126.019128
7391 22.454688 -8.145525 126.019128
7393 22.371716 -7.846997 126.019128
7395 22.352668 -7.756545 126.019128
7397 22.352668 -7.756545 126.019128
7456 21.141664 13.951292 126.019128
7458 21.224580 14.190665 126.019128
7460 21.263557 14.792802 126.019128
7462 22.015052 15.290702 126.019128
7464 23.131147 15.624491 126.019128
7465 24.255232 16.106809 126.019128
7467 25.111379 17.055650 126.019128
7469 25.977650 18.011248 126.019128
7471 26.585889 18.812948 126.019128
7473 27.017018 19.312426 126.019128
7475 27.788434 20.040392 126.019128
7534 43.943796 8.655582 126.019128
7536 43.999529 8.778348 126.019128
7538 43.999529 8.778348 126.019128
7540 43.999529 8.778348 126.019128
7542 43.594547 8.562998 126.019128
7544 42.467424 8.612055 126.019128
7546 41.603593 9.503600 126.019128
7548 41.336283 10.108335 126.019128
7550 41.142366 10.770236 126.019128
7552 40.923061 11.642544 126.019128
7554 40.786931 12.241499 126.019128
7613 9.822259 20.205783 126.019128
7615 8.659814 20.273976 126.019128
7617 7.364992 20.254189 126.019128
7619 6.137968 20.224735 126.019128
7621 4.844577 20.184638 126.019128
7623 3.573791 19.914772 126.019128
7625 2.446231 19.604717 126.019128
7627 1.232571 19.139391 126.019128
7629 0.040895 18.620088 126.019128
7631 -1.009012 18.103864 126.019128
7633 -2.183068 17.545865 126.019128
7692 -23.464336 0.372854 126.019128
7694 -23.360544 0.904315 126.019128
7696 -22.133955 1.064798 126.019128
7697 -20.841493 1.160515 126.019128
7699 -19.580379 1.474012 126.019128
7701 -18.401808 1.842380 126.019128
7703 -17.281826 2.180680 126.019128
7705 -16.032439 2.539360 126.019128
7707 -14.793853 2.934120 126.019128
7709 -13.549073 3.308417 126.019128
7711 -12.519968 3.851030 126.019128
7771 4.447564 25.566028 126.019128
7773 5.238298 26.365904 126.019128
7775 6.429402 26.882546 126.019128
7776 7.490691 27.509682 126.019128
7778 8.519051 28.246165 126.019128
7780 9.149100 28.974232 125.895277
7782 9.389226 29.594279 125.895277
7784 9.599245 30.177072 125.895277
7786 9.871451 31.097435 126.019128
7788 10.112749 31.635416 126.019128
7848 10.286498 31.383423 126.019128
7850 10.231318 30.697628 126.019128
7852 9.979643 29.983471 126.019128
7854 9.834246 29.189872 126.019128
7856 10.234881 28.212688 126.019128
7858 11.268162 27.438005 126.019128
7859 12.261642 26.822125 126.019128
7861 13.276090 26.017890 126.019128
7863 13.975326 25.512787 126.019128
7865 14.563334 24.756980 126.019128
7867 15.078387 23.765462 126.019128
7927 16.215933 7.065113 126.019128
7929 16.361105 6.835450 126.019128
7931 15.751621 6.094697 126.019128
7933 14.537310 5.796306 126.019128
7935 13.805707 6.468629 125.895277
7937 13.674483 7.480453 125.895277
7938 13.605546 8.149612 126.019128
7940 13.169492 8.886757 126.019128
7942 12.900531 9.982683 126.019128
7944 13.628183 10.850002 126.019128
7946 14.850101 11.282833 126.019128
8006 21.812006 -7.140351 126.019128
8008 22.525346 -7.859026 126.019128
8010 23.811976 -7.911752 126.019128
8012 25.102502 -7.806838 126.019128
8014 26.267170 -7.780843 126.019128
8016 27.559638 -7.772125 126.019128
8018 28.854633 -7.772001 126.019128
8020 30.084457 -7.751466 126.019128
8022 31.370278 -7.874703 126.019128
8024 32.660475 -7.930606 126.019128
8025 33.890090 -7.899890 126.019128
8085 41.780152 -6.459072 126.019128
8087 41.780152 -6.459072 126.019128
8089 41.783791 -6.367738 126.019128
8091 41.375035 -6.151603 126.019128
8093 40.522092 -6.841298 126.019128
8095 40.244159 -7.321569 126.019128
8097 39.921717 -7.697717 126.019128
8099 38.711615 -7.834849 126.019128
8101 37.417282 -7.793582 126.019128
8103 36.190048 -7.769187 126.019128
8105 34.895055 -7.768397 126.019128
8165 20.542435 8.625543 126.019128
8167 20.237165 9.229749 126.019128
8169 19.940425 9.895406 126.019128
8171 19.699509 10.557448 126.019128
8173 19.435205 11.385740 126.019128
8174 19.298256 11.865222 126.019128
8176 18.595867 12.693772 126.019128
8178 17.306966 12.733171 126.019128
8180 16.089576 12.285952 126.019128
8182 15.055059 11.739784 126.019128
8184 14.018689 10.956517 126.019128
8245 11.840935 2.086396 126.019128
8246 10.910550 1.623509 126.019128
8248 9.755696 1.473520 126.019128
8250 8.482536 1.222774 126.019128
8252 7.665176 0.451084 126.019128
8254 7.544263 -0.194501 126.019128
8256 7.646269 -0.835621 126.019128
8258 7.622309 -1.495113 126.019128
8260 7.529270 -2.148248 126.019128
8262 7.369590 -2.731417 126.019128
8264 7.180046 -3.640195 126.019128
8324 -10.970708 12.688901 126.019128
8326 -11.207442 13.413778 126.019128
8328 -11.586044 14.176865 126.019128
8330 -11.860586 14.850435 126.019128
8332 -11.983062 15.368601 126.019128
8334 -12.237533 16.009331 126.019128
8336 -12.778969 16.881192 126.019128
8338 -13.787628 17.342999 125.895277
8340 -15.067243 17.556651 125.895277
8342 -16.319276 17.894386 126.019128
8344 -17.478217 18.313680 126.019128
8404 -35.183685 37.010673 126.019128
8406 -36.473571 37.123521 126.019128
8408 -37.635347 37.238218 126.019128
8410 -38.796042 37.338090 126.019128
8412 -40.082463 37.486751 126.019128
8414 -41.346196 37.774943 125.895277
8416 -42.545696 38.245794 125.895277
8418 -43.756680 38.425522 126.019128
8420 -45.046916 38.354027 126.019128
8422 -46.339615 38.279966 126.019128
8423 -47.494616 38.121253 126.019128
8484 -48.837575 36.053102 126.019128
8486 -48.787575 36.053051 126.019128
8488 -48.728148 36.193872 126.019128
8490 -48.587326 36.864024 126.019128
8491 -48.496456 37.578199 126.019128
8493 -47.861835 38.166494 126.019128
8495 -46.573813 38.142312 126.019128
8497 -45.413072 38.047003 126.019128
8499 -44.124059 38.179044 126.019128
8501 -42.843628 38.359555 126.019128
8503 -41.551720 38.299725 126.019128
8564 -34.924208 18.520621 126.019128
8565 -35.946329 17.631355 126.019128
8567 -36.397612 16.917204 126.019128
8569 -36.501720 16.222134 126.019128
8571 -36.485268 15.417443 126.019128
8573 -36.525807 14.681165 126.019128
8575 -36.484701 14.045345 126.019128
8577 -36.441969 13.397665 126.019128
8579 -36.373596 12.521088 126.019128
8581 -36.363631 11.821166 126.019128
8583 -36.354350 11.161280 126.019128
8643 -27.905279 -4.963959 126.019128
8644 -27.916125 -5.657272 126.019128
8645 -28.010267 -6.365926 126.019128
8647 -28.059513 -6.803110 126.019128
8648 -28.121271 -7.341947 126.019128
8650 -28.158325 -7.765279 125.895277
8651 -28.196030 -8.424105 125.895277
8653 -28.202965 -8.858672 125.895277
8654 -28.198409 -9.232616 125.895277
8655 -28.152247 -9.750487 125.895277
8656 -28.145253 -10.080408 125.895277
8718 -29.376834 -21.163368 126.334875
8719 -29.315594 -21.381394 126.334875
8720 -29.332421 -21.920392 126.334875
8721 -29.384410 -22.058143 126.334875
8722 -29.506486 -22.412263 126.334875
8723 -29.564665 -22.928077 126.334875
8724 -29.531672 -23.125173 126.334875
8725 -29.476369 -23.616683 126.522491
8726 -29.450452 -24.146049 126.522491
8727 -29.446425 -24.350977 126.522491
8728 -29.442367 -24.805959 126.522491
8764 -30.138180 -36.800665 141.440379
8765 -30.074868 -37.060192 141.440379
8766 -30.059866 -37.529522 141.440379
8767 -30.088174 -37.898405 141.440379
8768 -30.123359 -38.140850 141.440379
8769 -30.157721 -38.634501 141.867899
8770 -30.161116 -39.064435 141.867899
8771 -30.124909 -39.306720 141.867899
8772 -30.085869 -39.719712 141.867899
8773 -30.082910 -39.944692 141.867899
8774 -30.076466 -40.434650 141.867899
8813 -28.431732 -50.320039 155.028065
8814 -28.437256 -50.339235 155.028065
8815 -28.602639 -50.449242 155.028065
8816 -29.054515 -50.296099 155.028065
8817 -29.557173 -49.888211 155.028065
8818 -29.960903 -49.401406 155.028065
8819 -30.347135 -48.911717 155.427736
8820 -30.763413 -48.419136 155.427736
8821 -31.014600 -48.137581 155.427736
8822 -31.268990 -47.897217 155.427736
8823 -31.670665 -47.560215 155.427736
8865 -40.565847 -52.807143 155.444463
8866 -40.248620 -53.160272 155.444463
8867 -39.883370 -53.681029 155.444463
8868 -39.555835 -54.153594 155.444463
8869 -39.132044 -54.762963 155.444463
8870 -38.732202 -55.269053 155.444463
8872 -38.325835 -55.769934 155.444463
8873 -37.927376 -56.254418 155.444463
8873 -37.637283 -56.601487 155.444463
8874 -37.324817 -57.014000 155.444463
8875 -36.931299 -57.501085 155.444463
8961 -28.690527 -67.096776 171.753839
8962 -28.637946 -67.399138 171.753839
8963 -28.752209 -67.975720 171.753839
8964 -29.083633 -68.509965 171.753839
8965 -29.471341 -68.990454 171.753839
8966 -29.816684 -69.495871 171.753839
8967 -30.099468 -69.964515 171.753839
8968 -30.303104 -70.390805 172.153714
8969 -30.432129 -70.562491 172.153714
8970 -30.711718 -70.957903 172.153714
8971 -30.875204 -71.354950 172.153714
9020 -34.519986 -78.434888 178.147190
9021 -34.191181 -78.476152 178.147190
9022 -33.667624 -78.206139 178.147190
9023 -33.519506 -77.989033 178.147190
9024 -33.368657 -77.651195 178.147190
9025 -33.243533 -77.384059 178.147190
9026 -33.168907 -77.242540 178.147190
9027 -33.110879 -77.149236 178.147190
9028 -32.849636 -76.993961 178.147190
9029 -32.288308 -77.123364 178.147190
9030 -31.817409 -77.557243 178.147190
9126 -26.001551 -89.012400 191.903157
9127 -25.986304 -89.139386 191.903157
9128 -26.163047 -89.289997 191.903157
9129 -26.362396 -89.303218 191.903157
9130 -26.316513 -89.322988 191.903157
9131 -26.393122 -89.266810 191.903157
9132 -26.696305 -89.073411 191.903157
9133 -27.266962 -88.928908 191.903157
9134 -27.800178 -89.178506 191.903157
9140 -28.291376 -90.612172 191.903157
9141 -28.417828 -91.087834 191.903157
9196 -31.772701 -101.479289 206.315151
9198 -31.868361 -101.615996 206.315151
9199 -32.471041 -101.683725 206.315151
9200 -33.310298 -101.614913 206.315151
9202 -34.211226 -101.530243 206.315151
9203 -34.988143 -101.505447 206.320386
9204 -35.827476 -101.536148 206.320386
9205 -36.602765 -101.594556 206.320386
9207 -37.442094 -101.667544 206.320386
9208 -38.281237 -101.742638 206.320386
9209 -39.249002 -101.837939 206.315151
