6 -46.500000 116.000000 0.000000
7 -46.405439 116.002579 12.812885
8 -46.157313 115.818529 12.812885
9 -46.026844 115.307135 12.812885
10 -45.994178 114.878456 12.812885
11 -45.989897 114.638499 12.812885
12 -45.932690 114.152451 12.812885
13 -45.841247 113.827755 13.122881
14 -45.725455 113.500126 13.122881
15 -45.510917 112.921336 13.682471
16 -45.291919 112.474909 13.682471
17 -44.978867 111.986668 16.624380
18 -44.892574 111.806296 16.624380
19 -44.687133 111.372530 16.624380
20 -44.359528 110.829231 22.800220
21 -43.957056 110.341526 22.800220
22 -43.567128 109.905429 23.847223
23 -43.060144 109.402223 24.987398
24 -42.511818 108.943392 24.987398
25 -42.355275 108.811384 25.848985
26 -42.142997 108.772562 25.848985
27 -41.770958 108.873172 26.353179
28 -41.468031 109.276129 26.353179
29 -41.372303 109.604968 26.817346
30 -41.289859 109.877716 26.817346
31 -41.154988 110.275469 27.264080
32 -40.916046 110.825590 27.264080
33 -40.534860 111.408812 27.264080
34 -40.215971 111.813203 27.264080
35 -39.790958 112.278229 27.342459
36 -39.558908 112.536611 27.342459
37 -39.383591 112.577075 27.342459
38 -39.023573 112.360842 27.342459
39 -38.572036 111.921974 27.342459
40 -38.078435 111.408153 27.593659
41 -37.617419 110.949952 27.593659
42 -37.205915 110.534214 28.005893
43 -36.772907 110.052842 28.983617
44 -36.336270 109.574782 28.983617
45 -35.844378 109.166064 28.983617
46 -35.243558 108.940988 31.212338
47 -34.599300 108.886862 31.212338
48 -33.954611 108.904518 32.060101
49 -33.308440 108.945593 32.060101
50 -32.599839 108.989787 32.060101
51 -32.018228 109.021967 32.060101
52 -31.374164 109.056623 32.060101
53 -30.726958 109.075779 32.165977
54 -30.079533 109.085045 32.165977
55 -29.433180 109.118829 33.094562
56 -28.731235 109.249936 33.548324
57 -28.172327 109.413719 33.548324
58 -27.543256 109.563434 33.548324
59 -27.478861 109.572283 33.548324
60 -27.478861 109.572283 33.548324
61 -27.498000 109.534646 33.548324
62 -27.737682 109.446485 33.548324
63 -28.169696 109.513677 33.548324
64 -28.851387 109.702914 33.548324
65 -29.546319 109.846319 33.548324
66 -30.129460 109.879128 32.854985
67 -30.771760 109.784329 32.854985
68 -31.383697 109.574678 32.854985
69 -32.004984 109.320559 32.854985
70 -31.968587 109.337016 32.854985
71 -31.991314 109.313784 33.114499
72 -32.194857 109.141076 33.114499
73 -32.719706 108.844070 33.114499
74 -33.343477 108.672748 33.114499
75 -33.913304 108.564636 33.114499
76 -34.550927 108.452022 33.114499
77 -35.190144 108.334167 33.114499
78 -35.823634 108.189239 33.114499
79 -36.452129 108.023454 33.114499
80 -37.254346 107.766865 33.114499
81 -37.315871 107.745895 33.114499
82 -37.384038 107.779814 33.114499
83 -37.404903 107.882292 33.114499
84 -37.267841 107.994686 33.114499
85 -36.814204 108.091722 33.114499
86 -36.170815 108.060501 33.114499
87 -35.527676 107.985578 33.114499
88 -34.881455 107.946873 33.114499
89 -34.234021 107.940029 33.114499
90 -33.654043 107.944968 33.114499
91 -32.749442 107.969742 33.114499
92 -32.639931 107.966107 33.114499
93 -32.392474 107.797121 34.298252
94 -32.137401 107.329629 34.298252
95 -31.980258 106.902632 33.114499
96 -31.922954 106.716274 33.114499
97 -31.784452 106.277625 33.114499
98 -31.530170 105.675541 34.696542
99 -31.299608 105.294935 34.696542
100 -31.156201 105.121580 35.197870
101 -30.836176 104.730964 35.197870
102 -30.469261 104.207164 36.135441
103 -30.429465 104.137764 36.135441
104 -30.453003 104.085958 36.135441
105 -30.675470 103.989179 36.826214
106 -31.201301 104.066718 36.826214
107 -31.656972 104.364171 36.957950
108 -31.740594 104.473152 36.957950
109 -31.925655 104.734185 36.957950
110 -32.132773 104.935185 36.957950
111 -32.644604 105.106236 36.957950
112 -33.288397 105.107089 36.957950
113 -34.189166 105.020442 36.957950
114 -34.576444 105.011318 36.957950
115 -35.223410 105.036940 36.957950
116 -35.935194 105.068867 36.957950
117 -36.512377 105.087807 36.957950
118 -37.154789 105.097940 36.957950
119 -37.797284 105.099618 36.957950
120 -38.439784 105.099400 36.957950
121 -39.084784 105.099180 36.957950
122 -39.789784 105.098940 36.957950
123 -40.307054 105.111443 36.957950
124 -41.276486 105.208032 36.957950
125 -41.715735 105.316125 36.957950
126 -42.255231 105.458954 36.957950
127 -42.890286 105.580370 36.957950
128 -43.536914 105.540391 36.957950
129 -44.132083 105.288360 36.957950
130 -44.620689 104.865906 36.957950
131 -45.042227 104.379416 36.957950
132 -45.361878 103.969277 36.957950
133 -45.852959 103.373067 36.957950
134 -46.267310 102.908558 36.957950
135 -46.666314 102.383121 36.957950
136 -46.690123 102.350979 36.957950
137 -46.690123 102.350979 36.957950
138 -46.649567 102.326676 36.957950
139 -46.363496 102.340817 36.957950
140 -45.899069 102.747647 36.926550
141 -45.642262 103.110921 36.926550
142 -45.482026 103.308550 36.926550
143 -45.132393 103.719808 36.926550
144 -44.795010 104.176086 36.926550
145 -44.468369 104.624779 36.926550
146 -44.246329 104.818662 36.926550
147 -44.170315 104.891071 36.926550
148 -44.031879 105.073452 36.926550
149 -43.947982 105.355452 36.926550
150 -43.807927 105.651586 36.926550
151 -43.236519 105.955036 36.926550
152 -42.540052 106.058720 36.926550
153 -41.961980 105.991552 36.926550
154 -41.326541 105.867415 36.926550
155 -40.687606 105.763143 36.926550
156 -40.044748 105.685772 36.926550
157 -39.079850 105.586757 36.926550
158 -38.695923 105.558703 36.926550
159 -38.178490 105.558682 36.926550
160 -37.466238 105.577302 36.926550
161 -36.756453 105.566721 36.926550
162 -36.174971 105.532620 36.926550
163 -35.594046 105.489876 36.926550
164 -34.949579 105.428101 36.926550
165 -34.307083 105.347941 36.926550
166 -33.536169 105.229753 36.926550
167 -32.960008 105.144386 36.926550
169 -31.943256 104.946719 36.926550
169 -31.711864 104.828639 36.926550
170 -31.227362 104.399294 36.926550
171 -30.830751 103.892471 36.926550
172 -30.476760 103.433040 36.926550
173 -30.080726 102.927350 36.926550
174 -29.712255 102.410212 36.926550
175 -29.339747 101.886735 37.423657
176 -28.974437 101.385798 38.492208
177 -28.677508 100.971153 38.492208
178 -28.289679 100.468374 39.194516
180 -27.893947 99.953137 40.183704
180 -27.856532 99.893976 40.183704
181 -27.589587 99.507819 40.183704
182 -27.117300 99.078466 40.971821
183 -26.632001 98.751965 40.971821
184 -26.017409 98.386686 40.888263
185 -25.405823 98.016589 40.888263
186 -24.876510 97.639513 40.888263
187 -24.409741 97.286905 40.888263
188 -23.860735 96.939526 40.888263
189 -23.290862 96.626924 40.888263
191 -22.377639 96.010897 40.888263
191 -22.276594 95.935208 40.888263
192 -22.276594 95.935208 40.888263
193 -22.203257 95.984980 40.888263
194 -22.133203 96.249689 40.888263
195 -22.418249 96.744222 40.888263
196 -23.034478 97.101857 40.888263
197 -23.572126 97.332337 40.888263
198 -24.237298 97.594527 40.888263
199 -24.771603 97.832384 40.888263
200 -25.394353 98.182737 40.888263
202 -26.382301 98.906261 40.888263
202 -26.435209 98.944019 40.888263
203 -26.547043 99.008834 40.888263
204 -26.807067 99.055908 40.888263
205 -27.271496 98.998784 40.888263
206 -27.905950 98.719226 40.888263
207 -28.465582 98.388658 40.888263
208 -28.968728 98.090248 41.860364
209 -29.037999 98.050235 42.307565
210 -29.217371 97.951000 42.307565
211 -29.548309 97.764273 42.307565
213 -30.639070 97.185766 43.201969
213 -30.754399 97.125775 43.201969
214 -31.257155 96.827120 43.201969
215 -31.803282 96.484436 43.201969
216 -32.340076 96.254440 43.471026
217 -33.035867 96.137039 43.471026
218 -33.680681 96.136703 43.649171
219 -34.257936 96.153522 43.649171
220 -34.840213 96.169485 43.649171
221 -35.552684 96.166779 43.649171
222 -36.267590 96.155193 43.649171
224 -37.480919 96.092830 43.649171
225 -37.553273 96.088222 43.649171
226 -37.582414 96.115324 43.649171
227 -37.562686 96.160724 43.649171
228 -37.375797 96.246928 43.649171
229 -36.981801 96.308226 43.649171
230 -36.309323 96.253329 43.649171
231 -35.731957 96.176201 43.649171
232 -35.091079 96.103483 43.649171
233 -34.450004 96.013294 43.649171
234 -33.810625 95.896333 43.740257
236 -32.412347 95.610076 43.740257
237 -31.801660 95.254197 43.740257
238 -31.512703 94.743372 43.740257
239 -31.409400 94.204911 44.454135
240 -31.354844 93.736870 44.454135
241 -31.312561 93.450961 44.996112
242 -31.192129 93.090858 44.996112
243 -31.111875 92.537298 46.128626
244 -31.098867 92.367823 46.128626
245 -31.054875 92.091328 46.707709
246 -31.022296 91.587580 46.707709
249 -31.026090 90.950599 47.707967
250 -31.022857 90.441201 47.707967
251 -30.874114 89.908757 47.707967
252 -30.548096 89.319036 48.633837
253 -30.231666 88.777204 49.710865
254 -30.174073 88.660659 49.710865
255 -29.972224 88.264097 50.713412
256 -29.667055 87.650853 50.713412
257 -29.593783 87.519976 50.713412
258 -29.358203 87.124896 51.357668
259 -29.108109 86.597157 51.357668
261 -28.926285 85.724371 52.576136
262 -28.906120 85.698934 52.576136
263 -28.617324 85.591828 53.303378
264 -28.107776 85.688466 53.545216
265 -27.548103 85.858390 53.545216
266 -26.859825 86.040420 53.816448
267 -26.159613 86.117982 53.816448
268 -25.515673 86.154678 53.816448
269 -24.873525 86.174765 53.816448
270 -24.293614 86.184556 53.816448
271 -23.583675 86.193796 53.816448
274 -21.836511 86.226008 53.816448
275 -21.646606 86.231990 53.816448
276 -21.646606 86.231990 53.816448
277 -21.662174 86.192741 53.816448
278 -21.911604 86.087303 53.816448
279 -22.364637 86.056526 53.816448
280 -22.947406 86.106070 53.816448
281 -23.720503 86.188625 53.816448
282 -24.367161 86.217887 53.816448
283 -24.947138 86.215161 53.816448
284 -25.660145 86.166010 53.816448
287 -27.493151 85.797783 53.816448
288 -27.961268 85.448919 53.816448
289 -28.433801 84.921551 53.816448
290 -28.788670 84.466011 53.816448
291 -29.157466 83.955340 54.191975
292 -29.537915 83.385711 54.743859
293 -29.860279 82.933944 54.743859
294 -30.004187 82.795455 55.500001
295 -30.415040 82.393623 55.500001
296 -30.761862 81.929672 56.130652
297 -30.986508 81.522612 56.130652
300 -31.875007 80.241746 57.400785
301 -32.014982 80.085447 57.400785
302 -32.298692 79.889515 58.217954
303 -32.854036 79.803367 58.217954
304 -33.435406 79.768020 58.536229
305 -34.080771 79.693041 58.536229
306 -34.782235 79.555019 58.536229
307 -35.352814 79.425963 58.536229
308 -35.976222 79.261701 58.536229
309 -36.588220 79.042761 58.536229
310 -37.203298 78.832639 58.536229
314 -39.891986 77.878347 58.536229
315 -39.951170 77.851472 58.536229
316 -39.951170 77.851472 58.536229
317 -39.951170 77.851472 58.536229
318 -39.951170 77.851472 58.536229
319 -39.951170 77.851472 58.536229
320 -39.931525 77.847800 58.536229
321 -39.812360 77.898396 58.536229
322 -39.731491 78.292193 58.536229
323 -39.993325 78.701284 58.536229
324 -40.596483 79.079283 58.536229
330 -43.648133 80.530515 58.470592
331 -43.817171 80.597273 58.470592
332 -44.025822 80.608010 58.470592
333 -44.120874 80.577201 58.470592
334 -44.201081 80.527599 58.470592
335 -44.293463 80.336245 58.470592
336 -44.333376 79.823836 58.470592
337 -44.345858 79.351532 58.470592
338 -44.451834 78.745689 58.470592
339 -44.637377 78.191129 58.470592
340 -44.830263 77.719037 58.470592
345 -45.705899 75.864032 58.470592
346 -45.731895 75.805842 58.470592
347 -45.891464 75.739395 58.470592
348 -46.129186 75.926416 58.470592
349 -46.293596 76.418922 58.470592
350 -46.325209 76.783976 58.470592
351 -46.326197 77.048926 58.470592
352 -46.395017 77.548763 58.470592
353 -46.558091 78.156882 58.470592
354 -46.625771 78.339462 58.470592
355 -46.802332 78.709488 58.470592
361 -47.692682 80.845975 58.470592
362 -47.808072 81.089332 58.470592
363 -47.868604 81.357559 58.470592
364 -48.003381 81.880260 58.470592
365 -48.234033 82.303196 58.470592
366 -48.780819 82.633265 58.470592
367 -49.484744 82.733817 58.470592
368 -50.063072 82.777474 58.470592
369 -50.767953 82.880853 58.470592
370 -51.338905 82.982880 58.470592
371 -51.910639 83.106650 58.470592
377 -53.915981 83.446808 58.470592
378 -53.954215 83.416190 58.470592
379 -53.973650 83.381273 58.470592
380 -53.957810 83.323779 58.470592
381 -53.798802 83.211422 58.470592
382 -53.335543 83.204158 58.470592
383 -52.823348 83.219022 58.470592
384 -52.109610 83.178597 58.470592
385 -51.399427 83.096256 58.470592
386 -50.888386 83.000706 58.470592
388 -50.186855 82.863158 58.470592
394 -46.336895 82.038000 58.470592
395 -45.721066 81.846247 58.470592
396 -44.974955 81.618965 58.470592
397 -44.477694 81.467095 58.470592
398 -43.809700 81.212829 58.470592
399 -43.141573 80.958696 58.470592
400 -42.515813 80.805911 58.470592
401 -41.940069 80.768459 58.470592
402 -41.227937 80.787293 58.470592
403 -40.708813 80.817466 58.470592
404 -39.997408 80.856910 58.470592
410 -36.094085 80.612038 58.470592
411 -35.427045 80.356307 58.470592
412 -34.769790 80.104879 58.470592
413 -34.255530 80.066355 58.470592
414 -33.545678 80.147324 58.470592
415 -32.850576 80.312624 58.470592
416 -32.247039 80.552541 58.470592
417 -31.725457 80.817224 58.536229
418 -31.142710 81.229377 58.470592
419 -30.722080 81.635447 58.470592
420 -30.287111 82.118399 58.470592
426 -27.642713 85.259700 58.536229
427 -27.220374 85.650080 58.536229
428 -26.568471 85.905568 58.536229
429 -25.926645 85.913263 58.470592
430 -25.344349 85.897840 58.470592
431 -24.699575 85.880761 58.470592
432 -23.990122 85.853140 58.470592
433 -23.407780 85.841119 58.470592
434 -22.762793 85.844292 58.470592
435 -22.047845 85.852624 58.470592
436 -21.467985 85.865350 58.470592
443 -17.207614 85.748103 58.470592
444 -16.561551 85.788053 58.470592
445 -16.047089 85.843903 58.470592
446 -15.268084 85.878921 58.470592
447 -14.620243 85.833081 58.470592
448 -14.050365 85.726367 58.470592
449 -13.422360 85.579315 58.470592
450 -12.725032 85.421399 58.470592
451 -12.093277 85.268624 58.470592
452 -11.592599 85.128442 58.470592
453 -10.851345 84.902350 58.470592
459 -10.110564 84.658149 58.470592
460 -10.110564 84.658149 58.470592
461 -10.084609 84.673030 58.470592
462 -10.017330 84.787066 58.470592
463 -10.023315 84.876542 58.470592
464 -10.056137 84.933300 58.470592
465 -10.271163 85.040796 58.470592
466 -10.740661 85.160679 58.536229
467 -11.381155 85.254604 58.536229
468 -12.021457 85.332026 58.536229
469 -12.662648 85.402021 58.470592
476 -16.941217 85.994424 58.536229
477 -17.525584 85.995252 58.536229
478 -18.235155 86.059741 58.536229
479 -18.746085 86.099053 58.536229
480 -19.393386 86.112753 58.536229
481 -20.105789 86.104649 58.536229
482 -20.681686 86.037698 58.470592
483 -21.386835 85.935619 58.470592
484 -22.090041 85.859554 58.470592
485 -22.672008 85.836008 58.470592
486 -23.319454 85.827687 58.470592
493 -27.412258 85.624367 58.470592
494 -27.584556 85.568284 58.470592
495 -27.688453 85.528530 58.470592
496 -27.688453 85.528530 58.470592
497 -27.688453 85.528530 58.470592
498 -27.688453 85.528530 58.470592
499 -27.688453 85.528530 58.470592
500 -27.688453 85.528530 58.470592
501 -27.688453 85.528530 58.470592
502 -27.632951 85.394317 58.470592
503 -27.627971 84.938856 58.470592
509 -27.784800 82.315015 58.470592
510 -27.825619 81.801648 58.470592
511 -27.833527 81.397044 58.536229
512 -27.781440 80.952669 58.536229
513 -27.760790 80.658394 58.536229
514 -27.736619 80.174120 58.536229
515 -27.735738 79.874123 58.536229
516 -27.718116 79.384451 58.788180
517 -27.709560 79.092187 58.788180
518 -27.710765 78.709734 58.788180
519 -27.704312 78.388685 59.801088
526 -27.575764 75.568706 62.432124
527 -27.575764 75.568706 62.432124
528 -27.585745 75.568096 62.432124
529 -27.723806 75.678176 63.178241
530 -27.730718 76.111575 63.178241
531 -27.225042 76.567215 63.312638
532 -26.590466 76.640495 63.312638
533 -25.942789 76.586837 63.312638
534 -25.301748 76.515526 63.294630
535 -24.657760 76.448405 63.294630
536 -24.076460 76.411813 63.294630
543 -19.677472 76.446951 63.294630
544 -19.033431 76.531912 63.294630
545 -18.416694 76.731549 63.294630
546 -17.906355 77.012015 63.294630
547 -17.269009 77.323455 63.178241
548 -16.576996 77.460883 63.178241
549 -16.060599 77.404413 63.294630
550 -15.361150 77.268754 63.294630
551 -14.658960 77.134105 66.044607
552 -14.086179 77.028243 66.784805
553 -13.515177 76.901354 66.784805
560 -10.980976 76.253130 66.809058
561 -10.980976 76.253130 66.809058
562 -11.015619 76.193499 66.809058
563 -11.213684 76.123069 66.809058
564 -11.757828 76.213491 66.809058
565 -12.441542 76.422598 66.809058
566 -12.927365 76.600622 66.883258
567 -13.654593 76.875193 66.883258
568 -14.210197 77.049758 66.883258
569 -14.843844 77.194390 66.883258
570 -15.542005 77.322844 66.883258
578 -20.715522 77.588959 66.883258
579 -21.360259 77.648624 66.883258
580 -22.006606 77.686393 66.883258
581 -22.718922 77.701713 66.883258
582 -23.301323 77.711881 66.883258
583 -23.883315 77.736105 66.883258
584 -24.462095 77.773682 66.883258
585 -25.172370 77.829916 66.883258
586 -25.752918 77.877565 66.883258
587 -26.465676 77.934133 66.883258
588 -27.106408 77.981758 66.883258
597 -32.652708 78.404172 66.883258
598 -33.233778 78.444957 66.883258
599 -33.880260 78.480838 66.883258
600 -34.587477 78.500650 66.883258
601 -35.234545 78.523597 66.883258
602 -35.811695 78.543684 66.883258
603 -36.458602 78.570980 66.883258
604 -37.105010 78.608168 66.883258
605 -37.753111 78.657648 66.883258
606 -38.460811 78.714728 66.883258
607 -39.106335 78.765277 66.883258
615 -44.332548 79.173651 66.883258
616 -44.975897 79.219772 66.883258
617 -45.554534 79.259468 66.883258
618 -46.196355 79.288435 66.883258
619 -46.843750 79.299219 66.883258
620 -47.491246 79.300986 66.883258
621 -48.203745 79.302291 66.883258
622 -48.786007 79.315362 66.883258
623 -49.435348 79.344629 66.883258
624 -50.019189 79.379060 66.883258
625 -50.718907 79.483320 66.883258
633 -55.358941 78.279895 66.883258
634 -55.399199 78.246199 66.883258
635 -55.399199 78.246199 66.883258
636 -55.325731 78.131440 66.883258
637 -54.964056 78.035234 66.883258
638 -54.318505 78.258772 66.883258
639 -53.761400 78.591355 66.883258
640 -53.167922 78.989986 66.883258
641 -52.716083 79.343460 66.883258
642 -52.098355 79.684167 66.883258
643 -51.462402 79.781036 66.883258
651 -46.148817 79.039586 66.883258
652 -45.574310 78.961806 66.883258
653 -44.927420 78.936070 66.883258
654 -44.215559 78.906141 66.883258
655 -43.635601 78.852254 66.883258
656 -42.992603 78.757959 66.883258
657 -42.360426 78.630107 66.883258
658 -41.786454 78.530875 66.883258
659 -41.083327 78.401284 66.883258
660 -40.445216 78.277567 66.883258
661 -39.873343 78.166948 66.883258
670 -34.377508 77.278158 66.883258
671 -33.734747 77.183518 66.883258
672 -33.166289 77.048318 66.883258
673 -32.564981 76.802123 66.883258
674 -31.940158 76.456811 66.883258
675 -31.469897 76.010184 66.883258
676 -31.098952 75.564525 66.883258
677 -30.937120 75.327375 66.883258
678 -30.759413 74.980224 66.883258
679 -30.444655 74.426142 66.883258
680 -30.056188 73.874335 66.883258
688 -27.774291 70.584099 67.157205
689 -27.522987 70.199031 67.157205
690 -27.117146 69.780284 67.157205
691 -26.474521 69.338823 67.928272
692 -25.977322 69.030579 67.928272
693 -25.476810 68.727768 68.700001
694 -24.918424 68.395065 68.700001
695 -24.381612 68.028865 68.700001
696 -23.862449 67.637822 68.700001
697 -23.315401 67.287198 68.700001
698 -22.755096 66.962702 68.700001
707 -21.996090 66.558936 68.700001
708 -21.996090 66.558936 68.700001
709 -22.049397 66.497484 68.700001
710 -22.377329 66.461646 68.700001
711 -22.942697 66.788931 68.700001
712 -23.358670 67.194756 68.700001
713 -23.786385 67.670764 68.700001
714 -24.197924 68.082861 68.700001
715 -24.746585 68.541054 68.700001
716 -25.328703 68.956043 68.700001
717 -25.754284 69.254828 68.700001
726 -27.786802 72.722602 68.700001
727 -27.884454 73.125599 68.700001
728 -27.936065 73.697867 68.700001
729 -27.944836 74.262790 68.700001
730 -27.951187 74.747749 68.700001
731 -27.942077 75.207649 68.700001
732 -27.945848 75.377568 68.700001
733 -27.961592 75.782261 68.700001
734 -27.975950 76.161989 68.700001
735 -27.979043 76.489412 68.700001
736 -27.972574 76.839352 68.700001
745 -28.033623 80.374592 68.700001
746 -28.052315 80.914179 68.700001
747 -28.061690 81.294056 68.700001
748 -28.057265 81.604024 68.700001
749 -28.053124 82.044003 68.700001
750 -28.069786 82.253339 68.700001
751 -28.102709 82.641941 68.700001
752 -28.121942 83.136526 68.700001
753 -28.132519 83.596397 68.700001
754 -28.111314 84.035753 68.700001
755 -28.127198 84.535491 68.700001
764 -28.154985 87.632473 68.700001
765 -28.173867 88.132103 68.700001
766 -28.172145 88.357063 68.700001
767 -28.175770 88.777003 68.700001
768 -28.207595 89.200453 68.700001
769 -28.205810 89.364924 68.700001
770 -28.195676 89.702246 68.700001
771 -28.195170 90.252238 68.700001
772 -28.204376 90.494377 68.700001
773 -28.226659 90.893652 68.700001
774 -28.222861 91.098428 68.700001
783 -28.283922 94.644463 68.700001
784 -28.300732 94.790998 68.700001
785 -28.326002 95.260172 68.700001
786 -28.326655 95.550106 68.700001
787 -28.319792 95.875033 68.700001
788 -28.311469 96.289949 68.700001
789 -28.314364 96.554735 68.700001
790 -28.331360 96.971809 68.700001
791 -28.337779 97.516763 68.700001
792 -28.328247 97.726177 68.700001
793 -28.303275 98.115228 68.700001
801 -28.330104 101.387828 68.700001
802 -28.332686 101.637616 68.700001
803 -28.373709 101.874077 68.700001
804 -28.422043 102.406552 68.700001
805 -28.422921 102.661323 68.700001
806 -28.403487 103.075840 68.700001
807 -28.400885 103.393193 68.700001
808 -28.418533 103.657597 68.700001
809 -28.432448 104.252400 68.700001
810 -28.429476 104.482079 68.700001
811 -28.404473 104.806069 68.700001
820 -28.468241 108.404509 68.700001
821 -28.519346 108.697217 68.700001
822 -28.520841 109.236994 68.700001
823 -28.499276 109.470534 68.700001
824 -28.453729 109.882877 68.700001
826 -28.456361 110.342341 68.700001
826 -28.480085 110.590538 68.700001
827 -28.523610 110.884456 68.700001
828 -28.537367 111.346675 68.700001
829 -28.544887 111.866620 68.700001
831 -28.543443 112.243928 68.700001
839 -28.701376 115.881915 68.700002
840 -28.702375 116.061880 68.700002
841 -28.734301 116.480235 68.700002
842 -28.918260 116.989882 68.700002
843 -29.388578 117.426387 68.700002
844 -29.992452 117.664499 68.700002
845 -30.555624 117.822552 68.700002
846 -31.185532 117.982735 68.700002
847 -31.853227 118.236869 68.700002
848 -32.468775 118.598515 68.700002
849 -32.888413 118.905584 68.700002
854 -35.679558 120.220735 68.700002
855 -35.752996 120.231638 68.700002
856 -35.805779 120.301791 68.700002
857 -35.792530 120.351037 68.700002
858 -35.525322 120.475293 68.700002
859 -34.930420 120.531915 68.700002
860 -34.418300 120.479804 68.700002
861 -33.711002 120.394540 68.700002
862 -33.065644 120.342057 68.700002
863 -32.421951 120.301596 68.700002
864 -31.712612 120.271020 68.700002
873 -25.901367 119.955915 68.700002
874 -25.836475 119.952167 68.700002
875 -25.736978 120.055747 68.700002
876 -25.738697 120.488277 68.700002
877 -26.086919 120.998052 68.700002
878 -26.419782 121.384436 68.700002
879 -26.953605 121.949677 68.700002
880 -27.350658 122.385963 68.700002
881 -27.599206 122.799928 68.700002
882 -27.740578 123.265818 68.700002
883 -27.608512 123.685741 68.700002
892 -22.506348 124.798506 68.700002
893 -22.486687 124.800817 68.700002
895 -22.400633 124.899103 68.700002
895 -22.370947 125.218140 68.700002
896 -22.659952 125.657832 68.700002
897 -23.298770 125.967764 68.700002
898 -23.973941 126.202350 68.700002
899 -24.572558 126.455561 68.700002
900 -25.049302 126.663022 68.700002
901 -25.752539 127.000356 68.700002
902 -26.323302 127.311161 68.700002
912 -27.928153 131.226960 68.700002
913 -27.947456 131.324432 68.700002
914 -28.112407 131.468146 68.700002
915 -28.433306 131.505478 68.700002
916 -29.127044 131.464116 68.700002
917 -29.839055 131.459791 68.700002
918 -30.353905 131.511019 68.700002
919 -31.062169 131.607718 68.700002
920 -31.697644 131.731651 68.700002
921 -32.397578 131.864763 68.700002
922 -32.971162 131.966273 68.700002
932 -39.552896 133.022312 68.700002
933 -40.163597 133.235718 68.700002
934 -40.690941 133.614811 68.700002
935 -41.240299 134.072427 68.700002
936 -41.734229 134.494955 68.700002
937 -42.233543 134.911058 68.700002
938 -42.695845 135.269485 68.700002
939 -43.264859 135.702437 68.700002
940 -43.777603 136.101906 68.700002
941 -44.280157 136.506190 68.700002
942 -44.601428 136.776707 68.700002
953 -44.901349 137.026044 68.700002
954 -44.790105 136.918117 68.700002
955 -44.447523 136.589247 68.700002
956 -43.855894 136.189968 68.700002
957 -43.284836 135.879559 68.700002
958 -42.791090 135.566132 68.700002
959 -42.219539 135.136751 68.700002
960 -41.692131 134.757249 68.700002
961 -41.191925 134.453943 68.700002
962 -40.635904 134.117299 68.700002
963 -40.065364 133.708277 68.700002
974 -37.807090 136.623911 68.700002
975 -37.802461 136.632775 68.700002
976 -37.754823 136.646230 68.700002
977 -37.614732 136.552534 68.700002
978 -37.512048 135.954346 68.700002
979 -37.500161 135.779954 68.700002
980 -37.454014 135.362515 68.700002
981 -37.386711 134.991557 68.700002
982 -37.308591 134.727910 68.700002
983 -37.130251 134.349490 68.700002
984 -36.893984 134.145746 68.700002
996 -29.904655 134.996078 68.700002
997 -29.904655 134.996078 68.700002
998 -29.904655 134.996078 68.700002
999 -29.904655 134.996078 68.700002
1000 -29.904655 134.996078 68.700002
1001 -29.913036 134.990622 68.700002
1002 -30.016101 134.690837 68.700002
1003 -29.814152 134.264335 68.700002
1004 -29.214164 133.886319 68.700002
1005 -28.541616 133.643864 68.700002
1006 -28.059525 133.456339 68.700002
1017 -21.150010 132.835442 68.700002
1018 -21.150010 132.835442 68.700002
1019 -21.150010 132.835442 68.700002
1020 -21.246304 132.731811 68.700002
1021 -21.671110 132.675240 68.700002
1022 -22.182745 132.703520 68.700002
1023 -22.962322 132.718957 68.700002
1024 -23.546125 132.682107 68.700002
1025 -24.191338 132.604072 68.700002
1026 -24.896421 132.485583 68.700002
1027 -25.531869 132.348994 68.700002
1039 -29.623054 127.429753 68.700002
1040 -29.845197 126.916181 68.700002
1041 -30.139556 126.342379 68.700002
1042 -30.273649 126.057396 68.700002
1043 -30.403176 125.849665 68.700002
1044 -30.626346 125.500070 68.700002
1045 -30.816963 125.087561 68.700002
1046 -30.915832 124.793833 68.700002
1047 -31.075795 124.257639 68.700002
1048 -31.154358 123.901244 68.700002
1049 -31.295755 123.642845 68.700002
1061 -36.105835 122.163948 68.700002
1062 -36.688194 122.151108 68.700002
1063 -37.335536 122.136836 68.700002
1064 -38.045364 122.121187 68.700002
1065 -38.627357 122.097612 68.700002
1066 -39.336871 122.073097 68.700002
1067 -39.984291 122.063282 68.700002
1068 -40.501770 122.058830 68.700002
1069 -41.280533 122.026348 68.700002
1070 -41.918909 121.905042 68.700002
1071 -42.472629 121.738469 68.700002
1083 -48.135763 122.701037 68.700002
1084 -48.135763 122.701037 68.700002
1085 -48.193450 122.502100 68.700002
1086 -48.050304 122.062849 68.700002
1087 -47.613712 121.702558 68.700002
1088 -46.937703 121.491580 68.700002
1089 -46.305251 121.341829 68.700002
1090 -45.746218 121.170070 68.700002
1091 -45.074962 120.924002 68.700002
1092 -44.475866 120.671992 68.700002
1093 -43.935169 120.448727 68.700002
1104 -39.849624 115.234556 68.700002
1105 -39.630815 114.760337 68.700002
1106 -39.420369 114.124389 68.700002
1107 -39.343533 113.892250 68.700002
1108 -39.206687 113.653716 68.700002
1109 -38.986869 113.244126 68.700002
1110 -38.825984 112.840535 68.700002
1111 -38.688028 112.470477 68.700002
1112 -38.570770 112.178116 68.700002
1113 -38.424690 111.871323 68.700002
1114 -38.246623 111.527287 68.700002
1126 -36.931021 107.404567 68.700002
1127 -36.808408 106.945744 68.700002
1128 -36.702676 106.426417 68.700002
1129 -36.597504 105.942812 68.700002
1130 -36.497790 105.735635 68.700002
1131 -36.272848 105.311883 68.700002
1132 -36.004836 104.848101 68.700002
1133 -36.002208 104.838453 68.700002
1134 -36.002208 104.838453 68.700002
1135 -36.002208 104.838453 68.700002
1136 -36.002208 104.838453 68.700002
1148 -36.759332 103.384904 68.700002
1149 -37.392929 103.272706 68.700002
1150 -37.974825 103.247076 68.700002
1151 -38.620972 103.179504 68.700002
1152 -39.195535 103.083690 68.700002
1153 -39.439522 103.042144 68.700002
1164 -39.671696 103.001965 68.700002
1165 -39.671696 103.001965 68.700002
1166 -39.671696 103.001965 68.700002
1167 -39.671696 103.001965 68.700002
1168 -39.699825 103.012103 68.700002
1169 -39.766556 103.107556 68.700002
1170 -39.675389 103.259229 68.700002
1171 -39.337040 103.315119 68.700002
1172 -38.719676 103.287369 68.700002
1173 -38.007654 103.264872 68.700002
1174 -37.359104 103.306219 68.700002
1186 -31.245333 103.769693 68.700002
1187 -31.181520 103.564394 68.700002
1188 -31.000500 103.093116 68.700002
1189 -30.910004 102.849615 68.700002
1190 -30.793569 102.540998 68.700002
1191 -30.604762 102.088949 68.700002
1192 -30.512794 101.819779 68.700002
1193 -30.499900 101.610178 68.700002
1194 -30.409322 101.101480 68.700002
1195 -30.296833 100.749252 68.700002
1196 -30.173437 100.464913 68.700002
1208 -29.298207 96.275324 68.700002
1209 -29.301373 95.850377 68.700002
1210 -29.295331 95.480793 68.700002
1211 -29.229033 95.167773 68.700002
1212 -29.176304 94.701066 68.700002
1213 -29.149872 94.191755 68.700002
1214 -29.101647 93.890783 68.700002
1215 -29.025924 93.498033 68.700002
1216 -28.919105 93.097333 68.700002
1217 -28.815588 92.914804 68.700002
1218 -28.590673 92.502505 68.700002
1230 -27.788300 87.862989 68.700002
1231 -27.609204 87.364258 68.700002
1232 -27.292326 86.831797 68.700002
1233 -26.764458 86.466464 68.700002
1234 -26.149882 86.282520 68.700002
1235 -25.509097 86.173728 68.700002
1236 -24.868217 86.066343 68.700002
1237 -24.236196 85.914588 68.700002
1238 -23.604381 85.762003 68.700002
1239 -22.985396 85.567129 68.700002
1240 -22.385160 85.182394 68.700002
1252 -18.668339 83.548880 68.700002
1253 -18.668339 83.548880 68.700002
1254 -18.698188 83.509168 68.700002
1255 -18.958568 83.443646 68.700002
1256 -19.537495 83.538747 68.700002
1257 -20.225557 83.733090 68.700002
1258 -20.791840 83.879852 68.700002
1259 -21.407335 84.085061 68.700002
1260 -21.895285 84.405265 68.700002
1261 -22.351814 84.866412 68.700002
1262 -22.863538 85.441698 68.700002
1274 -29.454168 83.998191 68.700002
1275 -29.905313 83.456502 68.700002
1276 -30.327808 82.962543 68.700002
1277 -30.706259 82.516469 68.700002
1278 -31.047686 82.121167 68.700002
1279 -31.492455 81.561422 68.700002
1280 -31.896913 81.149275 68.700002
1281 -32.519121 80.800295 68.700002
1282 -33.110858 80.531541 68.700002
1283 -33.620610 80.244697 68.700002
1284 -34.252123 79.915448 68.700002
1296 -41.397974 77.331665 68.700002
1297 -41.469168 77.308097 68.700002
1298 -41.511060 77.334469 68.700002
1299 -41.532755 77.436775 68.700002
1300 -41.388668 77.558998 68.700002
1301 -40.964616 77.622505 68.700002
1302 -40.279005 77.575193 68.700002
1303 -39.575913 77.523950 68.700002
1304 -38.993804 77.503367 68.700002
1305 -38.346340 77.496940 68.700002
1306 -37.636357 77.492068 68.700002
1317 -31.329695 75.356734 68.700002
1318 -31.329695 75.356734 68.700002
1319 -31.376634 75.311189 68.700002
1320 -31.546160 75.321241 68.700002
1321 -31.767113 75.583019 68.700002
1322 -31.796631 75.745265 68.700002
1323 -31.845293 76.056420 68.700002
1324 -32.036003 76.633413 68.700002
1325 -32.433379 77.094175 68.700002
1326 -33.036396 77.316224 68.700002
1327 -33.678980 77.363163 68.700002
1339 -41.225152 76.858778 68.700002
1340 -41.289819 76.852202 68.700002
1341 -41.294547 76.871609 68.700002
1342 -41.254304 76.975179 68.700002
1343 -40.882057 77.082859 68.700002
1344 -40.248592 77.071104 68.700002
1345 -39.670361 77.000721 68.700002
1346 -39.024880 76.951716 68.700002
1347 -38.317528 76.940601 68.700002
1348 -37.737859 76.959364 68.700002
1349 -37.026484 76.999154 68.700002
1361 -31.492272 75.062086 68.700002
1362 -31.483699 74.537287 68.700002
1363 -31.495475 74.002419 68.700002
1364 -31.499757 73.417440 68.700002
1365 -31.491564 73.227619 68.700002
1366 -31.467059 72.768272 68.700002
1367 -31.439284 72.208962 68.700002
1368 -31.415668 71.664479 68.700002
1369 -31.421915 71.474590 68.700002
1370 -31.417164 71.019630 68.700002
1371 -31.384614 70.590973 68.700002
1383 -31.266595 66.131268 70.438698
1384 -31.283624 65.616756 70.438698
1385 -31.321114 65.500454 71.451034
1386 -31.392617 65.240521 71.451034
1387 -31.386417 64.641013 71.451034
1388 -31.342002 64.350731 72.275654
1389 -31.237658 63.892676 72.275654
1390 -31.141404 63.540638 73.198157
1391 -30.960601 63.004329 73.198157
1392 -30.877039 62.800863 73.198157
1393 -30.723204 62.453405 74.312921
1404 -30.091606 57.625914 79.278309
1405 -30.099168 57.582399 79.278309
1406 -30.273646 57.469830 79.278309
1407 -30.662082 57.438157 79.278309
1408 -31.343522 57.473250 80.253662
1409 -31.990554 57.496089 80.253662
1410 -32.705479 57.486609 80.253662
1411 -33.350393 57.476051 80.253662
1412 -33.930315 57.466558 80.253662
1413 -34.510290 57.461927 80.253662
1414 -35.222782 57.458480 80.253662
1428 -37.859479 57.543923 80.253662
1429 -37.849605 57.520971 80.253662
1430 -37.876868 57.299049 80.253662
1431 -38.297891 56.961374 80.253662
1432 -38.858926 56.633159 80.253662
1433 -39.467658 56.258452 80.253662
1434 -39.983861 55.864003 80.253662
1435 -40.421522 55.475898 80.253662
1436 -40.911540 54.955945 80.253662
1437 -41.265121 54.541427 80.253662
1438 -41.790590 54.182284 80.253662
1452 -45.584268 53.315052 80.253662
1453 -45.434319 53.240629 80.253662
1454 -45.022603 53.231577 80.253662
1455 -44.358381 53.376887 80.253662
1456 -43.851125 53.491234 80.210038
1457 -43.150882 53.635642 80.210038
1458 -42.509874 53.742981 80.210038
1459 -41.807052 53.873846 80.210038
1460 -41.235518 53.998611 80.210038
1461 -40.541255 54.158404 80.210038
1462 -39.976293 54.310156 80.210038
1476 -31.204302 57.653462 80.210038
1477 -31.122416 57.673009 80.210038
1478 -31.017394 57.829893 80.210038
1479 -31.079835 58.314060 80.210038
1480 -31.203597 58.649282 80.210038
1481 -31.379013 59.153934 80.210038
1482 -31.448311 59.560081 80.210038
1483 -31.458457 59.864911 80.210038
1484 -31.463203 60.219800 80.210038
1485 -31.450778 60.539530 80.210038
1486 -31.447228 61.049507 80.210038
1501 -31.414120 67.142229 80.210038
1502 -31.414120 67.142229 80.210038
1503 -31.308258 67.181484 80.210038
1504 -30.924261 66.964400 80.210038
1505 -30.717259 66.404710 80.210038
1506 -30.672687 66.022905 80.210038
1507 -30.626384 65.762976 80.210038
1508 -30.497883 65.394781 80.210038
1509 -30.320634 64.890101 80.210038
1510 -30.126511 64.285520 80.210038
1511 -30.051142 64.094880 80.210038
1526 -28.287231 58.833060 80.210038
1527 -28.191470 58.591422 80.210038
1528 -28.147053 57.992912 80.210038
1529 -28.201102 57.571509 80.210038
1530 -28.253723 57.256028 80.210038
1531 -28.297180 56.881590 80.210038
1532 -28.275504 56.588117 80.210038
1533 -28.143447 56.242736 80.732213
1534 -27.939878 55.707855 80.732213
1535 -27.903661 55.562496 81.556669
1536 -27.850697 55.257062 81.556669
1550 -22.047939 51.943901 84.050046
1551 -22.047939 51.943901 84.050046
1552 -22.056595 51.915282 84.050046
1553 -22.325711 51.798187 84.050046
1554 -22.734837 51.917964 84.050046
1555 -23.311025 52.217856 84.050046
1556 -23.857001 52.569997 84.050046
1557 -24.457257 52.957704 84.050046
1558 -24.909398 53.214529 84.050046
1559 -25.541354 53.548733 84.050046
1560 -26.146678 53.784426 84.050046
1575 -28.237524 59.475942 84.093105
1576 -28.294714 59.758997 84.093105
1577 -28.277987 60.018459 84.093105
1578 -28.263904 60.423132 84.093105
1579 -28.289785 60.977528 84.093105
1580 -28.310401 61.331896 84.093105
1581 -28.370463 61.584762 84.093105
1582 -28.423563 62.036080 84.093105
1583 -28.430659 62.255956 84.093105
1584 -28.460113 62.704954 84.093105
1585 -28.491693 63.123747 84.093105
1600 -29.694020 68.947969 84.093105
1601 -29.721936 69.306785 84.093105
1602 -29.768150 69.598083 84.093105
1603 -29.861281 69.864627 84.093105
1604 -29.980659 70.418413 84.093105
1605 -30.010067 70.681645 84.093105
1606 -30.073198 71.065996 84.093105
1607 -30.180153 71.559476 84.093105
1608 -30.251441 71.907228 84.093105
1609 -30.312754 72.205986 84.093105
1610 -30.438690 72.700087 84.093105
1625 -35.646264 77.272720 84.093105
1626 -36.225777 77.276049 84.093105
1628 -36.936666 77.323166 84.093105
1628 -37.519083 77.325430 84.093105
1629 -38.230232 77.283679 84.050046
1630 -38.876280 77.212149 84.050046
1631 -39.391870 77.144670 84.050046
1632 -40.097588 77.046654 84.050046
1633 -40.738061 76.951562 84.050046
1634 -41.378291 76.854850 84.050046
1635 -42.021681 76.762450 84.050046
1651 -46.741513 71.664214 84.050046
1652 -46.895387 71.385417 84.050046
1653 -47.193032 70.977532 84.050046
1654 -47.488236 70.499074 84.050046
1655 -47.718100 70.016173 84.050046
1656 -47.902335 69.600143 84.050046
1657 -48.047134 69.315511 84.050046
1658 -48.306030 68.853233 84.050046
1659 -48.533397 68.374514 84.050046
1660 -48.645535 68.168103 84.050046
1661 -48.845160 67.804325 84.050046
1676 -50.215732 65.899119 84.050046
1677 -50.126065 65.850620 84.050046
1678 -49.842163 65.826832 84.050046
1679 -49.324967 66.098324 84.050046
1680 -49.080954 66.482356 84.050046
1681 -48.983108 66.728603 84.050046
1682 -48.740920 67.227890 84.050046
1683 -48.654047 67.445819 84.050046
1684 -48.581734 67.742051 84.050046
1685 -48.418011 68.203552 84.050046
1686 -48.128568 68.773824 84.050046
1702 -44.776155 74.637489 84.050046
1703 -44.597701 75.072190 84.050046
1704 -44.344813 75.582780 84.050046
1705 -43.945302 76.135824 84.050046
1706 -43.556439 76.368299 84.050046
1707 -42.739207 76.549476 84.050046
1708 -42.092304 76.571441 84.050046
1709 -41.510066 76.554738 84.050046
1710 -40.862966 76.531990 84.050046
1711 -40.215755 76.512791 84.050046
1712 -39.568325 76.503585 84.050046
1728 -31.397146 74.884941 84.050046
1729 -31.311444 74.424229 84.050046
1730 -31.387567 74.171279 84.050046
1731 -31.486659 73.753591 84.050046
1732 -31.524331 73.308029 84.050046
1733 -31.510858 73.078428 84.050046
1734 -31.481764 72.479176 84.050046
1735 -31.468708 72.106905 84.050046
1736 -31.453386 71.829836 84.050046
1737 -31.428744 71.400577 84.050046
1738 -31.418072 70.920741 84.050046
1754 -31.247580 64.559932 84.050046
1755 -31.270950 64.372121 84.050046
1756 -31.348462 63.923994 84.050046
1757 -31.355518 63.684690 84.050046
1758 -31.305485 63.147038 84.050046
1759 -31.279202 62.612715 84.050046
1760 -31.278788 62.300297 84.050046
1761 -31.279822 62.015322 84.050046
1762 -31.252960 61.400923 84.050046
1763 -31.241643 61.258901 84.050046
1764 -31.199374 60.856121 84.050046
1779 -31.035000 54.916657 84.050046
1780 -31.048941 54.579633 84.050046
1781 -31.095132 54.026593 84.050046
1782 -31.099472 53.781998 84.050046
1783 -31.068368 53.483624 84.050046
1784 -31.032953 52.907322 84.050046
1785 -31.022668 52.652538 83.923598
1786 -31.009401 52.432946 83.923598
1787 -30.983237 51.983726 83.923598
1788 -30.961417 51.414144 84.789447
1789 -30.943306 51.044735 84.789447
1805 -30.696214 44.471262 91.849498
1806 -30.690771 44.434159 91.849498
1807 -30.690771 44.434159 91.849498
1808 -30.822352 44.475010 92.869211
1809 -30.853986 44.575156 92.869211
1810 -30.667999 44.753081 92.923035
1811 -30.258492 44.817359 92.923035
1812 -29.549335 44.767582 92.923035
1813 -28.845051 44.644593 92.923035
1814 -28.266568 44.558054 92.923035
1815 -27.620989 44.482407 92.923035
1832 -21.384088 43.756955 93.029513
1833 -21.384088 43.756955 93.029513
1834 -21.393660 43.739423 93.029513
1835 -21.575855 43.648056 93.029513
1836 -22.070331 43.650559 93.029513
1837 -22.774651 43.740074 93.029513
1838 -23.291324 43.798531 93.029513
1839 -23.997399 43.840837 93.029513
1840 -24.712265 43.830905 93.029513
1841 -25.294399 43.810514 93.029513
1842 -25.938498 43.776436 93.029513
1860 -37.351021 43.814906 93.852493
1861 -37.930837 43.800273 93.852493
1862 -38.640531 43.779642 93.852493
1863 -39.155221 43.761772 93.852493
1864 -39.867292 43.737049 93.852493
1865 -40.579262 43.710686 93.852493
1866 -41.160020 43.642262 93.852493
1867 -41.787734 43.476180 93.852493
1868 -42.474384 43.279138 93.852493
1869 -42.985484 43.218656 93.852493
1870 -43.695166 43.213901 93.852493
1888 -47.291616 43.495462 93.852493
1889 -47.291616 43.495462 93.852493
1890 -47.291616 43.495462 93.852493
1891 -47.291616 43.495462 93.852493
1892 -47.329611 43.507144 93.852493
1893 -47.344666 43.570938 93.852493
1894 -47.234740 43.690394 93.852493
1895 -46.853791 43.769048 93.852493
1896 -46.233723 43.735323 93.852493
1897 -45.655689 43.663513 93.852493
1898 -44.885958 43.575527 93.852493
1916 -33.018989 43.909218 93.852493
1917 -32.304656 43.900740 93.852493
1918 -31.705632 43.672265 93.852493
1919 -31.367834 43.208077 93.852493
1920 -31.278027 42.943036 93.852493
1921 -31.172338 42.536883 93.852493
1922 -31.120379 42.185910 93.852493
1923 -31.062921 41.770060 93.852493
1924 -30.985688 41.286208 94.639370
1925 -30.967687 41.062085 94.639370
1926 -30.933833 40.688660 94.639370
1945 -29.977876 33.323495 101.223566
1946 -29.987090 33.305762 101.223566
1947 -30.129646 33.211087 101.223566
1948 -30.439628 33.360324 101.223566
1949 -30.586688 33.903474 101.223566
1950 -30.620888 34.429832 101.223566
1951 -30.679979 34.850502 101.187007
1952 -30.771620 35.171052 101.187007
1953 -30.945945 35.519906 101.223566
1954 -31.147636 35.899644 101.223566
1955 -31.305958 36.194847 101.223566
1976 -37.456753 37.293340 101.223566
1977 -37.456753 37.293340 101.223566
1978 -37.456753 37.293340 101.223566
1979 -37.456753 37.293340 101.223566
1980 -37.456753 37.293340 101.223566
1981 -37.456753 37.293340 101.223566
1982 -37.455154 37.322600 101.223566
1983 -37.261474 37.455263 101.223566
1984 -36.708541 37.492066 101.223566
1985 -36.195068 37.429346 101.223566
1986 -35.490428 37.308086 101.223566
2006 -35.214123 32.301412 101.335534
2007 -35.847192 32.182063 101.335534
2008 -36.494350 32.166568 101.335534
2009 -37.205504 32.125719 101.335534
2010 -37.784840 32.045287 101.335534
2011 -38.424834 31.931722 101.335534
2012 -39.061997 31.803339 101.335534
2013 -39.757816 31.638852 101.335534
2014 -40.322188 31.484965 101.335534
2015 -41.014120 31.305690 101.335534
2016 -41.586014 31.182641 101.335534
2038 -46.021576 30.102580 101.450926
2039 -45.863060 30.031512 101.450926
2040 -45.505590 30.036062 101.450926
2041 -44.901117 30.134841 101.450926
2042 -44.194879 30.227512 101.450926
2043 -43.549258 30.276634 101.450926
2044 -42.973566 30.322238 101.450926
2045 -42.328543 30.378816 101.450926
2046 -41.619807 30.451169 101.450926
2047 -41.044901 30.558257 101.450926
2048 -40.420169 30.736484 101.450926
2071 -29.568088 26.694948 101.529751
2072 -29.559960 26.488919 101.529751
2073 -29.939393 26.120831 101.529751
2074 -30.569707 26.022252 101.529751
2075 -31.214008 26.035480 101.529751
2076 -31.858622 26.096491 101.529751
2077 -32.503981 26.147864 101.529751
2078 -33.216064 26.097769 101.529751
2079 -33.714744 25.982160 101.529751
2080 -34.372871 25.704325 101.529751
2081 -34.867031 25.435714 101.529751
2104 -35.475409 25.066878 101.529751
2105 -35.475409 25.066878 101.529751
2106 -35.475409 25.066878 101.529751
2107 -35.475409 25.066878 101.529751
2108 -35.485006 25.069690 101.529751
2109 -35.583293 25.216980 101.529751
2110 -35.458835 25.481614 101.529751
2111 -34.830758 25.664356 101.529751
2112 -34.183702 25.663293 101.529751
2113 -33.540003 25.623283 101.529751
2114 -33.024338 25.579783 101.529751
2137 -25.324900 19.127785 108.734403
2138 -25.324900 19.127785 108.734403
2139 -25.324900 19.127785 108.734403
2140 -25.324900 19.127785 108.734403
2141 -25.318876 19.146843 108.734403
2142 -25.324165 19.175220 108.734403
2143 -25.411857 19.258050 108.734403
2144 -25.888942 19.326241 108.734403
2145 -26.470348 19.304136 108.734403
2146 -27.177029 19.196522 108.734403
2147 -27.742377 19.067281 108.734403
2172 -34.143562 17.939930 108.803357
2173 -34.345460 17.882198 108.803357
2174 -34.905682 17.732340 108.803357
2175 -35.600024 17.563410 108.803357
2176 -36.089944 17.286552 108.803357
2177 -36.458372 16.786400 108.803357
2178 -36.735088 16.265729 108.803357
2179 -36.793368 16.122104 108.803357
2180 -36.985805 15.682549 116.947213
2181 -37.334967 15.134973 116.947213
2182 -37.783261 14.581257 116.960380
2209 -39.539331 12.704872 117.094195
2210 -39.492287 12.591214 117.094195
2211 -39.559820 12.424810 117.094195
2212 -40.057166 12.259270 117.094195
2213 -40.766968 12.249382 117.127668
2214 -41.283017 12.189052 117.127668
2215 -41.978952 12.038956 117.127668
2216 -42.537476 11.864984 117.127668
2217 -43.287318 11.669409 117.127668
2218 -43.857187 11.537399 117.127668
2219 -44.487007 11.376928 117.127668
2247 -49.535697 10.165406 117.127668
2248 -49.535697 10.165406 117.127668
2249 -49.605335 10.083959 117.127668
2250 -49.905161 10.068042 117.127668
2251 -50.239262 10.517327 117.127668
2252 -50.270737 10.969212 117.127668
2253 -50.274777 11.297562 117.127668
2254 -50.324876 11.485998 117.127668
2255 -50.492484 11.956954 117.127668
2256 -50.617463 12.471823 117.127668
2257 -50.792035 13.016266 117.127668
2272 -53.200454 16.168342 117.127668
2273 -53.097711 16.040761 117.127668
2274 -52.862920 15.634542 117.127668
2275 -52.686514 15.051245 117.127668
2276 -52.585710 14.666870 117.127668
2277 -52.491006 14.414028 117.127668
2278 -52.343395 14.064037 117.127668
2279 -52.094072 13.678525 117.127668
2280 -52.071970 13.666850 117.127668
2281 -51.839222 13.540523 117.127668
2282 -51.546968 13.111296 117.127668
2310 -50.747974 3.692235 117.127668
2311 -50.755500 3.668411 117.127668
2312 -50.818319 3.604574 117.127668
2313 -50.931443 3.632455 117.127668
2314 -51.024108 3.920141 117.127668
2315 -51.049653 4.318611 117.127668
2316 -51.016650 4.824959 117.127668
2317 -50.978002 5.074466 117.127668
2318 -50.947348 5.443099 117.127668
2319 -50.937944 6.010452 117.127668
2320 -50.922663 6.492521 117.127668
2348 -37.298131 15.964876 120.447709
2349 -37.298131 15.964876 120.447709
2350 -37.233856 15.928419 120.447709
2351 -37.176871 15.609219 120.447709
2352 -37.280049 15.110437 120.447709
2353 -37.370682 14.785484 120.447709
2354 -37.482160 14.464445 120.447709
2355 -37.543148 14.019898 120.447709
2356 -37.529792 13.755893 120.447709
2357 -37.432848 13.419603 120.447709
2358 -37.342727 12.902959 120.447709
2387 -32.770413 0.921058 125.671996
2388 -32.599484 0.818396 125.671996
2389 -32.166946 0.729797 125.671996
2390 -31.476314 0.870312 128.228119
2391 -30.918024 1.017848 128.228119
2392 -30.282726 1.141895 133.987950
2393 -29.640816 1.202920 133.987950
2394 -28.993703 1.224555 133.987950
2395 -28.281397 1.241162 133.987950
2396 -27.636672 1.259651 135.356162
2397 -27.057149 1.283173 135.356162
2414 -18.103805 0.857893 135.378767
2415 -18.103805 0.857893 135.378767
2416 -18.088418 0.753648 135.378767
2417 -18.208031 0.631829 135.378767
2418 -18.805179 0.598388 135.378767
2419 -19.389836 0.609218 135.378767
2420 -20.035593 0.562649 135.378767
2421 -20.678450 0.467850 135.378767
2422 -21.315538 0.339167 135.378767
2423 -21.950716 0.213866 135.378767
2424 -22.650860 0.069348 135.378767
2455 -28.604551 -10.757528 146.511606
2456 -28.612392 -10.775910 146.511606
2457 -28.659670 -10.810364 146.511606
2458 -28.750710 -10.746684 146.511606
2459 -28.817327 -10.386514 147.328242
2460 -28.813882 -9.981924 147.328242
2461 -28.743171 -9.411327 147.307199
2462 -28.678257 -9.011803 147.307199
2463 -28.647260 -8.528250 147.328242
2464 -28.639843 -8.345900 147.328242
2465 -28.612928 -7.981997 147.328242
2500 -15.993718 -0.736334 147.328242
2501 -15.351882 -0.838203 147.328242
2502 -14.713744 -0.961787 147.328242
2503 -14.085853 -1.127883 147.328242
2504 -13.473516 -1.490248 147.307199
2505 -13.012221 -1.943565 147.307199
2506 -12.616675 -2.358866 147.307199
2507 -12.076794 -2.717766 147.307199
2508 -11.485110 -2.966809 147.307199
2509 -10.871185 -3.164429 147.307199
2510 -10.193879 -3.393504 147.307199
2547 -6.330704 -5.532082 147.328242
2548 -6.330704 -5.532082 147.328242
2549 -6.330704 -5.532082 147.328242
2550 -6.330704 -5.532082 147.328242
2551 -6.357429 -5.518948 147.328242
2552 -6.381907 -5.488145 147.328242
2553 -6.365675 -5.416600 147.328242
2554 -6.096587 -5.292488 147.328242
2555 -5.456916 -5.259464 147.328242
2556 -4.945136 -5.316467 147.328242
2557 -4.237194 -5.396682 147.328242
2578 6.814759 -5.029397 147.328242
2579 6.814759 -5.029397 147.328242
2580 6.791215 -5.067395 147.328242
2581 6.522184 -5.139332 147.328242
2582 6.007675 -5.064771 147.328242
2583 5.304901 -4.947467 147.328242
2584 4.620068 -4.765979 147.328242
2585 4.158473 -4.527533 147.328242
2586 3.591451 -4.094276 147.328242
2587 3.378407 -3.843091 147.328242
2588 3.190010 -3.560066 147.328242
2628 -8.136116 7.904776 147.328242
2629 -8.143115 7.911919 147.328242
2630 -8.176634 7.929704 147.328242
2631 -8.300206 7.859984 147.328242
2632 -8.356263 7.691268 147.328242
2633 -8.352491 7.176512 147.328242
2634 -8.290785 6.720977 147.328242
2635 -8.239956 6.574592 147.328242
2636 -8.099666 6.160219 147.328242
2637 -7.924688 5.604651 147.328242
2638 -7.838766 5.407570 147.328242
2682 7.211799 -2.606869 147.328242
2683 7.209801 -2.261997 147.328242
2684 7.180191 -1.662760 147.328242
2685 7.162662 -1.333274 147.328242
2686 7.161580 -0.688483 147.328242
2687 7.194743 -0.204693 147.328242
2688 7.222628 -0.002175 147.328242
2689 7.333832 0.249248 147.328242
2690 7.462590 0.818376 147.328242
2691 7.532631 1.216911 147.328242
2692 7.666654 1.752900 147.328242
2735 9.364025 5.585448 147.328242
2736 9.364025 5.585448 147.328242
2737 9.364025 5.585448 147.328242
2738 9.364025 5.585448 147.328242
2739 9.364025 5.585448 147.328242
2740 9.355355 5.608873 147.328242
2741 9.196062 5.742670 147.328242
2742 9.126477 5.743388 147.328242
2743 9.072184 5.696144 147.328242
2744 8.971929 5.426853 147.328242
2745 8.968801 4.787973 147.328242
2790 -7.711474 -4.420546 147.328242
2791 -8.372897 -4.149239 147.328242
2792 -8.910483 -3.918600 147.328242
2793 -9.502710 -3.650780 147.328242
2794 -10.097910 -3.389688 147.328242
2795 -10.706468 -3.161599 147.328242
2796 -11.328289 -2.973457 147.328242
2797 -12.022584 -2.814788 147.328242
2798 -12.550265 -2.566617 147.328242
2799 -13.044739 -2.153936 147.328242
2800 -13.480040 -1.675017 147.328242
2845 -28.098010 -9.455650 147.328242
2846 -28.098010 -9.455650 147.328242
2847 -28.098010 -9.455650 147.328242
2848 -28.098010 -9.455650 147.328242
2849 -28.073860 -9.437967 147.328242
2850 -28.025971 -9.294471 147.328242
2851 -28.007540 -8.830452 147.328242
2852 -28.064453 -8.419566 147.328242
2853 -28.072663 -8.227246 147.328242
2854 -28.094974 -7.842893 147.328242
2855 -28.116858 -7.343467 147.328242
2900 -10.856623 6.566681 147.328242
2901 -10.619147 7.056875 147.328242
2902 -10.448588 7.537488 147.328242
2903 -10.377025 7.702480 147.328242
2904 -10.166279 8.100078 147.328242
2905 -10.005864 8.471575 147.328242
2906 -9.915795 8.731308 147.328242
2907 -9.714877 9.210872 147.328242
2908 -9.533314 9.572858 147.328242
2909 -9.302866 10.088522 147.328242
2910 -9.051675 10.622346 147.328242
2955 -4.315395 18.085083 147.328242
2956 -4.258635 18.054399 147.328242
2957 -3.902504 18.020901 147.328242
2958 -3.257313 18.179015 147.328242
2959 -2.760413 18.332162 147.328242
2960 -2.146240 18.544914 147.328242
2961 -1.532964 18.760287 147.328242
2962 -0.916443 18.965996 147.328242
2963 -0.235780 19.176548 147.328242
2964 0.260725 19.331076 147.328242
2965 0.951314 19.515783 147.328242
3012 10.085243 20.904510 147.328242
3013 10.085243 20.904510 147.328242
3014 10.074473 20.887687 147.328242
3015 9.830656 20.808043 147.328242
3016 9.284939 20.801907 147.328242
3017 8.646366 20.892146 147.328242
3018 8.010854 20.986575 147.328242
3019 7.365652 21.065258 147.328242
3020 6.658560 21.128941 147.328242
3021 6.142065 21.161062 147.328242
3022 5.431023 21.206087 147.328242
3047 0.053046 27.530945 147.328242
3048 0.264929 27.417729 147.328242
3049 0.521503 27.024662 147.328242
3050 0.726861 26.498742 147.328242
3051 0.817407 26.331712 147.328242
3052 1.042173 25.924646 147.328242
3053 1.353193 25.376789 147.328242
3054 1.683180 24.840213 147.328242
3055 1.728982 24.682126 147.328242
3056 1.841799 24.277697 147.328242
3057 2.052627 23.770252 147.328242
3105 26.124770 20.810126 147.328242
3106 26.124770 20.810126 147.328242
3107 26.124770 20.810126 147.328242
3108 26.124770 20.810126 147.328242
3109 26.124770 20.810126 147.328242
3110 26.117923 20.834144 147.328242
3111 25.963247 20.982445 147.328242
3112 25.453513 21.029975 147.328242
3113 24.817967 20.964913 147.328242
3114 24.188790 20.803261 147.328242
3115 23.571372 20.600089 147.328242
3143 19.802531 12.838414 147.328242
3144 19.867439 12.689563 147.328242
3145 19.878989 12.220013 147.328242
3146 19.861145 12.035974 147.328242
3147 19.843588 11.706494 147.328242
3148 19.842046 11.134062 147.328242
3149 19.887279 10.965372 147.328242
3150 20.019669 10.577357 147.328242
3151 20.125206 10.088905 147.328242
3152 20.180018 9.839879 147.328242
3153 20.276529 9.482776 147.328242
3207 22.883953 3.301039 147.328242
3208 22.883953 3.301039 147.328242
3209 22.883953 3.301039 147.328242
3210 22.762411 3.288028 147.328242
3211 22.641737 3.454592 147.328242
3212 22.550464 3.935536 147.328242
3213 22.557118 4.395217 147.328242
3214 22.499407 4.906413 147.328242
3215 22.419035 5.148231 147.328242
3216 22.227255 5.642297 147.328242
3217 22.069784 6.031653 147.328242
3274 26.875961 24.290106 147.328242
3275 26.875961 24.290106 147.328242
3276 26.875961 24.290106 147.328242
3277 26.875961 24.290106 147.328242
3278 26.833226 24.260138 147.328242
3279 26.742092 24.035806 147.328242
3280 26.683302 23.588705 147.328242
3281 26.728034 23.055845 147.328242
3282 26.639201 22.436428 147.328242
3283 26.245748 21.927624 147.328242
3284 25.769578 21.591403 147.328242
3341 -11.117931 20.964641 147.328242
3342 -11.762394 20.990954 147.328242
3343 -12.406898 21.016213 147.328242
3344 -12.989107 21.034467 147.328242
3345 -13.633992 21.046570 147.328242
3346 -14.346381 21.059147 147.328242
3347 -14.931117 21.075628 147.328242
3348 -15.643536 21.130509 147.328242
3349 -16.280811 21.244615 147.328242
3350 -16.852170 21.344125 147.328242
3351 -17.542113 21.514933 147.328242
3408 -19.740207 23.603857 147.328242
3409 -19.582415 23.450560 147.328242
3410 -19.242524 23.148147 147.328242
3411 -18.747314 22.734911 147.328242
3412 -18.222149 22.250221 147.328242
3413 -17.768072 21.796450 147.328242
3414 -17.268047 21.507029 147.328242
3415 -16.524050 21.307736 147.328242
3416 -16.013075 21.243943 147.328242
3417 -15.371566 21.214102 147.328242
3418 -14.659626 21.239129 147.328242
3477 23.366905 21.042263 147.328242
3478 23.366905 21.042263 147.328242
3479 23.414573 20.919329 147.328242
3480 23.209322 20.529597 147.328242
3481 22.819451 20.194551 147.328242
3482 22.100281 19.903110 147.328242
3483 22.110003 19.905455 147.328242
3484 21.942125 19.932152 147.328242
3485 21.513337 19.943135 147.328242
3486 21.169539 19.806145 147.328242
3487 20.891854 19.398094 147.328242
3547 33.314091 -0.757495 147.328242
3548 33.314091 -0.757495 147.328242
3549 33.287058 -0.818213 147.328242
3550 33.092375 -0.908582 147.328242
3551 32.467448 -0.763717 147.328242
3552 31.919368 -0.566519 147.328242
3553 31.317225 -0.321769 147.328242
3554 30.646955 -0.097354 147.328242
3555 30.141117 0.011727 147.328242
3556 29.464999 0.228309 147.328242
3557 28.893775 0.654966 147.328242
3618 34.510274 18.130475 147.328242
3619 34.562709 17.886876 147.328242
3620 34.419482 17.465661 147.328242
3621 34.009694 16.981606 147.328242
3622 33.569569 16.596351 147.328242
3623 33.023195 16.006939 147.328242
3624 32.838521 15.519059 147.328242
3625 32.825761 15.039711 147.328242
3626 32.843094 14.832322 147.328242
3627 32.865320 14.528168 147.328242
3628 32.934514 13.993887 147.328242
3689 32.455424 5.921941 147.328242
3690 32.455424 5.921941 147.328242
3691 32.455424 5.921941 147.328242
3692 32.455424 5.921941 147.328242
3693 32.367916 5.945599 147.328242
3694 32.215481 6.283078 147.328242
3695 32.179067 6.754922 147.328242
3696 32.255491 7.163077 147.328242
3697 32.323653 7.340152 147.328242
3698 32.418544 7.645307 147.328242
3699 32.479845 8.151129 147.328242
3761 30.687083 27.673440 147.328242
3762 30.762963 27.562265 147.328242
3763 30.913914 27.291513 147.328242
3764 31.096318 26.781912 147.328242
3765 31.120412 26.578332 147.328242
3766 31.187253 26.118202 147.328242
3767 31.236685 25.822342 147.328242
3768 31.345080 25.437551 147.328242
3769 31.525588 24.928622 147.328242
3770 31.613133 24.724070 147.328242
3771 31.774794 24.298796 147.328242
3833 39.970899 27.762671 147.328242
3834 39.970899 27.762671 147.328242
3835 39.970899 27.762671 147.328242
3836 39.970899 27.762671 147.328242
3837 39.970899 27.762671 147.328242
3838 39.983774 27.830838 147.328242
3839 39.923121 27.935461 147.328242
3840 39.668844 28.013549 147.328242
3841 39.116364 27.715890 147.328242
3842 38.941778 27.257169 147.328242
3843 38.929357 27.092672 147.328242
3906 21.388730 5.190941 147.328242
3907 21.394310 4.735976 147.328242
3908 21.392441 4.486025 147.328242
3909 21.394956 4.076037 147.328242
3910 21.411797 3.516433 147.328242
3911 21.453308 3.336908 147.328242
3912 21.566279 2.835458 147.328242
3913 21.593561 2.296379 147.328242
3914 21.594370 1.816383 147.328242
3915 21.594066 1.343883 147.328242
3916 21.579945 1.149404 147.328242
3980 23.013048 -9.941523 153.235932
3981 23.013048 -9.941523 153.235932
3982 23.013048 -9.941523 153.235932
3983 23.013048 -9.941523 153.235932
3984 23.013048 -9.941523 153.235932
3985 22.937241 -9.857781 153.235932
3986 22.968846 -9.743612 153.235932
3987 23.224721 -9.623833 153.235932
3988 23.924113 -9.573011 153.235932
3989 24.495373 -9.638175 153.235932
3990 25.206024 -9.688071 153.235932
4054 38.705948 -8.215879 155.414320
4055 38.704664 -8.225796 155.414320
4056 38.488583 -8.414965 155.414320
4057 37.948465 -8.481935 155.414320
4058 37.305297 -8.414601 155.414320
4059 36.601799 -8.318925 155.414320
4060 35.956673 -8.264846 155.414320
4061 35.374488 -8.246789 155.414320
4062 34.661999 -8.245066 155.414320
4063 34.079510 -8.248522 155.414320
4064 33.429521 -8.252117 155.414320
4130 19.431163 11.284794 155.414320
4131 19.345248 11.545605 155.414320
4132 19.223841 11.758328 155.414320
4133 19.018793 12.158852 155.414320
4134 18.771635 12.463540 155.414320
4135 18.140538 12.664579 155.414320
4136 17.491176 12.677638 155.414320
4137 16.920252 12.557565 155.414320
4138 16.323410 12.307752 155.414320
4139 15.751778 11.998856 155.414320
4140 15.145319 11.620143 155.414320
4206 -8.161178 -4.336208 155.305798
4207 -8.828366 -4.079546 155.187535
4208 -9.368315 -3.854508 155.187535
4209 -9.960074 -3.585639 155.187535
4210 -10.501850 -3.365028 155.187535
4211 -11.174683 -3.123237 155.187535
4212 -11.736496 -2.960492 155.187535
4213 -12.410947 -2.728270 155.187535
4214 -12.884942 -2.387619 155.187535
4215 -13.375907 -1.869870 155.305798
4216 -13.778177 -1.450372 155.305798
4282 -27.889850 -18.913451 155.187535
4283 -27.939425 -18.999532 155.187535
4284 -28.353546 -19.126615 155.187535
4285 -29.051312 -19.010506 155.187535
4286 -29.639474 -18.734253 155.187535
4287 -30.102840 -18.498337 155.444945
4288 -30.732955 -18.160446 155.444945
4289 -31.244390 -17.889884 155.444945
4290 -32.046088 -17.670100 155.464629
4291 -32.560381 -17.653455 155.464629
4292 -33.208800 -17.696727 155.464629
4328 -39.788700 -18.469100 155.464629
4329 -39.634575 -18.544359 155.464629
4330 -39.242844 -18.552235 155.464629
4331 -38.703167 -18.446355 155.464629
4332 -38.061449 -18.361977 155.464629
4333 -37.414898 -18.327997 155.464629
4334 -36.775413 -18.302348 155.464629
4335 -36.128574 -18.273125 155.464629
4336 -35.479262 -18.243207 155.464629
4337 -34.829548 -18.224297 155.464629
4338 -34.118411 -18.186950 155.464629
4408 -29.364195 -33.722232 169.415026
4409 -29.364195 -33.722232 169.415026
4410 -29.364195 -33.722232 169.415026
4411 -29.460596 -33.727441 169.415026
4412 -29.589900 -33.570097 169.963205
4413 -29.632058 -33.067918 169.963205
4414 -29.615228 -32.773664 169.963205
4415 -29.574180 -32.441216 169.963205
4416 -29.560304 -32.001611 169.963205
4417 -29.581902 -31.642662 169.963205
4418 -29.647188 -31.401361 169.963205
4457 -38.559755 -24.716881 169.963205
4458 -38.538454 -24.738005 169.963205
4459 -38.538454 -24.738005 169.963205
4460 -38.538454 -24.738005 169.963205
4461 -38.538454 -24.738005 169.963205
4462 -38.538454 -24.738005 169.963205
4463 -38.543696 -24.708568 169.963205
4464 -38.483580 -24.606404 169.963205
4465 -38.195175 -24.515364 169.963205
4466 -37.646795 -24.477912 169.963205
4467 -36.943288 -24.589430 169.963205
4542 -28.874466 -48.482235 184.616498
4543 -28.874466 -48.482235 184.616498
4544 -28.988665 -48.579688 184.616498
4545 -29.514194 -48.539806 184.616498
4546 -30.052415 -48.313896 184.616498
4547 -30.623032 -48.003054 184.616498
4548 -31.218051 -47.615824 184.616498
4549 -31.806300 -47.364330 184.616498
4550 -32.388191 -47.334263 184.616498
4551 -32.961232 -47.405416 184.616498
4552 -33.730915 -47.525544 184.616498
4596 -40.286906 -52.595982 184.616498
4597 -40.286906 -52.595982 184.616498
4598 -40.286906 -52.595982 184.616498
4599 -40.286906 -52.595982 184.616498
4600 -40.341332 -52.553048 184.616498
4601 -40.393286 -52.191355 184.616498
4602 -40.067601 -51.729877 184.616498
4603 -39.557743 -51.330289 184.616498
4604 -38.920502 -51.010213 184.616498
4605 -38.308363 -50.791980 184.616498
4606 -37.775774 -50.550463 184.616498
4653 -22.576758 -38.128120 184.616498
4654 -22.576758 -38.128120 184.616498
4655 -22.576758 -38.128120 184.616498
4656 -22.576758 -38.128120 184.616498
4657 -22.576758 -38.128120 184.616498
4658 -22.567414 -38.089331 184.616498
4659 -22.661466 -37.995949 184.616498
4660 -23.105941 -37.942477 184.616498
4661 -23.679583 -37.977679 184.616498
4662 -24.321030 -38.065142 184.616498
4663 -25.026176 -38.183330 184.616498
4753 -45.576694 -59.801251 185.542047
4754 -45.506207 -59.868609 185.542047
4755 -45.506207 -59.868609 185.542047
4756 -45.506207 -59.868609 185.542047
4757 -45.506207 -59.868609 185.542047
4758 -45.506207 -59.868609 185.542047
4759 -45.506207 -59.868609 185.542047
4760 -45.440580 -59.759906 185.542047
4761 -45.052682 -59.646795 185.542047
4762 -44.429359 -59.635204 185.542047
4763 -43.791756 -59.745136 185.542047
4854 -22.113428 -52.396853 185.755461
4855 -22.013214 -52.446727 185.755461
4856 -21.676328 -52.472606 185.755461
4857 -21.122702 -52.433605 185.755461
4858 -20.410643 -52.430554 185.755461
4859 -19.763845 -52.493895 185.755461
4860 -19.189908 -52.593033 185.755461
4861 -18.492421 -52.725693 185.755461
4862 -17.852758 -52.840832 185.755461
4863 -17.276736 -52.942892 185.755461
4864 -16.576023 -53.084020 185.755461
4958 -11.675599 -54.901808 185.755461
4959 -11.675599 -54.901808 185.755461
4960 -11.675599 -54.901808 185.755461
4961 -11.675599 -54.901808 185.755461
4962 -11.756544 -54.866906 185.755461
4963 -11.866513 -54.533441 185.755461
4964 -11.745432 -53.982017 185.755461
4965 -11.496424 -53.473207 185.755461
4966 -11.392116 -53.344155 185.755461
4967 -11.136907 -53.112017 185.755461
4968 -10.798730 -52.699826 185.755461
5064 -9.026567 -46.843310 185.755461
5065 -8.958381 -47.027833 185.755461
5066 -9.021426 -47.411866 185.755461
5067 -9.317803 -48.106457 185.755461
5068 -9.630953 -48.638624 185.755461
5069 -9.734586 -48.812551 185.755461
5070 -9.966365 -49.174703 185.755461
5071 -10.211860 -49.718102 185.755461
5072 -10.274871 -49.918366 185.755461
5073 -10.452505 -50.457125 185.755461
5074 -10.578352 -50.956420 185.755461
5170 -54.971092 -64.217161 197.406716
5171 -54.971092 -64.217161 197.406716
5172 -55.020719 -64.292454 197.406716
5173 -55.123271 -64.301473 197.406716
5174 -55.245380 -64.127190 197.406716
5175 -55.306178 -63.688959 197.406716
5176 -55.275460 -63.230197 197.406716
5177 -55.203434 -62.959682 197.406716
5178 -55.151410 -62.513384 197.406716
5179 -55.152507 -62.233747 197.406716
5180 -55.203478 -61.968706 197.406716
5233 -55.385002 -51.748526 197.406716
5234 -55.333617 -51.767819 197.406716
5235 -54.997511 -51.753742 197.406716
5236 -54.519674 -51.404407 197.406716
5237 -54.368975 -51.068455 197.406716
5238 -54.245403 -50.719837 197.406716
5239 -54.115197 -50.411305 197.406716
5240 -53.938966 -50.086091 197.406716
5241 -53.663617 -49.609985 197.406716
5242 -53.496709 -49.349231 197.406716
5243 -53.304469 -49.118947 197.406716
5345 -22.283275 -30.120449 197.406716
5346 -22.231800 -30.254210 197.406716
5347 -22.392469 -30.621546 197.406716
5348 -22.983217 -30.974021 197.406716
5349 -23.521831 -31.202029 197.406716
5350 -24.119422 -31.457156 197.406716
5351 -24.680766 -31.784298 197.406716
5352 -25.215958 -32.152828 197.406716
5353 -25.779259 -32.592884 197.406716
5354 -26.270579 -33.018415 197.406716
5355 -26.755953 -33.450745 197.406716
5458 -16.548048 -43.032739 197.406716
5459 -16.548048 -43.032739 197.406716
5460 -16.548048 -43.032739 197.406716
5461 -16.548048 -43.032739 197.406716
5462 -16.548048 -43.032739 197.406716
5463 -16.548048 -43.032739 197.406716
5464 -16.548048 -43.032739 197.406716
5465 -16.553180 -43.013413 197.406716
5466 -16.746256 -42.916386 197.406716
5467 -17.194505 -42.955407 197.406716
5468 -17.828808 -43.072202 197.406716
5572 -30.437300 -77.714830 212.374790
5573 -30.531424 -77.811195 212.374790
5574 -30.829745 -77.828603 212.374790
5575 -31.474009 -77.630917 212.374790
5576 -31.987581 -77.234375 213.553393
5577 -32.559969 -76.811287 213.553393
5578 -33.078389 -76.541637 213.553393
5579 -33.754137 -76.318750 213.573246
5580 -34.261427 -76.204772 213.573246
5581 -35.029064 -76.066979 213.573246
5582 -35.604088 -75.959538 213.534287
5640 -41.391500 -74.752921 213.553393
5641 -41.237461 -74.815409 213.553393
5642 -40.829984 -74.760628 213.553393
5643 -40.272958 -74.641055 213.553393
5644 -39.563119 -74.593044 213.553393
5645 -38.921840 -74.631042 213.553393
5646 -38.210191 -74.699580 213.553393
5647 -37.632511 -74.774338 213.553393
5648 -36.927469 -74.858063 213.553393
5649 -36.410500 -74.914054 213.553393
5650 -35.704827 -74.992297 213.553393
5761 -21.359467 -76.438668 213.553393
5762 -21.359467 -76.438668 213.553393
5763 -21.395996 -76.464474 213.553393
5764 -21.694410 -76.454741 213.553393
5765 -22.156074 -76.333608 213.553393
5766 -22.837573 -76.125882 213.553393
5767 -23.326865 -75.957572 213.553393
5768 -24.057364 -75.684276 213.553393
5769 -24.667177 -75.459478 213.553393
5770 -24.729182 -75.439974 213.553393
5771 -24.729182 -75.439974 213.553393
5884 -21.396207 -66.383791 213.553393
5885 -21.236311 -66.446498 213.553393
5886 -20.881063 -66.459273 213.553393
5887 -20.207250 -66.323675 213.553393
5888 -19.443755 -66.177248 213.553393
5889 -18.995518 -66.115348 213.553393
5890 -18.286643 -66.021994 213.553393
5891 -17.642664 -65.933733 213.553393
5892 -17.001602 -65.862941 213.553393
5893 -16.355928 -65.788361 213.553393
5894 -15.646105 -65.702784 213.553393
6009 -10.443739 -64.000817 213.553393
6010 -10.443739 -64.000817 213.553393
6011 -10.443739 -64.000817 213.553393
6012 -10.443739 -64.000817 213.553393
6013 -10.419685 -63.935889 213.553393
6014 -10.458407 -63.818207 213.553393
6015 -10.717977 -63.721184 213.553393
6016 -11.288052 -63.828419 213.553393
6017 -11.903217 -64.038176 213.553393
6018 -12.507985 -64.276363 213.553393
6019 -13.055870 -64.481390 213.553393
6135 -19.057947 -62.175903 213.553393
6136 -19.042577 -62.297466 213.553393
6137 -19.297434 -62.588207 213.553393
6138 -19.804164 -62.804477 213.553393
6139 -20.503395 -62.953461 213.553393
6140 -21.139832 -63.084344 213.553393
6141 -21.707017 -63.227574 213.553393
6142 -22.338126 -63.383096 213.553393
6143 -22.886779 -63.583613 213.553393
6144 -23.514399 -64.041383 213.553393
6145 -23.917162 -64.534979 213.553393
6262 -25.132333 -91.063091 223.422585
6263 -25.132333 -91.063091 223.422585
6264 -25.113947 -91.055251 223.422585
6265 -24.986882 -90.843535 223.422585
6266 -25.139548 -90.301913 223.422585
6267 -25.539598 -89.790724 223.422585
6268 -25.992508 -89.432837 223.422585
6269 -26.609061 -89.240537 223.422585
6270 -26.804344 -89.235596 223.629183
6271 -26.804344 -89.235596 223.629183
6272 -26.914373 -89.198077 223.629183
6394 -30.243918 -101.548315 237.373907
6395 -30.243186 -101.567679 237.373907
6396 -30.383107 -101.689324 237.373907
6397 -30.734487 -101.734901 237.373907
6398 -31.553874 -101.669175 237.373907
6399 -32.197162 -101.623960 237.373907
6400 -32.782061 -101.614597 237.373907
6401 -33.492040 -101.609128 237.527792
6402 -34.136942 -101.598091 237.527792
6403 -34.716840 -101.587214 237.527792
6404 -35.423911 -101.563242 237.527792
