7 -46.500000 116.000000 0.000000
8 -46.407930 116.002274 12.812885
9 -46.106224 115.812082 12.812885
10 -45.881418 115.310782 12.812885
11 -45.827271 115.010877 12.812885
12 -45.787351 114.703537 12.812885
13 -45.657093 114.143647 12.812885
14 -45.566619 113.855365 12.812885
15 -45.430267 113.571423 12.812885
16 -45.197031 113.078869 12.812885
17 -45.036343 112.720792 13.452510
18 -44.963077 112.471373 13.452510
19 -44.796533 112.005321 13.452510
20 -44.665594 111.688865 14.041724
21 -44.535648 111.358650 14.041724
22 -44.339520 110.888124 14.041724
23 -44.136428 110.515243 19.197136
24 -43.939047 110.276214 24.095851
25 -43.586262 109.841360 24.095851
26 -43.162269 109.349035 24.095851
27 -42.772654 108.900336 24.917665
28 -42.601539 108.584829 24.917665
29 -42.542537 108.276533 26.257381
30 -42.532374 108.081826 26.448630
31 -42.532374 108.081826 26.448630
32 -42.532374 108.081826 26.428205
33 -42.565316 108.104072 26.428205
34 -42.571461 108.175554 26.568591
35 -42.419265 108.290518 26.568591
36 -41.934774 108.353830 26.568591
37 -41.289572 108.278955 26.568591
38 -40.660045 108.138938 26.545245
39 -39.962687 107.981212 27.415507
40 -39.391504 107.867029 27.415507
41 -38.753441 107.757212 28.488068
42 -38.107155 107.729270 29.163162
43 -37.459677 107.734313 29.163162
44 -36.815091 107.712371 30.634132
45 -36.104139 107.665684 30.634132
46 -35.524862 107.604548 31.010483
47 -34.884023 107.531468 31.179000
48 -34.240956 107.455999 31.179000
49 -33.596299 107.395597 31.179000
50 -32.953605 107.341121 31.179000
51 -32.309103 107.278919 31.179000
52 -31.666608 107.198611 34.581065
53 -31.025332 107.149107 34.581065
54 -30.399497 107.299099 34.720744
55 -29.940286 107.751603 34.720744
56 -29.691868 108.071395 34.720744
57 -29.512278 108.266257 34.309329
58 -29.174160 108.654608 34.309329
59 -28.731997 109.130388 34.309329
60 -28.244521 109.559987 34.309329
61 -27.714936 109.936634 34.309329
62 -27.157230 110.269783 34.720744
63 -26.355790 110.700612 34.861011
64 -26.299641 110.733356 34.861011
65 -26.290734 110.728809 34.861011
66 -26.208252 110.580474 34.720744
67 -26.317901 110.170852 34.861011
68 -26.623732 109.678208 34.861011
69 -27.067059 109.319586 34.861011
70 -27.384422 109.139471 34.861011
71 -27.587017 108.970591 34.861011
72 -27.757950 108.548427 34.861011
73 -27.786973 108.215554 34.861011
74 -27.656783 107.691829 34.861011
75 -27.633731 107.558965 34.861011
76 -27.657827 107.270058 34.720744
77 -27.710717 106.747752 34.720744
78 -27.733149 106.238468 34.720744
79 -27.727413 105.683608 34.720744
80 -27.726557 105.238705 34.720744
81 -27.734247 104.743804 35.533788
82 -27.730344 104.553844 35.533788
83 -27.721637 104.113931 36.485203
84 -27.725524 103.814124 36.485203
85 -27.869209 103.212584 37.506934
86 -27.941342 102.999462 37.506934
87 -28.046984 102.709817 37.506934
88 -28.165210 102.472709 38.193849
89 -28.297066 101.972342 38.193849
90 -28.278803 101.529004 38.193849
91 -28.234366 101.207091 39.058547
92 -28.169936 100.973359 39.058547
93 -28.111315 100.472446 39.465556
94 -28.107860 100.163820 39.465556
95 -28.119408 99.809014 39.465556
97 -28.107612 98.884137 40.617854
97 -28.105505 98.784159 40.617854
98 -28.122313 98.425388 40.617854
99 -28.195420 98.124141 41.688968
100 -28.282638 97.611868 41.688968
101 -28.308021 97.207889 42.576638
102 -28.291073 96.928404 42.576638
103 -28.276274 96.458742 42.576638
104 -28.280552 96.243784 43.469185
105 -28.290238 95.718874 43.469185
106 -28.290310 95.533908 43.469185
108 -28.265169 94.384201 44.366317
109 -28.270312 93.999393 44.366317
110 -28.316410 93.745917 44.916479
111 -28.463599 93.253124 45.924395
112 -28.526608 92.785024 45.924395
113 -28.527632 92.635027 45.924395
114 -28.530975 92.145039 46.655440
115 -28.543061 91.963104 46.655440
116 -28.580154 91.544775 47.572367
117 -28.606274 91.015427 47.572367
118 -28.623003 90.816128 47.572367
121 -28.673414 89.537412 49.647257
122 -28.709878 89.316920 49.647257
123 -28.811610 88.977125 49.647257
124 -28.877058 88.436634 49.647257
125 -28.878822 88.121965 50.569261
126 -28.839219 87.789378 50.569261
127 -28.818837 87.219829 51.494176
128 -28.828404 87.060380 51.494176
129 -28.853207 86.651212 51.494176
130 -28.860223 86.111276 52.348162
131 -28.865586 85.793874 52.348162
134 -28.865474 84.603522 54.260945
135 -28.848662 84.191681 54.260945
136 -28.925999 83.943760 54.260945
137 -29.035480 83.461630 54.260945
138 -29.063178 83.143286 55.132297
139 -29.039498 82.834194 55.132297
140 -29.027608 82.474454 55.132297
141 -29.031298 82.204479 56.008661
142 -29.038267 81.694527 56.008661
143 -29.035571 81.189646 56.008661
144 -29.027780 80.744792 57.019033
147 -29.035505 79.450484 59.040750
148 -29.059856 78.976407 59.040750
149 -29.127962 78.450885 59.040750
150 -29.177175 77.958408 59.988417
151 -29.190965 77.593812 59.988417
152 -29.191456 77.278812 60.937756
153 -29.192259 76.763813 60.937756
154 -29.196828 76.578895 60.937756
155 -29.201495 76.243933 61.827584
156 -29.197702 75.824025 61.827584
157 -29.183631 75.494325 61.827584
161 -29.182508 74.017244 63.795064
162 -29.199761 73.723252 63.795064
163 -29.288162 73.205778 63.795064
164 -29.333541 72.967824 64.691964
165 -29.399053 72.639665 64.691964
166 -29.427664 72.120720 64.691964
167 -29.403500 71.581345 65.707002
168 -29.383757 71.344820 65.707002
169 -29.340185 71.038016 66.552011
170 -29.319067 70.513546 66.552011
171 -29.312630 69.963584 66.552011
176 -29.323041 68.203998 69.683931
177 -29.315590 67.699053 69.683931
178 -29.330230 67.119238 69.683931
179 -29.351109 66.684787 70.647365
180 -29.343007 66.494960 70.647365
181 -29.325672 66.010287 71.664567
182 -29.318902 65.581619 71.664567
183 -29.325496 65.361717 71.664567
184 -29.327563 64.919279 72.629265
185 -29.299758 64.422601 72.629265
186 -29.302177 64.182619 72.629265
190 -29.296799 62.473272 74.510739
191 -29.269984 62.059314 74.510739
192 -29.207177 61.553199 75.477746
193 -29.165922 61.024851 75.477746
194 -29.226982 60.544955 76.544433
195 -29.278302 60.436940 76.544433
196 -29.384796 60.238796 77.468253
197 -29.514498 59.887794 77.468253
198 -29.527505 59.327372 77.468253
199 -29.373285 58.873266 77.959286
200 -29.276693 58.686920 78.635172
206 -29.029817 56.184209 80.600560
207 -29.074741 56.042025 80.600560
208 -29.225653 55.666340 81.663518
209 -29.328503 55.158500 81.663518
210 -29.303228 54.950420 82.186193
211 -29.227068 54.496877 82.186193
212 -29.188769 53.993462 82.835079
213 -29.190322 53.498465 82.835079
214 -29.204991 52.993703 83.854697
215 -29.189250 52.498953 83.854697
216 -29.184687 51.944016 83.854697
223 -29.147930 49.486995 87.920705
224 -29.162785 49.072923 87.920705
225 -29.217924 48.596107 87.920705
226 -29.263627 48.401433 87.920705
227 -29.303966 47.943921 88.782038
228 -29.288849 47.394205 88.782038
229 -29.265299 46.859725 88.782038
230 -29.242422 46.330218 89.763301
231 -29.235071 46.030368 89.763301
232 -29.229776 45.715438 90.860609
233 -29.206650 45.120888 90.860609
241 -29.184023 42.087093 94.872179
242 -29.185329 41.587676 94.872179
243 -29.245728 41.083973 94.872179
244 -29.276018 40.750507 95.891868
245 -29.288102 40.440744 95.891868
246 -29.294532 40.095896 96.911559
247 -29.278339 39.831393 96.911559
248 -29.268480 39.416539 96.911559
249 -29.275711 39.166643 96.911559
250 -29.278336 38.681709 97.931253
251 -29.259798 38.247216 97.931253
260 -29.215947 34.715455 101.187007
261 -29.219385 34.465720 101.187007
262 -29.266372 34.083761 101.187007
263 -29.329428 33.826380 101.260507
264 -29.395038 33.331355 101.260507
265 -29.394164 32.979318 101.260507
266 -29.326733 32.671652 101.260507
267 -29.272568 32.149837 101.260507
268 -29.270393 31.895068 101.260507
269 -29.287762 31.585560 101.260507
270 -29.301310 31.050757 101.260507
280 -29.342667 27.149125 101.412082
281 -29.362766 26.657258 101.412082
282 -29.364764 26.159858 101.412082
283 -29.384489 25.833283 101.412082
284 -29.461087 25.532957 101.610090
285 -29.530191 25.073526 101.610090
286 -29.553773 24.865032 101.610090
287 -29.653981 24.395654 101.775294
288 -29.787397 23.867281 101.775294
289 -29.928492 23.351273 101.775294
290 -30.045441 22.839534 103.937724
301 -31.402569 18.834451 106.301695
302 -31.456563 18.652939 106.301695
303 -31.706276 18.441020 106.301695
304 -32.290155 18.353012 106.301695
305 -32.934076 18.317842 106.301695
306 -33.640708 18.211631 106.301695
307 -34.210094 18.077542 106.301695
308 -34.904184 17.905959 106.301695
309 -35.471293 17.762461 106.301695
310 -36.091296 17.569442 106.512020
311 -36.658115 17.253340 110.530586
322 -41.071272 12.800554 117.653604
323 -41.110097 12.564155 117.653604
324 -41.067795 12.078241 117.653604
325 -40.778577 11.511202 117.653604
326 -40.366219 11.018806 117.653604
327 -39.958648 10.525473 117.713255
328 -39.601331 10.012961 117.733812
329 -39.522313 9.873838 117.733812
330 -39.321525 9.510684 117.733812
331 -39.039869 8.966793 117.733812
332 -38.783272 8.460633 117.733812
340 -37.601679 6.148090 125.205314
341 -37.347753 5.660437 125.205314
342 -37.177405 5.306898 125.205314
343 -37.026726 5.082871 125.205314
344 -36.741014 4.607393 125.205314
345 -36.535119 4.215744 125.205314
346 -36.416681 3.987267 125.205314
347 -36.181436 3.529390 125.205314
348 -35.804563 3.007156 125.205314
349 -35.356687 2.536148 125.205314
350 -34.906537 2.067267 125.205314
364 -31.105188 -2.330711 138.430237
365 -30.938476 -2.567064 138.978310
366 -30.810152 -2.996457 138.978310
367 -30.747728 -3.462137 138.978310
368 -30.667590 -3.995925 139.686258
369 -30.598516 -4.282221 139.686258
370 -30.480056 -4.546916 139.686258
371 -30.250597 -5.093094 140.745056
372 -30.175486 -5.323377 140.745056
373 -30.099671 -5.623953 141.760963
374 -29.955172 -6.128643 141.760963
383 -28.956228 -9.246827 144.743120
384 -28.929150 -9.554854 145.758879
385 -29.003872 -10.159466 145.758879
386 -29.063470 -10.483908 145.758879
387 -29.079782 -10.688257 146.774694
388 -29.100411 -11.142744 146.774694
389 -29.097891 -11.737562 146.774694
390 -29.079336 -12.217203 147.768775
391 -29.070890 -12.662088 147.768775
392 -29.073812 -12.872063 148.806488
393 -29.060231 -13.436892 148.806488
402 -29.000571 -16.888719 152.761418
403 -29.029112 -17.362224 152.761418
404 -29.079099 -17.995040 152.761418
405 -29.061030 -18.409498 153.777016
406 -29.013678 -18.826584 153.777016
407 -28.926776 -19.221778 154.867591
408 -28.818718 -19.458217 154.867591
409 -28.588921 -20.057964 155.823653
410 -28.568366 -20.165984 155.823653
411 -28.488587 -20.509275 156.760234
412 -28.320040 -21.082496 156.760234
422 -27.915634 -25.129703 159.663931
423 -27.925696 -25.348491 160.659176
424 -27.978466 -25.759996 161.872947
425 -27.990049 -26.284709 161.872947
426 -27.966341 -26.483098 161.872947
427 -27.929482 -27.001532 162.669145
428 -27.918367 -27.506399 162.669145
429 -27.911610 -28.001352 162.669145
430 -27.928053 -28.511049 163.902565
431 -27.939435 -28.710699 163.902565
432 -27.951865 -29.070459 164.917467
452 -28.990084 -36.208135 171.846475
453 -29.091137 -36.541811 171.846475
454 -29.108263 -36.871186 172.842156
455 -29.089141 -37.300575 172.842156
456 -29.066324 -37.619701 172.842156
457 -29.045375 -37.979072 173.783690
458 -29.007868 -38.507743 173.783690
459 -28.986552 -38.992114 173.783690
460 -28.982274 -39.296940 174.833667
461 -28.959809 -39.646205 174.833667
462 -28.928686 -40.275420 175.758502
474 -28.843112 -44.903027 180.973620
475 -28.847709 -45.322141 180.973620
476 -28.930315 -45.890951 180.973620
477 -28.941394 -46.040538 181.969918
478 -28.954326 -46.460303 181.969918
479 -28.943818 -46.940073 181.969918
480 -28.943862 -47.162404 182.983418
481 -28.947919 -47.572330 182.983418
482 -28.925413 -48.171890 182.983418
483 -28.907163 -48.275273 183.929147
484 -28.867535 -48.712959 183.929147
498 -29.154149 -54.342993 190.124725
499 -29.236823 -54.803996 190.124725
500 -29.184713 -55.058136 190.124725
501 -29.104698 -55.515880 191.121457
502 -29.100786 -55.660827 191.121457
503 -29.088914 -56.100667 191.687796
504 -29.074210 -56.645468 191.687796
505 -29.059640 -57.185272 191.687796
506 -29.065445 -57.370064 192.838407
507 -29.082288 -57.809694 192.838407
508 -29.073758 -58.359599 193.881127
536 -29.369290 -69.282492 204.992418
537 -29.446457 -69.458825 204.992418
538 -29.547128 -69.829258 204.992418
539 -29.584054 -70.149467 204.992418
540 -29.690119 -70.391781 206.032258
541 -29.886334 -70.790788 206.032258
542 -29.968802 -71.413682 206.602448
543 -29.817279 -71.837034 206.602448
544 -29.718982 -72.047718 207.586250
545 -29.567028 -72.438373 207.586250
546 -29.629939 -73.088001 208.240946
563 -30.333477 -79.796590 214.718540
564 -30.378746 -80.309544 214.718540
565 -30.379619 -80.489403 215.716600
566 -30.371055 -80.889311 215.716600
567 -30.358053 -81.414150 216.889953
568 -30.357837 -81.934078 216.889953
569 -30.346144 -82.083622 216.889953
570 -30.324775 -82.493000 217.912394
571 -30.312162 -83.052858 217.912394
572 -30.299638 -83.602716 217.912394
573 -30.302842 -84.077673 218.910510
608 -30.750059 -96.880555 232.663473
609 -30.759952 -97.175389 232.663473
610 -30.774242 -97.825174 232.663473
611 -30.748386 -97.972850 232.663473
612 -30.676913 -98.376513 233.797972
613 -30.636866 -98.804477 233.797972
614 -30.641646 -99.014423 233.797972
615 -30.638590 -99.524334 234.860068
616 -30.605754 -99.983057 234.860068
617 -30.570734 -100.128869 234.860068
618 -30.516638 -100.655331 235.869650
641 -30.199855 -109.243640 238.582170
642 -30.212371 -109.537017 238.582170
643 -30.239907 -109.825677 238.582170
644 -30.239269 -110.275362 238.582170
645 -30.160386 -110.849299 238.582170
646 -30.092374 -111.149167 238.582170
647 -30.036936 -111.372383 238.582170
648 -29.885527 -111.864492 238.582170
649 -29.700917 -112.336997 238.582170
650 -29.542535 -112.513088 238.753538
651 -29.209905 -112.816064 238.753538
