7 -22.000000 68.000000 -0.734264
8 -22.009280 67.925929 9.876234
9 -22.128581 67.817532 9.876234
10 -22.561696 67.743349 10.511898
11 -23.203708 67.750353 10.511898
12 -23.850883 67.758848 10.511898
13 -24.499347 67.716517 10.782393
14 -25.140526 67.627216 11.399123
15 -25.777632 67.498609 11.399123
16 -26.414452 67.368418 17.996110
17 -27.051704 67.240864 17.996110
18 -27.668936 67.039288 19.541238
19 -27.961283 66.904361 22.246349
20 -28.082376 66.798383 22.246349
21 -28.232250 66.549746 22.860009
22 -28.297367 66.048760 22.860009
23 -28.293916 65.580114 22.978686
24 -28.318524 65.131697 22.978686
25 -28.402943 64.880630 23.688394
26 -28.553548 64.472557 23.688394
27 -28.688433 64.244677 23.688394
28 -28.890360 63.810592 24.716392
29 -28.955946 63.556802 24.716392
30 -28.985091 63.414792 25.645663
31 -29.060435 63.346200 25.645663
32 -29.173243 63.378461 26.315395
33 -29.290274 63.691164 26.315395
34 -29.325658 64.217269 26.315395
35 -29.255256 64.732140 26.315395
36 -29.180875 65.256741 26.315395
37 -29.149032 65.765639 26.315395
38 -29.143297 66.265586 26.315395
39 -29.156937 66.770332 26.315395
40 -29.184146 67.269591 26.315395
41 -29.200609 67.589166 26.315395
42 -29.200609 67.589166 26.315395
43 -29.264202 67.636676 26.315395
44 -29.310573 67.655045 26.315395
45 -29.381317 67.645177 26.315395
46 -29.436820 67.581699 26.315395
47 -29.498780 67.256379 26.315395
48 -29.467434 66.717355 26.315395
49 -29.446479 66.413119 26.315395
50 -29.427090 66.048649 26.315395
51 -29.404477 65.579272 26.315395
52 -29.396756 65.194349 26.315395
53 -29.434040 65.133464 26.315395
54 -29.528224 65.115268 26.315395
55 -29.683011 65.312743 26.315395
56 -29.750888 65.802490 26.315395
57 -29.704282 66.288906 26.315395
58 -29.613369 66.765284 26.315395
59 -29.573754 67.057446 26.315395
60 -29.552868 67.421813 26.315395
61 -29.550302 67.714150 26.315395
62 -29.569283 68.078655 26.315395
63 -29.585705 68.613397 26.315395
64 -29.619125 68.905862 26.315395
65 -29.717336 69.257187 26.315395
66 -29.771956 69.733329 26.315395
67 -29.776462 70.023234 26.315395
68 -29.769158 70.363155 26.392803
69 -29.759291 70.863057 26.392803
70 -29.753782 71.373025 26.392803
71 -29.752121 71.883022 26.315395
72 -29.754143 72.322970 26.315395
73 -29.764682 72.592764 26.315395
74 -29.776404 72.937559 26.315395
75 -29.776404 72.937559 26.315395
76 -29.776404 72.937559 26.315395
77 -29.673624 72.816506 26.392802
78 -29.612406 72.381381 26.392802
79 -29.666717 71.855602 26.392802
80 -29.747514 71.423171 26.392802
81 -29.782940 71.183278 26.392802
82 -29.838505 70.671423 26.392802
83 -29.846051 70.269297 26.392802
84 -29.836561 70.004467 26.392802
85 -29.824905 69.494680 26.392802
86 -29.889992 69.015009 26.392802
87 -29.987576 68.519646 26.392802
88 -30.044290 67.987851 26.392802
89 -30.060788 67.463176 26.392802
90 -30.043572 66.983758 26.392802
91 -29.999931 66.450546 26.392802
92 -29.985118 65.980929 26.392802
93 -29.988157 65.445938 26.392802
94 -29.996644 64.966089 26.392802
95 -30.000631 64.486271 26.392802
96 -29.988428 64.006482 26.392802
97 -30.035353 63.549139 26.392802
98 -30.071928 63.286691 26.392802
99 -30.107124 62.773031 26.392802
100 -30.107186 62.468321 26.392802
101 -30.081669 62.104283 26.392802
102 -30.075621 61.624410 26.392802
103 -30.083667 61.089471 27.582966
104 -30.073959 60.794974 27.582966
105 -30.032613 60.432441 28.151377
106 -30.016375 59.897744 28.151377
107 -30.005409 59.422930 29.029985
108 -30.028285 58.939166 29.029985
109 -30.072569 58.471459 29.029985
110 -30.084233 57.986732 31.092443
111 -30.078262 57.451765 31.092443
112 -30.078878 56.971848 31.701420
113 -30.091387 56.436997 31.701420
114 -30.097078 55.902030 31.945266
115 -30.104143 55.422150 31.945266
116 -30.108559 54.942254 33.019086
117 -30.094914 54.442567 33.019086
118 -30.101794 54.132689 33.916663
119 -30.118408 53.768085 33.916663
120 -30.101584 53.283673 34.989428
121 -30.046363 52.751531 34.989428
122 -30.008689 52.283209 34.989428
123 -29.986673 51.748663 35.924644
124 -29.977281 51.268861 35.924644
125 -29.969566 50.743936 36.891463
126 -29.951248 50.264366 36.891463
127 -29.934579 49.779796 37.818779
128 -29.930158 49.244833 37.818779
129 -29.910351 48.775338 38.836324
130 -29.907878 48.301272 38.836324
131 -29.958374 47.904501 39.755504
132 -30.017892 47.646353 39.755504
133 -30.063196 47.194064 40.867837
134 -30.060652 46.649080 40.867837
135 -30.048035 46.169328 40.867837
136 -30.034091 45.694666 41.794020
137 -30.029731 45.159723 41.794020
138 -30.008705 44.680269 42.813317
139 -29.982619 44.145943 42.813317
140 -29.977990 43.506115 43.744029
141 -29.983521 43.141157 43.744029
142 -29.985192 42.846205 44.851980
143 -29.967008 42.481674 44.851980
144 -29.930604 41.947914 45.826849
145 -29.903870 41.473748 45.826849
146 -29.888819 40.938960 46.718092
147 -29.871243 40.644779 46.718092
148 -29.829605 40.282381 47.774680
149 -29.816066 39.747602 47.774680
150 -29.815183 39.277681 47.774680
152 -29.811560 38.462750 48.794468
152 -29.810791 38.412756 48.794468
153 -29.828364 38.388714 49.852784
154 -29.861259 38.366401 49.852784
155 -29.965871 38.388093 50.405755
156 -30.068916 38.643605 50.405755
157 -30.086577 39.143955 50.405755
158 -30.002472 39.659409 50.405755
159 -29.906382 40.172882 50.405755
160 -29.838678 40.636691 50.405755
161 -29.794511 41.147078 50.405755
163 -29.805527 41.996591 50.405755
163 -29.805527 41.996591 50.405755
164 -29.805527 41.996591 50.405755
165 -29.805527 41.996591 50.405755
166 -29.782032 41.958559 50.405755
167 -29.790111 41.646436 50.405755
168 -29.849740 41.210543 50.405755
169 -29.882739 40.947636 50.405755
170 -29.928703 40.495138 50.405755
171 -29.941761 39.950299 50.405755
172 -29.941132 39.470408 50.405755
174 -29.934073 38.565604 50.405755
174 -29.934809 38.460607 50.405755
175 -29.975902 37.932963 50.405755
176 -30.048080 37.412999 50.405755
177 -30.070744 36.944012 50.405755
178 -30.058306 36.409157 50.405755
179 -30.052885 35.929267 51.461249
180 -30.045434 35.561981 51.461249
181 -30.021749 35.272958 52.405535
182 -29.995619 34.816427 52.405535
183 -29.982986 34.517094 52.363538
185 -29.920924 33.693716 52.363538
185 -29.920924 33.693716 52.363538
186 -29.953659 33.175169 52.363538
187 -30.013639 32.691401 52.363538
188 -30.041600 32.182535 52.363538
189 -30.026099 31.705437 52.363538
190 -30.008071 31.401017 52.363538
191 -29.991950 31.036399 52.363538
192 -29.959910 30.512378 52.363538
193 -29.939766 30.032891 52.363538
194 -29.922559 29.498173 52.363538
196 -29.896042 28.423734 52.363538
197 -29.860153 27.945408 52.363538
198 -29.724924 27.444699 52.363538
199 -29.596124 27.141400 52.363538
200 -29.443276 26.854614 52.363538
201 -29.247541 26.378772 52.363538
202 -29.171767 26.143229 52.363538
203 -29.026864 25.743784 52.363538
204 -28.847728 25.239755 52.363538
205 -28.753498 24.949713 52.363538
206 -28.639053 24.603130 58.249293
209 -28.427303 23.839748 60.924380
210 -28.406451 23.689916 60.924380
211 -28.608345 23.362038 60.924380
212 -29.106286 22.978895 60.924380
213 -29.688339 22.689746 61.130844
214 -30.245256 22.355744 61.130844
215 -30.754798 21.952570 62.004678
216 -31.240058 21.520126 62.004678
217 -31.730086 21.093103 62.864458
218 -32.253915 20.709091 63.640397
219 -32.804718 20.364079 63.640397
221 -34.292310 19.433054 64.826693
222 -34.401400 19.362348 64.826693
223 -34.483249 19.399903 64.826693
224 -34.535948 19.689051 64.826693
225 -34.201728 20.153761 65.602593
226 -33.689027 20.548762 65.602593
227 -33.112417 20.848738 65.602593
228 -32.539032 21.149543 65.602593
229 -31.993408 21.454005 65.602593
230 -31.598700 21.837180 65.602593
231 -31.459007 22.219572 65.602593
234 -31.338779 23.312301 65.602593
235 -31.274516 23.661273 65.602593
236 -31.262680 23.970189 65.602593
237 -31.361443 24.258485 65.602593
238 -31.452550 24.753000 65.443259
239 -31.434836 25.061903 65.443259
240 -31.291358 25.330499 65.500077
241 -31.035410 25.811354 65.500077
242 -30.844125 26.273284 65.500077
243 -30.722891 26.574530 65.500077
244 -30.688096 26.874706 65.548304
247 -30.720394 28.120511 65.548304
248 -30.737955 28.339509 65.548304
249 -30.770083 28.753011 65.548304
250 -30.757849 28.991854 65.548304
251 -30.687286 29.349886 65.548304
252 -30.631745 29.866822 65.548304
253 -30.516636 30.331566 65.500077
254 -30.408597 30.616231 65.500077
255 -30.230207 30.934618 65.500077
256 -29.982097 31.430455 65.500077
257 -29.904526 31.657269 65.500077
261 -29.624917 32.771379 65.500077
262 -29.605695 33.148030 65.500077
263 -29.622877 33.337052 65.500077
264 -29.689305 33.777026 65.500077
265 -29.702788 33.981349 65.500077
266 -29.708591 34.376306 65.500077
267 -29.732721 34.890554 65.443259
268 -29.777451 35.074261 65.443259
269 -29.873289 35.507874 65.443259
270 -29.884158 35.712297 65.443259
271 -29.879564 36.107240 65.443259
274 -29.669662 37.411706 65.500077
275 -29.691486 37.836027 65.500077
276 -29.755928 38.041009 65.500077
277 -29.881742 38.467634 65.443259
278 -29.915278 38.679947 65.443259
279 -29.934191 39.114370 65.443259
280 -29.927553 39.329268 65.443259
281 -29.914594 39.764074 65.443259
282 -29.903306 39.978767 65.443259
283 -29.896066 40.453693 65.443259
284 -29.907765 40.603236 65.443259
287 -29.915893 41.957319 65.443259
288 -29.926857 42.061029 65.443259
289 -29.947501 42.106463 65.443259
290 -29.964858 42.115647 65.443259
291 -30.032312 42.104847 65.443259
292 -30.167728 41.921256 65.443259
293 -30.197926 41.416327 65.443259
294 -30.169055 41.165756 65.443259
295 -30.093799 40.788208 65.443259
296 -30.052694 40.453393 65.443259
297 -30.035537 40.118835 65.443259
300 -30.043954 38.784156 65.443259
301 -30.035951 38.606963 65.443259
302 -30.034565 38.187700 65.443259
303 -30.111725 37.673651 65.443259
304 -30.158868 37.505700 65.443259
305 -30.249207 37.137335 65.443259
306 -30.256130 36.663441 65.443259
307 -30.223593 36.099380 65.443259
308 -30.211961 35.807206 65.443259
309 -30.185534 35.483303 65.443259
310 -30.169706 34.913548 65.443259
314 -30.203723 33.624343 65.443259
315 -30.218470 33.380480 65.443259
316 -30.308889 32.878576 65.443259
317 -30.339288 32.509927 65.443259
318 -30.334060 32.264983 65.443259
319 -30.326093 31.850067 65.443259
320 -30.330953 31.605115 65.443259
321 -30.338546 31.190194 65.443259
322 -30.337831 30.947731 65.443259
323 -30.327857 30.533104 65.500077
324 -30.261875 30.299980 65.500077
327 -30.165078 29.196149 65.500077
328 -30.167793 29.151231 65.500077
329 -30.296644 29.073119 65.443259
330 -30.472767 29.135602 65.443259
331 -30.566579 29.523569 65.500077
332 -30.548237 29.778456 65.500077
333 -30.401617 30.123537 65.500077
334 -30.306514 30.433656 65.500077
335 -30.292885 30.758179 65.443259
336 -30.290051 31.217670 65.443259
337 -30.204305 31.674249 65.500077
341 -29.688025 33.036783 65.500077
342 -29.588681 33.382722 65.500077
343 -29.570094 33.599955 65.500077
344 -29.659799 34.005011 65.500077
345 -29.686320 34.213097 65.500077
346 -29.712643 34.602172 65.500077
347 -29.714603 34.834498 65.500077
348 -29.702129 35.199270 65.500077
349 -29.701266 35.484212 65.500077
350 -29.711337 35.804054 65.500077
351 -29.727384 36.348813 65.500077
354 -29.725010 37.673067 65.500077
355 -29.743498 38.122569 65.500077
356 -29.797577 38.574312 65.500077
357 -29.816015 39.043678 65.500077
358 -29.810418 39.518612 65.500077
359 -29.798498 39.973369 65.500077
360 -29.806278 40.443225 65.500077
361 -29.803652 40.818183 65.500077
362 -29.821527 41.080067 65.500077
363 -29.816718 41.449895 65.500077
364 -29.777625 41.711971 65.500077
367 -29.847648 43.367519 65.443259
368 -29.865590 43.460137 65.443259
369 -29.931102 43.533374 65.443259
370 -29.990461 43.548347 65.443259
371 -30.099334 43.480375 65.443259
372 -30.192912 43.112423 65.443259
373 -30.171752 42.864525 65.443259
374 -30.066069 42.494743 65.443259
375 -30.040450 42.221768 65.443259
376 -30.056222 41.887211 65.443259
377 -30.055971 41.572328 65.443259
381 -30.034714 40.323307 65.443259
382 -30.082205 40.150363 65.443259
383 -30.208748 39.698173 65.443259
384 -30.262839 39.206760 65.443259
385 -30.264285 38.796773 65.443259
386 -30.246391 38.565006 65.443259
387 -30.219433 38.165924 65.443259
388 -30.223143 37.930953 65.443259
389 -30.230326 37.476010 65.443259
390 -30.244694 37.296599 65.443259
391 -30.244484 36.826795 65.443259
394 -30.172246 35.887133 65.443259
395 -30.176993 35.512178 65.443259
396 -30.189951 35.237485 65.443259
397 -30.198562 34.862617 65.443259
398 -30.191471 34.587708 65.443259
399 -30.182600 34.212828 65.443259
400 -30.186508 33.937856 65.500077
401 -30.160114 33.434121 65.500077
402 -30.107106 33.093234 65.500077
403 -30.032470 32.828646 65.500077
404 -29.978764 32.462925 65.500077
408 -29.979972 31.288426 65.500077
409 -29.990494 31.165001 65.500077
410 -30.065839 31.103633 65.500077
411 -30.178835 31.142812 65.500077
412 -30.288884 31.468301 65.500077
413 -30.303062 31.991037 65.500077
414 -30.243300 32.127796 65.500077
415 -30.089415 32.452973 65.500077
416 -29.960388 32.996187 65.500077
417 -29.927907 33.500087 65.500077
418 -29.873941 33.936533 65.500077
421 -29.440329 35.237100 65.500077
422 -29.389663 35.499352 65.500077
423 -29.425200 35.796530 65.500077
424 -29.500188 36.257683 65.500077
425 -29.528954 36.578733 65.500077
426 -29.539084 36.903565 65.500077
427 -29.549787 37.358362 65.500077
428 -29.559962 37.818001 65.500077
429 -29.611881 38.285027 65.443259
430 -29.639971 38.608613 65.443259
431 -29.646395 38.933549 65.443259
435 -29.655068 40.048147 65.443259
436 -29.663115 40.102030 65.443259
437 -29.725320 40.178411 65.443259
438 -29.733219 40.184544 65.443259
439 -29.733219 40.184544 65.443259
440 -29.733219 40.184544 65.443259
441 -29.733219 40.184544 65.443259
442 -29.608896 40.089883 65.443259
443 -29.525071 39.638705 65.443259
444 -29.556028 39.468953 65.443259
445 -29.732079 39.104350 65.443259
448 -29.834424 37.697681 65.443259
449 -29.831630 37.403106 65.443259
450 -29.919295 37.145200 65.443259
451 -30.025720 36.652554 65.443259
452 -30.038685 36.193269 65.443259
453 -30.012568 35.719058 65.443259
454 -29.995175 35.397209 65.443259
455 -30.000680 35.097268 65.443259
456 -30.001436 34.577271 65.443259
457 -29.990323 34.094995 65.443259
458 -29.987170 33.575038 65.443259
462 -30.041362 32.124110 65.443259
463 -30.070570 31.690119 65.443259
464 -30.100874 31.530476 65.443259
465 -30.161885 31.064549 65.443259
466 -30.159685 30.899568 65.443259
467 -30.158816 30.429583 65.443259
468 -30.168976 30.254999 65.443259
469 -30.194983 29.830838 65.443259
470 -30.199444 29.605918 65.443259
471 -30.210897 29.181072 65.443259
472 -30.227428 28.956923 65.443259
475 -30.326659 27.748956 65.443259
476 -30.398567 27.522653 65.443259
477 -30.523020 27.023553 65.443259
478 -30.563186 26.558361 65.443259
479 -30.572986 26.096046 65.443259
480 -30.585262 25.773892 65.443259
481 -30.594013 25.449312 65.443259
482 -30.633680 25.106738 65.443259
483 -30.715105 24.844071 65.443259
484 -30.842442 24.345440 65.443259
485 -30.925003 23.872640 65.443259
489 -31.352388 22.513001 65.443259
490 -31.467592 22.062577 65.443259
491 -31.712358 21.533591 65.443259
492 -32.108056 21.031265 65.443259
493 -32.565867 20.570047 65.443259
494 -33.044210 20.129985 65.443259
495 -33.529369 19.697414 65.443259
496 -34.015547 19.265995 65.443259
497 -34.494201 18.826252 65.845426
498 -34.966658 18.379846 65.845426
499 -35.442254 17.936874 65.845426
502 -36.482306 16.509074 68.206892
503 -36.535138 16.153101 71.716248
504 -36.564749 15.644087 71.716248
505 -36.557306 15.171788 71.716248
506 -36.606853 14.683394 71.942339
507 -36.753068 14.234724 71.942339
508 -36.905111 13.716939 71.942339
509 -37.036562 13.237163 71.942339
510 -37.187179 12.768439 71.942339
511 -37.282669 12.499972 71.942339
512 -37.353726 12.198232 71.942339
515 -37.801946 11.001803 71.942339
516 -37.801946 11.001803 71.942339
517 -37.801946 11.001803 71.942339
518 -37.801946 11.001803 71.942339
519 -37.801946 11.001803 71.942339
520 -37.740890 11.052569 71.942339
521 -37.660082 11.395863 71.942339
522 -37.660743 11.880684 71.942339
523 -37.703562 12.248187 71.942339
524 -37.719457 12.460092 71.942339
525 -37.733751 12.964831 71.942339
529 -37.323604 14.629120 71.942339
530 -37.168630 15.061890 71.942339
531 -37.077269 15.514990 71.942339
532 -37.004773 15.782522 71.942339
533 -36.852081 16.168092 71.942339
534 -36.647600 16.610575 71.942339
535 -36.594695 16.818758 71.942339
536 -36.441283 17.309053 71.942339
537 -36.083653 17.850171 71.942339
538 -35.626530 18.307272 71.942339
539 -35.129165 18.725732 71.942339
543 -33.037332 20.479788 71.942339
544 -32.643636 20.819494 71.942339
545 -32.156048 21.249309 71.942339
546 -31.724082 21.696045 71.942339
547 -31.452267 22.189170 71.942339
548 -31.344743 22.625736 71.942339
549 -31.285047 23.046454 71.942339
550 -31.201344 23.249181 71.942339
551 -31.040347 23.715864 71.942339
552 -30.996936 24.183580 71.942339
553 -30.955565 24.611558 71.942339
557 -30.659602 26.337801 71.942339
558 -30.505732 26.844714 71.942339
559 -30.491875 27.376129 71.942339
560 -30.603667 27.842890 71.942339
561 -30.686238 28.320601 71.942339
562 -30.687975 28.715111 71.942339
563 -30.601700 28.975894 71.942339
564 -30.411761 29.470653 71.942339
565 -30.258270 29.925370 71.942339
566 -30.153512 30.388633 71.942339
567 -30.086578 30.868984 71.942339
571 -29.863929 32.269822 71.942339
572 -29.859103 32.594322 71.942339
573 -29.908252 32.925619 71.942339
574 -29.931758 33.247098 71.942339
575 -29.925712 33.581954 71.942339
576 -29.898163 34.066109 71.942339
577 -29.876055 34.390291 71.942339
578 -29.868342 34.725202 71.942339
579 -29.862922 35.035127 71.942339
580 -29.852391 35.322297 71.942339
581 -29.830753 35.774191 71.942339
585 -29.798136 37.491209 71.942339
586 -29.815789 37.960385 71.942339
587 -29.880273 38.425840 71.942339
588 -29.903255 38.747419 71.942339
589 -29.908941 39.082371 71.942339
590 -29.913173 39.567289 71.942339
591 -29.909287 39.892224 71.942339
592 -29.917793 40.227116 71.942339
593 -29.924046 40.552022 71.942339
594 -29.919153 40.886986 71.942339
595 -29.908145 41.366797 71.942339
599 -29.870764 42.685794 71.942339
600 -29.884602 43.154635 71.942339
601 -29.962037 43.618140 71.942339
602 -29.986358 43.942037 71.942339
603 -29.988870 44.277028 71.942339
604 -29.989308 44.601994 71.942339
605 -29.978422 44.936817 71.942339
606 -29.960113 45.416418 71.942339
607 -29.949386 45.741090 71.942339
608 -29.963179 46.075806 71.942339
609 -29.971264 46.400641 71.942339
613 -29.965844 47.919679 71.942339
614 -29.984417 48.213712 71.942339
615 -30.071012 48.568106 71.942339
616 -30.097858 48.861337 71.942339
617 -30.091758 49.226286 71.942339
618 -30.084031 49.521142 71.942339
619 -30.064896 49.885636 71.942339
620 -30.057721 50.175493 71.942339
621 -30.043194 50.515163 71.942339
622 -30.020800 51.024669 71.942339
623 -30.006803 51.534468 71.942339
627 -30.036670 53.236438 71.942339
628 -30.053306 53.675873 71.942339
629 -30.119705 53.932224 71.942339
630 -30.171697 54.288105 71.942339
631 -30.149223 54.552138 71.942339
632 -30.114433 55.065923 71.942339
633 -30.106320 55.370746 71.942339
634 -30.110594 55.735721 71.942339
635 -30.110271 56.220640 71.942339
636 -30.107266 56.513073 71.942339
637 -30.115958 56.877969 71.942339
641 -30.115864 58.444966 71.942339
642 -30.139214 58.839077 71.942339
643 -30.193965 59.371244 71.942339
644 -30.203776 59.605960 71.942339
645 -30.210766 60.030902 71.942339
646 -30.208970 60.263322 71.942339
647 -30.189753 60.687876 71.942339
648 -30.185061 61.222839 71.942339
649 -30.179798 61.457734 71.942339
650 -30.163421 61.882415 71.942339
651 -30.161941 62.114854 71.942339
656 -30.175664 63.799552 71.942339
657 -30.168206 63.921824 71.942339
658 -30.160322 64.336505 71.942339
659 -30.226515 64.829289 71.942339
660 -30.284700 65.310621 71.942339
661 -30.288682 65.592935 71.942339
662 -30.279825 65.952826 71.942339
663 -30.266628 66.497666 71.942339
664 -30.256744 67.007570 71.942339
665 -30.256820 67.290009 71.942339
666 -30.258306 67.649937 71.942339
670 -30.195896 69.810408 71.942339
671 -30.218729 69.912621 71.942339
672 -30.328327 70.312577 71.942339
673 -30.352204 70.570686 71.942339
674 -30.345687 70.960631 71.942339
675 -30.327620 71.400190 71.942339
676 -30.326305 71.612686 71.942339
677 -30.323182 72.117676 71.942339
678 -30.307976 72.542374 71.942339
679 -30.310720 72.757356 71.942339
680 -30.316400 73.202320 71.942339
684 -30.252874 74.858018 71.942339
685 -30.249102 75.167982 71.942339
686 -30.284603 75.676402 71.942339
687 -30.353193 76.181769 71.942339
688 -30.388844 76.705237 71.942339
689 -30.390022 77.230230 71.942339
690 -30.390089 77.740230 71.942339
691 -30.387853 78.217684 71.942339
692 -30.379283 78.432513 71.942339
693 -30.362444 78.907210 71.942339
694 -30.348146 79.432015 71.942339
697 -30.327662 80.495931 71.942339
698 -30.339174 80.865733 71.942339
699 -30.391627 81.074135 71.942339
700 -30.468182 81.552423 71.942339
701 -30.476443 81.977105 71.942339
702 -30.435460 82.188101 71.942339
703 -30.388228 82.675522 71.942339
704 -30.382512 83.055402 71.942339
705 -30.401424 83.319637 71.942339
706 -30.419464 83.734232 71.942339
707 -30.396897 83.948012 71.942339
712 -30.361521 85.709987 71.942339
713 -30.366502 86.124717 71.942339
714 -30.404820 86.256496 71.942339
715 -30.533534 86.660834 71.942339
716 -30.589597 87.197117 71.942339
717 -30.558842 87.620976 71.942339
718 -30.510477 87.814992 71.942339
719 -30.441184 88.304640 71.942339
720 -30.433816 88.744554 71.942339
721 -30.448937 88.943889 71.942339
722 -30.444299 89.433857 71.942339
725 -30.396734 90.542075 71.942340
726 -30.438194 90.869273 71.942340
727 -30.493258 91.209846 71.942340
728 -30.523048 91.483080 71.942340
729 -30.533133 91.977945 71.942340
730 -30.533123 92.462860 71.942340
731 -30.513471 92.786995 71.942340
732 -30.467305 93.108589 71.942340
733 -30.454850 93.453139 71.942340
734 -30.502061 93.723989 71.942340
735 -30.517899 94.233352 71.942340
741 -30.470098 95.975211 71.942340
742 -30.461868 96.424880 71.942340
743 -30.506284 96.897741 71.942340
744 -30.501059 97.097658 71.942340
745 -30.490800 97.582522 71.942340
746 -30.498406 97.782297 72.000141
747 -30.469125 98.231128 72.000141
748 -30.405706 98.742013 72.000141
749 -30.352164 98.882073 72.000141
750 -30.179556 99.303036 72.000141
751 -29.991064 99.771477 72.000141
757 -29.617449 101.763836 72.000141
758 -29.502524 102.234335 72.000141
759 -29.510318 102.742962 72.000141
760 -29.584605 103.237392 72.000141
761 -29.630517 103.604435 72.000141
762 -29.637403 103.869341 72.000141
763 -29.650561 104.284132 72.000141
764 -29.645348 104.499048 72.000141
765 -29.646088 104.984045 72.000141
766 -29.649272 105.354000 72.000141
767 -29.671006 105.618100 72.000141
771 -29.659346 107.256512 72.000141
772 -29.697258 107.724975 72.000141
773 -29.698429 107.899848 72.000141
774 -29.697869 108.324844 72.000141
775 -29.703644 108.844785 72.000141
776 -29.732471 109.007209 72.000141
777 -29.780651 109.474643 72.000141
778 -29.784588 109.649471 72.000141
779 -29.799434 110.074159 72.000141
780 -29.833303 110.603064 72.000141
781 -29.881629 110.760509 72.000141
790 -30.556407 113.601600 72.000141
791 -30.614281 113.992296 72.000141
792 -30.698475 114.515557 72.000141
793 -30.711760 114.689908 72.000141
794 -30.749951 115.113162 72.000141
795 -30.766150 115.337536 72.000141
796 -30.811479 115.759998 72.000141
797 -30.877049 116.280882 72.000141
798 -30.898656 116.454541 72.000141
799 -30.977463 116.871991 72.000141
800 -31.049573 117.095040 72.000141
805 -31.640255 118.851103 72.000141
806 -31.722131 119.044408 72.000141
807 -31.812770 119.519107 72.000141
808 -31.815133 119.898910 72.000141
809 -31.777505 120.161195 72.000141
810 -31.746560 120.574957 72.000141
811 -31.755186 120.789784 72.000141
812 -31.773033 121.279451 72.000141
813 -31.770778 121.694197 72.730324
814 -31.696992 121.890408 72.730324
815 -31.547429 122.335250 72.730324
824 -31.487017 125.659325 74.697925
825 -31.460440 126.128435 74.697925
826 -31.480813 126.301481 74.697925
827 -31.543708 126.676029 74.697925
828 -31.574178 127.204954 74.697925
829 -31.561781 127.361936 74.697925
830 -31.514507 127.829472 74.697925
831 -31.493862 128.003135 74.697925
832 -31.456819 128.426250 74.697925
833 -31.460533 128.951192 74.697925
834 -31.452382 129.115982 74.697925
845 -30.987369 132.627937 74.697925
846 -30.919098 133.016989 74.697925
847 -30.832026 133.534646 74.697925
848 -30.609416 134.081672 74.697925
849 -30.331326 134.556005 74.697925
850 -30.120362 135.045933 74.742892
851 -30.091055 135.533211 74.742892
852 -30.123679 135.704113 74.740217
853 -30.216190 136.118200 74.740217
854 -30.243527 136.637093 74.740217
855 -30.229898 136.801529 74.740217
866 -30.515548 138.811531 74.837557
867 -30.452235 138.732750 74.837557
868 -30.393675 138.432101 74.837557
869 -30.472759 137.872494 74.818848
870 -30.542468 137.728903 74.818848
871 -30.679580 137.423758 74.818848
872 -30.765208 136.882464 74.818848
873 -30.747598 136.709150 74.818848
874 -30.622076 136.303697 74.762156
875 -30.416449 135.777871 74.762156
876 -30.384249 135.606273 74.818848
887 -34.890892 134.062598 74.762156
888 -34.890892 134.062598 74.762156
889 -34.895858 134.053918 74.762156
890 -34.922457 133.891825 74.762156
891 -34.804851 133.447174 74.762156
892 -34.373823 132.966960 74.762156
893 -33.858256 132.571198 74.762156
894 -33.376416 132.135356 74.762156
895 -32.946797 131.657914 74.762156
896 -32.555212 131.158036 74.762156
897 -32.145398 130.664846 74.762156
908 -31.612199 126.281344 74.762156
909 -31.607453 125.766366 74.762156
910 -31.620133 125.276650 74.762156
911 -31.619811 125.056851 74.762156
912 -31.597650 124.642443 74.762156
913 -31.575626 124.107905 74.762156
914 -31.581814 123.863808 74.762156
915 -31.666805 123.508924 74.762156
916 -31.721420 123.219186 74.762156
917 -31.763196 122.866677 74.762156
918 -31.785007 122.577512 74.762156
930 -36.877944 123.548330 74.762156
931 -37.490941 123.746713 74.762156
932 -38.125470 123.860479 74.762156
933 -38.771817 123.892147 74.928899
934 -39.420292 123.853545 74.928899
935 -39.975966 123.755328 74.762156
936 -40.244500 123.647107 74.762156
948 -40.372730 123.579419 74.928899
949 -40.304681 123.535321 74.928899
950 -39.961273 123.470540 74.928899
951 -39.347685 123.483888 74.928899
952 -38.702721 123.490545 74.928899
953 -38.055479 123.477001 74.928899
954 -37.416235 123.373398 74.928899
955 -36.895556 122.996183 74.928899
956 -36.484258 122.502966 74.928899
957 -36.090137 122.005114 74.928899
958 -35.657337 121.520222 74.928899
970 -31.497404 116.505104 74.928899
971 -31.536625 116.022259 74.928899
972 -31.542946 115.552352 74.928899
973 -31.532164 115.152528 74.928899
974 -31.540782 114.907717 74.928899
975 -31.528261 114.452899 74.928899
976 -31.519047 114.053049 74.928899
977 -31.530779 113.788327 74.928899
978 -31.533956 113.373349 74.928899
979 -31.544683 113.163687 74.928899
980 -31.532419 112.708875 74.928899
992 -31.439791 107.922605 74.928899
993 -31.482196 107.600440 74.928899
994 -31.507023 107.256532 74.928899
995 -31.489663 106.982080 74.928899
996 -31.484093 106.482358 74.928899
997 -31.507290 105.997995 74.928899
998 -31.518347 105.673544 74.928899
999 -31.487186 105.350062 74.928899
1000 -31.471335 105.005539 74.928899
1001 -31.480959 104.730716 74.928899
1002 -31.483916 104.220736 74.928899
1014 -30.844652 99.222009 74.928899
1015 -30.846245 99.042392 74.928899
1016 -30.878395 98.678824 74.928899
1017 -30.900796 98.169368 74.928899
1018 -30.885700 97.679767 74.928899
1019 -30.864000 97.466163 74.928899
1020 -30.827083 97.053077 74.928899
1021 -30.826239 96.813298 74.928899
1022 -30.844245 96.448759 74.928899
1023 -30.853102 95.923851 74.928899
1024 -30.840161 95.424124 74.928899
1037 -30.812543 90.531756 74.928899
1038 -30.827689 90.243262 74.928899
1039 -30.945895 89.908534 74.928899
1040 -31.023640 89.604011 74.928899
1041 -31.010108 89.299359 74.928899
1042 -30.984030 88.790029 74.928899
1043 -30.977677 88.480220 74.928899
1044 -30.992639 88.175597 74.928899
1045 -31.001927 87.665701 74.928899
1046 -30.999493 87.350818 74.928899
1047 -30.977473 87.046639 74.928899
1060 -30.920256 81.923629 74.928899
1061 -30.940823 81.499959 74.928899
1062 -31.004778 81.145786 74.928899
1063 -31.097046 80.935198 74.928899
1064 -31.201870 80.473545 74.928899
1065 -31.212731 80.149237 74.928899
1066 -31.156298 79.829232 74.928899
1067 -31.126200 79.345629 74.928899
1068 -31.129051 79.020754 74.928899
1069 -31.147567 78.696313 74.928899
1070 -31.149868 78.221474 74.928899
1083 -31.056554 73.040319 74.928899
1084 -31.088023 72.551826 74.928899
1085 -31.129383 72.318873 74.928899
1086 -31.234693 71.975209 74.928899
1087 -31.285774 71.468436 74.928899
1088 -31.275080 70.978745 74.928899
1089 -31.254279 70.760051 74.928899
1090 -31.221031 70.346591 74.928899
1091 -31.220692 70.106781 74.928899
1092 -31.233203 69.742020 74.928899
1093 -31.233371 69.217034 74.928899
1107 -31.142247 63.404480 74.928899
1108 -31.164818 63.180685 74.928899
1109 -31.247970 62.728290 74.928899
1110 -31.289160 62.553127 74.928899
1111 -31.346186 62.081884 74.928899
1112 -31.362660 61.602235 74.928899
1113 -31.347532 61.162495 74.928899
1114 -31.352286 60.927569 74.928899
1115 -31.333385 60.472985 74.928899
1116 -31.302450 60.295693 74.928899
1117 -31.266979 59.822194 74.928899
1130 -31.252534 54.596272 74.928899
1131 -31.265872 54.317358 74.928899
1132 -31.348578 53.993018 74.928899
1133 -31.404049 53.486338 74.928899
1134 -31.407005 52.991582 74.928899
1135 -31.404595 52.711729 74.928899
1136 -31.418894 52.377073 74.928899
1137 -31.415875 51.872103 74.928899
1138 -31.414833 51.377179 74.928899
1139 -31.405913 51.122680 74.928899
1140 -31.371932 50.739243 74.928899
1154 -31.955531 45.173813 74.928899
1155 -32.481847 44.940352 74.928899
1156 -33.122464 44.830861 74.928899
1157 -33.764543 44.747335 74.928899
1158 -34.407880 44.654833 74.928899
1159 -35.043713 44.521256 74.928899
1160 -35.675364 44.368148 74.928899
1161 -36.306580 44.213279 74.928899
1162 -36.932835 44.039237 74.928899
1163 -37.559774 43.867738 74.928899
1164 -38.184097 43.686918 74.928899
1177 -46.202434 41.004501 74.928899
1178 -46.247638 40.882132 74.928899
1179 -46.264513 40.469071 74.928899
1180 -46.094292 40.015973 74.928899
1181 -45.957045 39.850487 74.928899
1182 -45.580592 39.501008 74.928899
1183 -44.999070 39.217280 74.928899
1184 -44.365264 39.089601 74.928899
1185 -43.722370 39.039132 74.928899
1186 -43.073661 38.998383 74.928899
1187 -42.428504 38.919697 74.928899
1201 -33.724914 37.130033 74.928899
1202 -33.225281 37.005757 74.928899
1203 -32.527917 36.873628 74.928899
1204 -31.908814 36.536724 74.928899
1205 -31.587230 36.033987 74.928899
1206 -31.448331 35.505958 74.928899
1207 -31.450448 35.036261 74.928899
1208 -31.490389 34.502758 74.928899
1209 -31.504165 34.023147 74.928899
1210 -31.491366 33.488300 74.928899
1211 -31.496086 33.163418 74.928899
1225 -30.927133 27.799916 74.928899
1226 -30.954268 27.557338 74.928899
1227 -31.048623 27.184224 74.928899
1228 -31.100665 26.672530 74.928899
1229 -31.099405 26.492573 74.928899
1230 -31.103587 26.007601 74.928899
1231 -31.099722 25.777695 74.928899
1232 -31.108646 25.342786 74.928899
1233 -31.120395 25.043076 74.928899
1234 -31.140510 24.658613 74.928899
1235 -31.144822 24.153736 74.928899
1248 -35.452373 18.110305 74.928899
1249 -35.914806 17.680703 74.928899
1250 -36.236359 17.243410 74.928899
1251 -36.348819 16.943148 74.928899
1252 -36.427463 16.587023 74.928899
1253 -36.442169 16.052998 74.928899
1254 -36.402373 15.574801 74.928899
1255 -36.362603 15.096599 74.928899
1256 -36.353806 14.561674 74.928899
1257 -36.378334 14.087596 74.928899
1258 -36.406121 13.553429 74.928899
1272 -36.259085 6.695703 74.928899
1273 -36.328836 6.271403 74.928899
1274 -36.385993 5.794868 74.928899
1275 -36.415773 5.315920 74.928899
1276 -36.432447 5.106729 74.928899
1277 -36.446374 4.692405 74.928899
1278 -36.354608 4.136203 74.928899
1279 -36.150404 3.637101 74.928899
1280 -35.873589 3.121795 74.928899
1281 -35.608977 2.668402 74.928899
1282 -35.523014 2.527608 75.235765
1296 -34.698012 1.348726 75.235765
1297 -34.567933 1.239784 75.235765
1298 -34.260588 1.128571 75.235765
1299 -33.668750 1.190637 75.235765
1300 -33.036844 1.331807 75.235765
1301 -32.396834 1.428215 75.235765
1302 -31.753107 1.466246 75.235765
1303 -31.105774 1.480548 75.796704
1304 -30.458320 1.487354 75.796704
1305 -29.810829 1.490773 86.499135
1306 -29.163346 1.495456 86.499135
1315 -23.343843 1.555472 86.717590
1316 -23.343843 1.555472 86.717590
1317 -23.337435 1.563150 86.717590
1318 -23.334107 1.612646 86.717590
1319 -23.432520 1.727901 86.717590
1320 -23.848433 1.789989 86.717590
1321 -24.484892 1.753674 86.717590
1322 -25.132142 1.744197 86.717590
1323 -25.776132 1.776246 86.717590
1324 -26.421446 1.853095 86.717590
1325 -27.059118 1.949758 86.717590
1341 -36.403870 4.881357 86.717590
1342 -36.460153 5.345402 86.717590
1343 -36.512928 5.724159 86.717590
1344 -36.521993 5.966486 86.717590
1345 -36.545512 6.465933 86.717590
1346 -36.570679 6.922707 86.717590
1347 -36.585587 7.389930 86.717590
1348 -36.609253 7.781652 86.717590
1349 -36.601548 8.046533 86.717590
1350 -36.598007 8.466514 86.717590
1351 -36.614503 8.675865 86.717590
1367 -36.631549 14.520201 86.717590
1368 -36.624540 15.024669 86.717590
1369 -36.649265 15.333387 86.717590
1370 -36.705345 15.653214 86.717590
1371 -36.695831 15.997295 86.717590
1372 -36.612761 16.259419 86.717590
1373 -36.453006 16.743718 86.717590
1374 -36.271908 17.272855 86.717590
1375 -35.912699 17.797291 86.717590
1376 -35.476738 18.268969 86.717590
1377 -35.003667 18.714598 86.717590
1393 -31.330865 24.816378 86.717590
1394 -31.380334 25.193083 86.717590
1395 -31.406855 25.682146 86.717590
1396 -31.429806 26.171475 86.717590
1397 -31.441681 26.661213 86.717590
1398 -31.451840 26.890831 86.717590
1399 -31.464940 27.285586 86.717590
1400 -31.465764 27.580512 86.717590
1401 -31.403203 27.939636 86.717590
1402 -31.314939 28.220251 86.717590
1403 -31.134221 28.531545 86.717590
1419 -30.930371 35.623284 86.717590
1420 -30.938174 35.823114 86.717590
1421 -30.951843 36.162839 86.717590
1422 -30.960509 36.477665 86.717590
1423 -30.960583 36.822665 86.717590
1424 -30.952060 37.322507 86.717590
1425 -30.954821 37.537294 86.717590
1426 -30.974010 37.931788 86.717590
1427 -30.976682 38.196726 86.717590
1428 -30.970530 38.591678 86.717590
1429 -30.962645 38.856513 86.717590
1446 -31.058628 45.163998 86.717590
1447 -31.074049 45.618737 86.717590
1448 -31.072434 45.818689 86.717590
1449 -31.063618 46.268603 86.717590
1450 -31.055237 46.468405 86.717590
1451 -31.046837 46.918307 86.717590
1452 -31.052247 47.118201 86.717590
1453 -31.077407 47.567489 86.717590
1454 -31.084026 47.767354 86.717590
1455 -31.099499 48.217088 86.717590
1456 -31.100626 48.417057 86.717590
1472 -31.150096 54.252537 86.717590
1473 -31.157948 54.727472 86.717590
1474 -31.153859 55.182415 86.717590
1475 -31.182156 55.636533 86.717590
1476 -31.186936 56.106447 86.717590
1477 -31.186598 56.581431 86.717590
1478 -31.210563 57.035799 86.717590
1479 -31.221773 57.505553 86.717590
1480 -31.252261 57.979573 86.717590
1481 -31.253557 58.449508 86.717590
1482 -31.246870 58.924451 86.717590
1498 -31.308038 66.000331 86.717590
1499 -31.295864 66.475118 86.717590
1500 -31.308071 66.934675 86.717590
1501 -31.318860 67.211819 86.717590
1502 -31.311750 67.566739 86.717590
1503 -31.314403 68.021698 86.717590
1504 -31.316195 68.476657 86.717590
1505 -31.332163 68.936208 86.717590
1506 -31.342723 69.405955 86.717590
1507 -31.353475 69.870753 86.717590
1508 -31.357131 70.335628 86.717590
1524 -31.342270 76.733405 86.717590
1525 -31.350657 77.063279 86.717590
1526 -31.398376 77.530643 86.717590
1527 -31.435764 77.999038 86.717590
1528 -31.455318 78.473513 86.717590
1529 -31.452009 78.943443 86.717590
1530 -31.450012 79.463436 86.717590
1531 -31.463005 79.998174 86.717590
1532 -31.465826 80.428128 86.717590
1533 -31.468060 80.933123 86.717590
1534 -31.465098 81.160568 86.717590
1551 -31.478630 88.167698 86.717590
1552 -31.495954 88.637229 86.717590
1553 -31.496267 89.112197 86.717590
1554 -31.482834 89.581971 86.717590
1555 -31.478849 90.031915 86.717590
1556 -31.470632 90.501802 86.717590
1557 -31.473301 90.976694 86.717590
1558 -31.473596 91.446067 86.717590
1559 -31.426100 91.918640 86.717590
1560 -31.379121 92.386014 86.717590
1561 -31.359135 92.860570 86.717590
1578 -31.412097 100.338580 86.717590
1583 -30.848857 102.287885 86.717590
1584 -30.825894 102.777141 86.717590
1585 -30.837715 103.231853 86.717590
1586 -30.854965 103.701420 86.717590
1587 -30.856719 104.171340 86.717590
1588 -30.862797 104.621037 86.717590
1589 -30.886301 105.075340 86.717590
1590 -30.890840 105.530243 86.717590
1591 -30.899851 106.000022 86.717590
1592 -30.914137 106.469726 86.717590
1609 -30.945942 112.478406 86.717590
1610 -31.001905 112.919872 86.717590
1611 -31.037089 113.388445 86.717590
1612 -31.051518 113.818203 86.717590
1613 -31.046582 114.033128 86.717590
1614 -31.046746 114.465625 86.717590
1615 -31.062113 114.644968 86.717590
1616 -31.080451 115.114485 86.717590
1617 -31.076322 115.294438 86.717590
1618 -31.065621 115.764316 86.717590
1619 -31.055623 115.944035 86.717590
1635 -31.080055 122.404930 86.717590
1636 -31.097245 122.819244 86.717590
1637 -31.081783 123.293908 86.717590
1638 -31.053110 123.762981 86.717590
1639 -31.054439 124.237829 86.717590
1640 -31.053771 124.707772 86.717590
1641 -31.082819 125.181745 86.717590
1642 -31.099372 125.631399 86.717590
1643 -31.100536 126.101324 86.717590
1644 -31.116735 126.570993 86.717590
1645 -31.149025 127.044820 86.717590
1662 -37.151908 132.315549 86.717590
1663 -37.775747 132.497857 86.717590
1664 -38.392960 132.701532 86.717590
1665 -39.004234 132.922445 86.717590
1666 -39.603973 133.172893 86.717590
1667 -40.199852 133.432554 86.717590
1668 -40.785939 133.713427 86.717590
1669 -41.355568 134.026296 86.717590
1670 -41.904485 134.374115 86.717590
1671 -42.427991 134.759285 86.717590
1672 -42.960848 135.131210 86.717590
1690 -44.822406 136.170009 86.717590
1691 -44.704124 136.041036 86.717590
1692 -44.375415 135.698216 86.717590
1693 -43.872197 135.288923 86.717590
1694 -43.289468 135.003131 86.717590
1695 -42.684456 134.765550 86.717590
1696 -42.079572 134.527652 86.717590
1697 -41.476514 134.285178 86.717590
1698 -40.881351 134.024243 86.717590
1699 -40.308274 133.718397 86.717590
1700 -39.780115 133.339717 86.717590
1718 -31.503590 128.734059 86.717590
1719 -31.504070 128.179059 86.717590
1720 -31.519432 127.699336 86.717590
1721 -31.529050 127.527111 86.717590
1722 -31.534042 127.057160 86.717590
1723 -31.542558 126.934966 86.717590
1724 -31.541950 126.739981 86.717590
1725 -31.533465 126.270070 86.717590
1726 -31.538503 126.095261 86.717590
1727 -31.543389 125.665415 86.717590
1728 -31.535927 125.165471 86.717590
1746 -31.539351 118.657151 86.717590
1747 -31.541019 118.377203 86.717590
1748 -31.527496 117.827370 86.717590
1749 -31.527867 117.352450 86.717590
1750 -31.537886 117.132833 86.717590
1751 -31.554796 116.718232 86.717590
1752 -31.548969 116.498506 86.717590
1753 -31.526882 116.129195 86.717590
1754 -31.514535 115.574344 86.717590
1755 -31.508690 115.054377 86.717590
1756 -31.515324 114.837151 86.717590
1773 -31.460013 108.125969 86.717590
1774 -31.468244 107.901298 86.717590
1775 -31.493254 107.487086 86.717590
1776 -31.494844 107.247286 86.717590
1777 -31.475771 106.882792 86.717590
1778 -31.482858 106.327990 86.717590
1779 -31.511047 105.853906 86.717590
1780 -31.515865 105.634165 86.717590
1781 -31.498694 105.219526 86.717590
1782 -31.475999 104.690015 86.717590
1783 -31.476513 104.215112 86.717590
1801 -30.851169 97.002966 86.717590
1802 -30.875833 96.528953 86.717590
1803 -30.945143 96.064167 86.717590
1804 -31.013603 95.533653 86.717590
1805 -31.036446 95.054430 86.717590
1806 -31.051323 94.579721 86.717590
1807 -31.058322 94.044795 86.717590
1808 -31.045376 93.565082 86.717590
1809 -31.033376 93.085350 86.717590
1810 -31.036373 92.550359 86.717590
1811 -31.047661 92.080567 86.717590
1829 -30.980212 84.404459 86.717590
1830 -31.021059 83.996783 86.717590
1831 -31.089745 83.466230 86.717590
1832 -31.121878 82.967461 86.717590
1833 -31.121703 82.747647 86.717590
1834 -31.113190 82.332781 86.717590
1835 -31.122349 81.832956 86.717590
1836 -31.134942 81.593430 86.717590
1837 -31.154767 81.229048 86.717590
1838 -31.158703 80.719084 86.717590
1839 -31.165347 80.149180 86.717590
1857 -31.022641 73.075784 86.717590
1858 -31.020037 72.775848 86.717590
1859 -31.028920 72.435964 86.717590
1860 -31.040515 71.906094 86.717590
1861 -31.043747 71.653615 86.717590
1862 -31.047183 71.288632 86.717590
1863 -31.045763 70.993683 86.717590
1864 -31.032250 70.628933 86.717590
1865 -31.026207 70.336560 86.717590
1866 -31.032285 69.971611 86.717590
1867 -31.032600 69.676730 86.717590
1885 -30.928121 62.774558 86.717590
1886 -30.966134 62.484966 86.717590
1887 -31.056660 62.016255 86.717590
1888 -31.089775 61.783605 86.717590
1889 -31.140166 61.286285 86.717590
1890 -31.136446 60.801691 86.717590
1891 -31.114840 60.537894 86.717590
1892 -31.074808 60.155251 86.717590
1893 -31.064129 59.640391 86.717590
1894 -31.063598 59.170481 86.717590
1895 -31.073600 58.870648 86.717590
1913 -31.014965 52.458478 86.717590
1914 -31.022869 52.174659 86.717590
1915 -31.130784 51.857539 86.717590
1916 -31.220457 51.377140 86.717590
1917 -31.222324 50.847438 86.717590
1918 -31.200998 50.553727 86.717590
1919 -31.136177 50.225342 86.717590
1920 -31.114209 49.903766 86.717590
1921 -31.113441 49.568767 86.717590
1922 -31.112249 49.048769 86.717590
1923 -31.118035 48.784011 86.717590
1941 -31.077076 42.457186 86.717590
1942 -31.100155 42.183617 86.717590
1943 -31.192567 41.677045 86.717590
1944 -31.229323 41.153644 86.717590
1945 -31.223538 40.668714 86.717590
1946 -31.212569 40.293889 86.717590
1947 -31.208821 40.018950 86.717590
1948 -31.178571 39.514861 86.717590
1949 -31.162426 39.207891 86.717590
1950 -31.155068 38.883061 86.717590
1951 -31.131530 38.574179 86.717590
1969 -30.972810 32.747739 86.717590
1970 -30.976614 32.552826 86.717590
1971 -31.033484 32.121609 86.717590
1972 -31.089505 31.914092 86.717590
1973 -31.159539 31.485229 86.717590
1974 -31.134540 31.272182 86.717590
1975 -31.025663 30.799593 86.717590
1976 -30.926516 30.314724 86.717590
1977 -30.880053 29.942678 86.717590
1978 -30.873867 29.677750 86.717590
1979 -30.866037 29.262831 86.717590
1997 -31.329006 22.519488 86.717590
1998 -31.470869 22.004262 86.717590
1999 -31.801965 21.462123 86.717590
2000 -32.235471 20.981539 86.717590
2001 -32.705785 20.532938 86.717590
2002 -33.189464 20.098722 86.717590
2003 -33.680986 19.673416 86.717590
2004 -34.177029 19.253382 86.717590
2005 -34.670499 18.830327 86.717590
2006 -35.154090 18.396051 86.717590
2007 -35.635750 17.959601 86.717590
2025 -36.382703 11.984820 86.717590
2026 -36.427700 11.795395 86.717590
2027 -36.503070 11.326910 86.717590
2028 -36.521986 10.821414 86.717590
2029 -36.508013 10.324111 86.717590
2030 -36.495953 9.838044 86.717590
2031 -36.497818 9.454335 86.717590
2032 -36.476074 9.190230 86.717590
2033 -36.444978 8.776424 86.717590
2034 -36.449697 8.561480 86.717590
2035 -36.451468 8.126487 86.717590
2053 -34.048943 1.234909 86.717590
2054 -33.603835 0.764753 86.717590
2055 -33.179678 0.280526 86.717590
2056 -32.746227 -0.203844 86.717590
2057 -32.311849 -0.684009 86.717590
2058 -31.872179 -1.152510 86.717590
2059 -31.575008 -1.541003 86.717590
2060 -31.474751 -1.731189 86.717590
2061 -31.309890 -2.153816 86.717590
2062 -31.258169 -2.624671 86.717590
2063 -31.262843 -3.019612 86.717590
2081 -30.971423 -8.988904 96.097557
2082 -30.888813 -9.282028 96.097557
2083 -30.823924 -9.600370 96.097557
2084 -30.739677 -9.940012 96.097557
2085 -30.634009 -10.191121 97.113647
2086 -30.489793 -10.547796 97.113647
2087 -30.421661 -10.783127 97.113647
2088 -30.315848 -11.261010 98.085374
2089 -30.256757 -11.727228 98.085374
2090 -30.217993 -12.034688 98.085374
2091 -30.192767 -12.358690 99.101264
2110 -29.877845 -18.662283 105.225190
2111 -29.891298 -18.973542 105.225190
2112 -29.992579 -19.292684 106.240579
2113 -30.070957 -19.831361 106.240579
2114 -30.071971 -20.271111 106.240579
2115 -30.059793 -20.585786 106.240579
2116 -30.031678 -20.919554 107.235165
2117 -30.018058 -21.469370 107.235165
2118 -30.024759 -21.924241 108.409689
2119 -30.040942 -22.173291 108.409689
2120 -30.087248 -22.555395 108.409689
2132 -29.976759 -26.196270 112.590677
2133 -30.016003 -26.629024 113.605020
2134 -30.083317 -27.043582 113.605020
2135 -30.101898 -27.277842 113.605020
2136 -30.133213 -27.731741 113.605020
2137 -30.127590 -27.911653 114.638652
2138 -30.116403 -28.381510 114.638652
2139 -30.121295 -28.561443 114.638652
2140 -30.133053 -29.031296 115.633994
2141 -30.143340 -29.210998 115.633994
2142 -30.129723 -29.680277 115.633994
2154 -29.615573 -34.606435 121.155853
2155 -29.612382 -35.036422 121.155853
2156 -29.626664 -35.466185 121.155853
2157 -29.645755 -35.680305 121.155853
2158 -29.659377 -36.170066 122.205158
2159 -29.653668 -36.662438 122.205158
2160 -29.630977 -37.096845 122.205158
2161 -29.596819 -37.329319 123.696810
2162 -29.572430 -37.783520 123.696810
2163 -29.582890 -37.963215 124.742698
2164 -29.599243 -38.432904 124.742698
2187 -29.122976 -45.969202 134.127480
2188 -29.096495 -46.033599 134.127480
2189 -29.201496 -46.359931 134.127480
2190 -29.752960 -46.598660 134.127480
2191 -30.396543 -46.638027 134.127480
2192 -31.045752 -46.669973 134.159982
2193 -31.692855 -46.728857 134.159982
2194 -32.330991 -46.850963 134.159982
2195 -32.958306 -47.020538 134.741608
2196 -33.576025 -47.222800 134.741608
2197 -34.191150 -47.432779 134.741608
2212 -39.950467 -50.442257 137.006937
2213 -39.864995 -50.469440 137.006937
2214 -39.489560 -50.436060 137.126879
2215 -38.901771 -50.224929 137.126879
2216 -38.323600 -49.928263 137.126879
2217 -37.754849 -49.613594 137.006937
2218 -37.182565 -49.305416 137.006937
2219 -36.602236 -49.012719 137.006937
2220 -36.013453 -48.737515 137.006937
2221 -35.420017 -48.472333 137.006937
2222 -34.831262 -48.197257 137.006937
2252 -30.333605 -59.146617 144.496716
2253 -30.366719 -59.403716 144.496716
2254 -30.433811 -59.878808 146.002264
2255 -30.449454 -60.378233 146.002264
2256 -30.417123 -60.821977 146.002264
2257 -30.375272 -61.050651 147.365196
2258 -30.330895 -61.495704 147.365196
2259 -30.328331 -61.755687 147.365196
2260 -30.311304 -62.235384 148.561438
2261 -30.298530 -62.620146 148.561438
2262 -30.297883 -62.925136 148.561438
2280 -30.016885 -70.546285 156.936742
2281 -30.043656 -70.717630 156.936742
2282 -30.152002 -71.112663 156.936742
2283 -30.187479 -71.480395 157.933977
2284 -30.155056 -71.803758 157.933977
2285 -30.127847 -72.347992 157.933977
2286 -30.127173 -72.582937 158.931246
2287 -30.134785 -73.007869 158.931246
2288 -30.150560 -73.487548 158.931246
2289 -30.145034 -74.022439 159.989066
2290 -30.121577 -74.556922 159.989066
2310 -29.667176 -84.129945 170.075810
2311 -29.527511 -84.654656 170.075810
2312 -29.184034 -85.201034 170.075810
2313 -28.819316 -85.645195 171.600761
2314 -28.450644 -86.089250 171.600761
2315 -28.100431 -86.612798 171.600761
2316 -27.846055 -87.066041 173.018904
2317 -27.550496 -87.546562 173.018904
2318 -27.298482 -87.882418 173.018904
2319 -27.095750 -88.136388 174.416345
2320 -26.732580 -88.610772 174.416345
2342 -25.594923 -90.479789 175.559965
2343 -25.594923 -90.479789 175.559965
2344 -25.659316 -90.583410 175.559965
2345 -25.907856 -90.614683 175.559965
2346 -26.205703 -90.313716 175.559965
2347 -26.206928 -90.308868 175.559965
2348 -26.201177 -90.338289 175.559965
2349 -26.182184 -90.229942 175.559965
2350 -26.152769 -89.851642 175.559965
2351 -26.195633 -89.545527 175.559965
2352 -26.333969 -89.335740 175.559965
2392 -30.041911 -101.506105 189.499608
2393 -30.034638 -101.555117 189.499608
2394 -30.139106 -101.686488 189.499608
2395 -30.535676 -101.758689 189.499608
2396 -31.163323 -101.720380 189.525992
2397 -31.805921 -101.641023 189.525992
2398 -32.451256 -101.588955 189.525992
2399 -33.095906 -101.571057 189.525992
2400 -33.743144 -101.587172 189.699187
2401 -34.389297 -101.628312 189.699187
2402 -35.034574 -101.681848 189.699187
2427 -41.113297 -102.508197 189.699187
2428 -41.113297 -102.508197 189.699187
2429 -41.113297 -102.508197 189.699187
2430 -41.113297 -102.508197 189.699187
2431 -41.159433 -102.474505 189.699187
2432 -41.157089 -102.403836 189.699187
2433 -40.936594 -102.278520 189.699187
2434 -40.387422 -102.214709 189.699187
2435 -39.745888 -102.299409 189.699187
2436 -39.110077 -102.434263 189.699187
2437 -38.476392 -102.567230 189.699187
