6 -45.500000 116.000000 0.000000
7 -45.590747 116.062064 7.406079
8 -45.803310 116.160999 7.406079
9 -46.083149 116.208535 7.406079
10 -46.252065 116.190799 7.406079
11 -46.333209 116.176256 8.324062
12 -46.444729 116.099267 8.324062
13 -46.574701 115.815126 8.421995
14 -46.653238 115.357139 8.421995
15 -46.725295 115.112734 8.421995
16 -46.894219 114.685036 12.523978
17 -47.100225 114.191341 12.523978
18 -47.230890 113.751059 12.523978
19 -47.200313 113.157678 13.800363
20 -46.812684 112.650786 13.800363
21 -46.237304 112.350241 15.074814
22 -45.720217 112.077361 15.074814
23 -45.103732 111.601583 21.060153
24 -44.700192 111.178402 22.022943
25 -44.281787 110.681007 22.022943
26 -43.856706 110.192622 22.411828
27 -43.403226 109.727305 23.584954
28 -42.923871 109.288346 23.584954
29 -42.709235 109.109114 24.305761
30 -42.449646 109.075987 24.305761
31 -41.929767 109.361353 25.204961
32 -41.614888 109.831785 25.204961
33 -41.495759 110.022659 25.879143
34 -41.249744 110.411305 25.879143
35 -40.846439 110.920558 25.879143
36 -40.388191 111.381277 26.223082
37 -39.911186 111.822786 26.448630
38 -39.421934 112.250696 26.448630
39 -38.927038 112.672089 26.448630
40 -38.666138 112.897685 26.841946
41 -38.586298 113.065177 26.841946
42 -38.676382 113.547684 26.841946
43 -38.990417 114.034873 26.448630
44 -39.386985 114.537081 26.448630
45 -39.697327 114.896514 26.448630
46 -40.017047 115.376780 26.448630
47 -40.098271 115.517522 26.448630
48 -40.299770 115.902960 26.448630
49 -40.524655 116.352327 26.448630
50 -40.618356 116.523286 26.643011
51 -40.769109 116.805431 26.643011
52 -40.784791 117.037052 26.643011
53 -40.476188 117.445232 26.643011
54 -39.914436 117.766715 26.643011
55 -39.306337 117.994360 26.643011
56 -38.682273 118.176019 26.643011
57 -38.056169 118.350612 26.643011
58 -37.497240 118.522944 26.906691
59 -36.831526 118.783307 27.946557
60 -36.187252 119.093076 27.946557
61 -35.669552 119.365420 28.900693
62 -35.157679 119.648613 30.008833
63 -35.157679 119.648613 30.008833
64 -35.073515 119.550573 30.008833
65 -35.138091 119.161722 30.056115
66 -35.568589 118.702885 30.298680
67 -36.044132 118.362721 30.298680
68 -36.616035 117.934642 30.298680
69 -37.079347 117.401847 30.298680
70 -37.385183 116.946338 30.298680
71 -37.453805 116.790888 30.298680
72 -37.637713 116.374724 30.298680
73 -37.891331 115.869952 30.298680
74 -38.161113 115.425473 30.298680
75 -38.515940 114.895888 30.298680
76 -38.576943 114.786818 30.298680
77 -38.820294 114.384751 30.298680
78 -39.140972 113.839580 30.298680
79 -39.444436 113.399015 30.135860
80 -39.696186 113.014131 30.135860
81 -39.987836 112.450349 30.135860
82 -40.071561 112.344729 30.135860
83 -40.328955 112.051765 30.135860
84 -40.660975 111.500974 30.135860
85 -40.695827 111.399616 30.135860
86 -40.716504 111.140761 30.135860
87 -40.711500 110.975877 30.135860
88 -40.704636 110.886140 30.135860
89 -40.690581 110.838562 30.135860
90 -40.560868 110.733943 30.135860
91 -40.135226 110.700548 30.135860
92 -39.433281 110.706583 30.135860
93 -38.852113 110.642458 30.135860
94 -38.216198 110.509364 30.135860
95 -37.473406 110.280379 30.135860
96 -36.944805 110.031667 30.135860
97 -36.449501 109.720443 30.135860
98 -35.894191 109.393067 30.216718
99 -35.280755 109.201174 30.365936
100 -34.638106 109.122829 30.365936
101 -33.994274 109.033689 31.470145
102 -33.353683 108.959923 31.470145
103 -32.769188 108.937586 31.470145
104 -32.059204 108.938804 31.749804
105 -31.349615 108.959456 31.749804
106 -30.509461 109.022245 32.739732
107 -30.379867 109.032511 32.739732
108 -30.330343 108.995343 32.739732
109 -30.283300 108.693908 32.739732
110 -30.400503 108.139491 33.062517
111 -30.553398 107.713039 33.093354
112 -30.602987 107.540005 33.093354
113 -30.689289 107.063677 33.116915
114 -30.645687 106.562432 33.116915
115 -30.559199 106.352400 33.116915
116 -30.348840 105.909853 34.008382
117 -29.942847 104.943493 34.767371
118 -29.911973 104.841832 34.767371
119 -29.918634 104.820364 34.767371
120 -30.109622 104.694553 35.833644
121 -30.551107 104.750955 35.908913
122 -31.176069 104.920130 35.908913
123 -31.806802 105.066386 35.908913
124 -32.442923 105.199762 35.908913
125 -33.083744 105.289946 35.908913
126 -33.728165 105.307839 35.908913
127 -34.310265 105.286596 35.908913
128 -35.603392 105.217415 35.908913
129 -35.733263 105.211641 35.908913
130 -35.733263 105.211641 35.908913
131 -35.835073 105.384168 35.908913
132 -35.669467 105.823551 35.908913
133 -35.120516 106.146620 35.908913
134 -34.484286 106.264969 35.908913
135 -33.848407 106.398939 35.908913
136 -33.217605 106.555571 35.908913
137 -32.529516 106.749476 35.908913
138 -31.979151 106.947271 35.908913
139 -30.859673 107.467837 35.908913
140 -30.801698 107.497230 35.908913
141 -30.218699 107.784598 35.908913
142 -29.631753 108.063843 35.908913
143 -29.051321 108.356392 35.908913
144 -28.482198 108.670317 35.908913
145 -27.997515 108.992734 35.908913
146 -27.425049 109.389685 35.908913
147 -26.746305 109.593614 35.908913
148 -26.165000 109.620572 35.908913
149 -25.518583 109.585218 35.908913
150 -24.292787 109.483885 35.908913
151 -24.228090 109.477618 35.908913
152 -24.228090 109.477618 35.908913
153 -24.129478 109.595973 35.908913
154 -24.128446 109.936555 35.908913
155 -24.467564 110.449192 35.908913
156 -24.903344 110.923757 35.908913
157 -25.374543 111.371465 35.908913
158 -25.833729 111.831445 35.908913
159 -26.267784 112.315074 35.908913
160 -26.631430 112.763695 35.908913
162 -27.512571 113.794719 35.908913
162 -27.556703 113.842441 35.908913
163 -27.897565 114.228359 35.908913
164 -28.273576 114.727443 35.908913
165 -28.515884 115.158188 35.908913
166 -28.570049 115.376546 35.908914
167 -28.627756 115.867678 35.908914
168 -28.627528 116.097600 35.908914
169 -28.615292 116.457363 35.908914
170 -28.580026 117.071332 35.908914
171 -28.532801 117.255267 35.908914
172 -28.424421 117.758245 35.908914
173 -28.418306 117.802827 35.908914
174 -28.423645 117.811283 35.908914
175 -28.492207 117.875566 35.908914
176 -28.557515 117.900090 35.908914
177 -28.606787 117.893354 36.007361
178 -28.717609 117.782336 36.007361
179 -28.847326 117.339308 36.007361
180 -28.865819 116.806459 35.908914
181 -28.798196 116.366636 35.908914
182 -28.745850 116.204972 35.908914
183 -28.628335 115.389182 35.908914
184 -28.628335 115.389182 35.908914
185 -28.628335 115.389182 35.908914
186 -28.660517 115.387335 35.908914
187 -28.789490 115.526583 35.908914
188 -28.830465 115.988715 35.908914
189 -28.786927 116.147102 35.908914
190 -28.642530 116.594109 35.908914
191 -28.544332 117.134949 35.908914
192 -28.528689 117.574639 35.908914
193 -28.505299 118.003965 35.908914
194 -28.490361 118.676076 35.908914
195 -28.485115 118.740862 35.908914
196 -28.463879 119.172554 35.908914
197 -28.512406 119.724092 35.908914
198 -28.528254 120.153087 35.908914
199 -28.515438 120.445089 35.908914
200 -28.465535 120.851757 35.908914
201 -28.370401 121.388280 35.908914
202 -28.313926 121.548456 35.908914
203 -28.144065 121.986678 35.908914
204 -27.994913 122.445496 35.908914
205 -27.684195 122.952588 35.908914
206 -27.650001 123.007868 35.908914
207 -27.610463 123.071599 35.908914
208 -27.610463 123.071599 35.908914
209 -27.496005 122.901341 36.007361
210 -27.515539 122.473187 36.007361
211 -27.601005 122.051811 35.908914
212 -27.674499 121.750697 35.908914
213 -27.749385 121.261768 35.908914
214 -27.746699 121.121798 35.908914
215 -27.737636 120.696894 36.007361
216 -27.708910 120.100613 36.007361
217 -27.705231 120.068322 36.007361
218 -27.700986 120.031063 36.007361
219 -27.776290 119.962025 36.007361
220 -27.891979 119.987402 36.007361
221 -28.042986 120.336847 36.007361
222 -28.062045 120.673421 36.007361
223 -27.994663 120.998998 36.007361
224 -27.915349 121.547999 36.007361
225 -27.894501 122.057441 36.007361
226 -27.894867 122.519739 36.007361
228 -27.450592 123.555150 36.007361
228 -27.450592 123.555150 36.007361
229 -26.924400 123.784380 36.007361
230 -26.216545 123.821200 36.007361
231 -25.506740 123.804567 36.007361
232 -24.924548 123.811680 36.007361
233 -24.278876 123.883629 36.007361
234 -23.641711 123.998489 36.007361
235 -23.023940 124.074407 36.007361
236 -22.617938 124.109315 36.007361
237 -22.353967 124.132644 36.007361
238 -22.339025 124.133968 36.007361
239 -22.330079 124.138436 36.007361
240 -22.230559 124.271760 36.007361
241 -22.237817 124.627241 36.007361
242 -22.639354 125.085501 36.007361
243 -23.227868 125.358498 36.007361
244 -23.832636 125.596465 36.007361
245 -24.349766 125.869066 36.007361
246 -24.946069 126.263252 36.007361
247 -25.517718 126.692570 36.007361
249 -26.484018 127.457575 36.007361
249 -26.535617 127.497104 36.007361
250 -26.987178 127.868846 36.007361
251 -27.420987 128.336837 36.007361
252 -27.678225 128.753088 36.007361
253 -27.742634 128.923814 36.007361
254 -27.820251 129.292133 36.007361
255 -27.838701 129.831682 36.007361
256 -27.833197 130.356552 36.007361
257 -27.886646 130.840634 36.007361
258 -27.988335 131.286656 36.007361
260 -28.155234 131.971327 36.007361
261 -28.193212 132.078916 36.007361
262 -28.364956 132.204909 36.007361
263 -28.840895 132.273800 36.007361
264 -29.421969 132.234578 36.007361
265 -30.127691 132.186341 36.007361
266 -30.835021 132.184749 35.908914
267 -31.416825 132.211996 35.908914
268 -32.060139 132.258259 35.908914
269 -32.705923 132.305269 36.007361
270 -33.347212 132.344587 36.007361
272 -34.831033 132.479661 35.908914
273 -35.471402 132.555833 35.908914
274 -36.049851 132.643105 35.908914
275 -36.687870 132.737725 35.908914
276 -37.327032 132.824185 35.908914
277 -37.969245 132.906616 35.908914
278 -38.611116 133.008770 35.908914
279 -39.248380 133.135496 36.007361
280 -39.810786 133.286847 36.007361
281 -40.490563 133.508037 36.007361
282 -41.162431 133.752442 36.007361
284 -42.638333 134.429507 36.007361
285 -42.697599 134.456201 36.007361
286 -42.725756 134.445991 36.007361
287 -42.802609 134.284296 36.007361
288 -42.671545 133.857249 36.007361
289 -42.114446 133.558211 36.007361
290 -41.466497 133.517075 36.007361
291 -40.826038 133.426144 36.007361
292 -40.208770 133.303571 36.007361
293 -39.630903 133.231276 36.007361
294 -38.926896 133.211834 36.007361
297 -37.928520 134.210018 36.007361
298 -37.909665 134.269606 36.007361
299 -37.909665 134.269606 36.007361
300 -37.909665 134.269606 36.007361
301 -37.909665 134.269606 36.007361
302 -37.909665 134.269606 36.007361
303 -37.948684 134.211835 36.007361
304 -37.958671 133.855154 36.007361
305 -37.629667 133.438236 36.007361
306 -37.078651 133.104104 36.007361
307 -36.488078 132.832799 36.007361
310 -34.701567 132.051576 36.007361
311 -34.165709 131.816911 36.007361
312 -33.514631 131.521589 36.007361
313 -32.997205 131.248846 36.007361
314 -32.439462 130.927460 36.007361
315 -31.920611 130.539972 36.007361
316 -31.530432 130.043070 36.007361
317 -31.242259 129.529174 36.007361
318 -31.059332 129.059047 36.007361
319 -30.961905 128.707479 36.007361
320 -30.855557 128.308962 36.007361
323 -30.570392 127.352660 36.007361
324 -30.396414 126.868453 36.007361
325 -30.379382 126.326778 36.007361
326 -30.420049 126.024596 36.007361
327 -30.476776 125.694553 36.007361
328 -30.480714 125.265251 36.007361
329 -30.370807 124.778157 36.007361
330 -30.254753 124.490758 36.007361
331 -30.092835 124.097823 36.007361
332 -29.964868 123.729436 36.007361
333 -29.891564 123.485202 36.007361
336 -29.616129 122.117736 36.007361
337 -29.533439 121.751410 36.007361
338 -29.571913 121.507721 36.007361
339 -29.657679 121.015440 36.007361
340 -29.657965 120.825509 36.007361
341 -29.648885 120.350596 36.007361
342 -29.647417 120.048226 36.007361
343 -29.653912 119.743325 36.007361
344 -29.634346 119.228731 36.007361
345 -29.613648 118.894519 36.007361
346 -29.573958 118.647694 36.007361
349 -29.526494 117.407507 36.007361
350 -29.533703 116.967665 36.007361
351 -29.558802 116.633695 36.007361
352 -29.592711 116.330661 36.007361
353 -29.597927 115.940893 36.007361
354 -29.552263 115.684989 36.007361
355 -29.521695 115.236339 36.007361
356 -29.521296 115.011349 36.007361
357 -29.505934 114.501582 36.007361
358 -29.494215 114.031775 36.007361
359 -29.496336 113.796785 36.007361
362 -29.426460 112.655462 36.007361
363 -29.425801 112.240549 36.007361
364 -29.458563 112.025540 36.007361
365 -29.502036 111.542665 36.007361
366 -29.509038 111.012854 36.007361
367 -29.478190 110.780130 36.007361
368 -29.429594 110.348188 36.007361
369 -29.418513 109.903361 36.007361
370 -29.423993 109.408432 36.007361
371 -29.398837 108.899088 36.007361
372 -29.392547 108.434131 36.007361
375 -29.347904 107.335806 36.007361
376 -29.332951 106.931033 36.007361
377 -29.402891 106.654820 36.007361
378 -29.452853 106.183084 36.007361
379 -29.427659 105.764189 36.007361
380 -29.354186 105.520049 36.007361
381 -29.220109 105.085285 36.007361
382 -29.184430 104.919075 36.007361
383 -29.077704 104.481959 36.007361
384 -28.901234 103.945339 36.007361
385 -28.798611 103.711951 36.083377
388 -28.514832 102.668689 36.959574
389 -28.464989 102.244132 36.959574
390 -28.426891 101.805832 36.959574
391 -28.374395 101.623400 38.124665
392 -28.233771 101.169742 38.124665
393 -28.065896 100.755127 39.006283
394 -28.004042 100.570228 39.006283
395 -27.838992 100.119501 39.006283
396 -27.750397 99.929534 39.985123
397 -27.575775 99.586418 39.985123
398 -27.221068 98.995386 39.985123
401 -25.853690 97.528533 41.416061
402 -25.807597 97.482703 41.416061
403 -25.824082 97.441106 41.416061
404 -26.014866 97.359605 41.416061
405 -26.429471 97.583206 41.416061
406 -26.821614 98.012798 41.416061
407 -27.152308 98.534076 41.416061
408 -27.250321 98.688016 41.416061
409 -27.464759 99.043287 41.416061
410 -27.828894 99.566471 41.416061
411 -28.214534 100.072497 41.416061
414 -29.243572 101.358849 41.416061
415 -29.276837 101.402601 41.416061
416 -29.276837 101.402601 41.416061
417 -29.276837 101.402601 41.416061
418 -29.227661 101.380260 41.416061
419 -29.157778 101.092251 41.416061
420 -29.385914 100.497004 41.416061
421 -29.627437 100.160031 41.416061
422 -29.819635 99.956440 41.416061
423 -30.190266 99.543675 41.416061
424 -30.505941 99.073135 41.416061
428 -31.170056 97.617088 41.680332
429 -31.387201 97.128142 41.680332
430 -31.493932 96.983458 41.680332
431 -31.769528 96.707512 42.167406
432 -32.252868 96.348800 42.167406
433 -32.806262 96.181533 43.032198
434 -33.516376 96.134183 43.032198
435 -34.226114 96.152342 43.032198
436 -34.805461 96.179578 43.032198
437 -35.452149 96.212007 43.118095
438 -36.096703 96.235573 43.118095
441 -38.519766 96.017292 43.118095
442 -38.593078 96.001469 43.118095
443 -38.661892 96.079385 43.118095
444 -38.642338 96.183814 43.118095
445 -38.381872 96.304796 43.118095
446 -37.824880 96.348342 43.118095
447 -37.186042 96.281540 43.118095
448 -36.607499 96.213862 43.118095
449 -35.896653 96.167863 43.118095
450 -35.184227 96.169324 43.118095
451 -34.604350 96.180989 43.118095
455 -32.027755 96.277886 43.118095
456 -31.479555 96.615617 43.118095
457 -31.167932 97.118659 43.118095
458 -31.113179 97.319570 43.469186
459 -31.180361 97.697502 43.469186
460 -31.283315 98.196903 43.469186
461 -31.305075 98.430838 43.469186
462 -31.321744 98.895533 43.469186
463 -31.342165 99.430143 43.469186
464 -31.359712 99.969851 43.469186
465 -31.342278 100.218453 43.469186
469 -30.832149 101.637816 43.469186
470 -30.731970 102.085639 43.469186
471 -30.759261 102.268099 43.469186
472 -30.894602 102.837202 43.469186
473 -30.994034 103.309304 43.469186
474 -31.028717 103.457800 43.469186
475 -31.110447 103.833988 43.469186
476 -31.317378 104.387820 43.469186
477 -31.695152 104.857794 43.469186
478 -32.278637 105.121545 43.469186
479 -32.984731 105.205424 43.469186
483 -35.560257 105.038553 43.469186
484 -36.142129 105.055669 43.469186
485 -36.786842 105.115679 43.469186
486 -37.432335 105.166269 43.469186
487 -38.076885 105.186558 43.469186
488 -38.659275 105.176001 43.469186
489 -39.436494 105.155112 43.469186
490 -40.016292 105.152246 43.469186
491 -40.662137 105.197552 43.469186
492 -41.311923 105.208375 43.469186
493 -41.945504 105.304986 43.469186
497 -43.876491 105.452318 43.469186
498 -43.975807 105.427033 43.469186
499 -44.056052 105.382059 43.469186
500 -44.202052 105.082830 43.469186
501 -44.216391 104.559101 43.469186
502 -44.204466 104.279879 43.469186
503 -44.314974 103.747176 43.469186
504 -44.510236 103.260489 43.469186
505 -44.837355 102.705382 43.469186
506 -45.134560 102.234097 43.469186
507 -45.297798 101.820863 43.469186
511 -45.309607 101.448434 43.469186
512 -45.259988 101.415004 43.469186
513 -45.174326 101.388809 43.469186
514 -45.094785 101.393161 43.469186
515 -45.017213 101.426275 43.469186
516 -44.884549 101.604815 43.469186
517 -44.810212 102.106808 43.469186
518 -44.815567 102.631734 43.469186
519 -44.790418 102.849469 43.469186
520 -44.686726 103.251283 43.469186
521 -44.592116 103.696298 43.469186
525 -44.251099 104.501834 43.469186
526 -44.066944 104.972056 43.469186
527 -43.990233 105.194180 43.469186
528 -43.861808 105.491794 43.469186
529 -43.460680 105.782454 43.469186
530 -42.825934 105.891388 43.469186
531 -42.180831 105.854615 43.469186
532 -41.602993 105.763392 43.469186
533 -40.896029 105.656587 43.469186
534 -40.192266 105.562807 43.469186
535 -39.612505 105.507546 43.469186
540 -36.963183 105.479684 43.469186
541 -36.380935 105.465697 43.469186
542 -35.668519 105.464887 43.469186
543 -34.959175 105.436430 43.469186
544 -34.376121 105.389944 43.469186
545 -33.735780 105.295276 43.469186
546 -33.098451 105.181073 43.469186
547 -32.457129 105.075720 43.469186
548 -31.873917 104.804148 43.469186
549 -31.521002 104.290185 43.469186
550 -31.388982 103.894663 43.469186
554 -30.954405 102.485041 43.469186
555 -30.788322 102.030403 43.469186
556 -30.729161 101.524482 43.469186
557 -30.714966 101.014686 43.469186
558 -30.671115 100.592209 43.469186
559 -30.647127 100.315750 43.469186
560 -30.596696 99.858532 43.469186
561 -30.578456 99.651865 43.469186
562 -30.530735 99.214465 43.469186
563 -30.482639 98.634037 43.469186
564 -30.448105 98.132843 43.469186
568 -30.274980 96.676048 43.469186
569 -30.305951 96.407959 43.469186
570 -30.359088 95.956158 43.469186
571 -30.340417 95.772377 43.565240
572 -30.286861 95.295586 43.565240
573 -30.291037 95.113134 43.565240
574 -30.288841 94.698276 44.546269
575 -30.194438 94.142194 44.546269
576 -30.034124 93.722201 44.546269
577 -29.973884 93.552742 45.000112
578 -29.835740 93.166734 45.000112
582 -29.490192 91.872715 47.000959
583 -29.484464 91.835655 47.000959
584 -29.484464 91.835655 47.000959
585 -29.484464 91.835655 47.817258
586 -29.367563 91.949634 47.817258
587 -29.317489 92.415664 47.817258
588 -29.331608 92.791311 47.817258
589 -29.435111 93.326332 47.817258
590 -29.450271 93.515726 47.817258
591 -29.492622 93.928551 47.817258
592 -29.543581 94.456052 47.817258
596 -29.627745 96.129818 47.817258
597 -29.643789 96.454120 47.817258
598 -29.721801 96.748870 47.817258
599 -29.779520 97.255098 47.817258
600 -29.805310 97.769451 47.817258
601 -29.837563 98.363574 47.817258
602 -29.867377 98.742292 47.817258
603 -29.931259 99.071089 47.817258
604 -29.985093 99.442074 47.817258
605 -30.001878 99.686491 47.817258
606 -30.053546 100.168725 47.817258
610 -30.470958 102.039342 47.817258
611 -30.530775 102.266562 47.817258
612 -30.632793 102.658501 47.817258
613 -30.776425 103.168658 47.817258
614 -30.852284 103.374388 47.817258
615 -31.062534 103.726288 47.817258
616 -31.307931 104.212137 47.817258
617 -31.382589 104.394795 47.817258
618 -31.515219 104.761468 47.817258
619 -31.862903 105.339399 47.817258
620 -32.273847 105.755031 47.817258
625 -34.422513 107.542240 47.817258
626 -34.874574 107.913542 47.817258
627 -35.422831 108.372486 47.817258
628 -35.868235 108.751732 47.817258
629 -36.339522 109.199144 47.817258
630 -36.769718 109.679286 47.817258
631 -36.920449 109.897039 47.817258
632 -37.169685 110.253521 47.817258
633 -37.479955 110.728510 47.817258
634 -37.603765 110.916379 47.817258
635 -37.866650 111.370671 47.817258
639 -38.554308 112.596481 47.817258
640 -38.711404 113.065779 47.817258
641 -38.897268 113.524452 47.817258
642 -39.147825 113.965753 47.817258
643 -39.254234 114.197438 47.817258
644 -39.445386 114.610320 47.817258
645 -39.624392 114.965117 47.817258
646 -39.786944 115.161539 47.817258
647 -40.097905 115.577930 47.817258
648 -40.358847 116.050244 47.817258
649 -40.508358 116.410425 47.817258
653 -41.297324 118.043269 47.817258
654 -41.500001 118.257439 47.817258
655 -41.858158 118.775249 47.817258
656 -42.092545 119.132692 47.817258
657 -42.271690 119.409715 47.817258
658 -42.580160 119.900836 47.817258
659 -42.878929 120.316893 47.817258
660 -43.286188 120.817049 47.817258
661 -43.737150 121.284658 47.817258
662 -44.196228 121.730269 47.817258
663 -44.583461 122.207397 47.817258
667 -45.264379 123.709155 47.817258
668 -45.279098 123.777589 47.817258
669 -45.223062 123.818441 47.817258
670 -44.898006 123.783375 47.817258
671 -44.630242 123.318600 47.817258
672 -44.572533 123.075526 47.817258
673 -44.494861 122.647597 47.817258
674 -44.420585 122.383719 47.817258
675 -44.281403 122.046439 47.817258
676 -44.079890 121.606074 47.817258
677 -43.724887 121.062073 47.817258
682 -42.018508 118.877515 47.817258
683 -41.954554 118.753001 47.817258
684 -41.763541 118.378971 47.817258
685 -41.444414 117.838893 47.817258
686 -41.100316 117.350599 47.817258
687 -40.716815 116.835162 47.817258
688 -40.364635 116.374544 47.817258
689 -40.237701 116.173973 47.817258
690 -40.082942 115.874077 47.817258
691 -39.841332 115.393947 47.817258
692 -39.753658 115.236765 47.817258
696 -38.731134 113.535987 47.817258
697 -38.504002 113.068240 47.817258
698 -38.294565 112.603326 47.817258
699 -38.114731 112.166444 47.817258
700 -37.907694 111.758474 47.817258
701 -37.784916 111.506852 47.817258
702 -37.579867 111.083953 47.817258
703 -37.287105 110.514844 47.817258
704 -37.077432 110.104042 47.817258
705 -36.824110 109.640202 47.817258
706 -36.452948 109.110122 47.817258
710 -34.397650 107.125925 47.817258
711 -33.969349 106.727512 47.817258
712 -33.498034 106.279899 47.817258
713 -33.019304 105.840246 47.817258
714 -32.540197 105.400991 47.817258
715 -32.064686 104.957838 47.817258
716 -31.570984 104.449750 47.817258
717 -31.252396 104.023755 47.817258
718 -31.034247 103.623837 47.817258
719 -30.922971 103.372366 47.817258
720 -30.716336 102.868212 47.817258
724 -30.387810 101.473447 47.817258
725 -30.238525 101.107977 47.817258
726 -30.193654 100.811653 47.817258
727 -30.240411 100.434541 47.817258
728 -30.278509 99.966218 47.817258
729 -30.251010 99.773278 47.817258
730 -30.170545 99.376366 47.817258
731 -30.062539 98.773642 47.817258
732 -30.002026 98.586012 47.817258
733 -29.881592 98.236167 47.817258
734 -29.727173 97.773789 47.817258
739 -29.417340 96.216593 47.817258
740 -29.408599 96.162292 47.817258
741 -29.459706 96.116518 47.817258
742 -29.610648 96.150911 47.817258
743 -29.791480 96.528631 47.817258
744 -29.831977 97.039023 47.817258
745 -29.745341 97.475459 47.817258
746 -29.664578 97.910046 47.817258
747 -29.661658 98.409060 47.817258
748 -29.746756 98.706615 47.817258
749 -29.848191 99.062357 47.817258
753 -30.169176 100.554214 47.817258
754 -30.242342 100.813688 47.817258
755 -30.291067 101.089411 47.817258
756 -30.370055 101.588099 47.817258
757 -30.412284 101.859681 47.817258
758 -30.484636 102.155968 47.817258
759 -30.574847 102.488694 47.817258
760 -30.703070 102.743183 47.817258
761 -30.889761 103.169019 47.817258
762 -31.034515 103.531010 47.817258
763 -31.119321 103.829150 47.817258
767 -33.068503 105.162897 47.817258
768 -33.716041 105.107822 47.817258
769 -34.349824 104.979700 47.817258
770 -34.892081 104.768785 47.817258
771 -35.422219 104.401015 47.817258
772 -35.916143 103.978497 47.817258
773 -36.460205 103.626034 47.817258
774 -37.066679 103.393408 47.817258
775 -37.692024 103.216822 47.817258
776 -38.263274 103.090957 47.817258
777 -39.020036 102.902505 47.817258
782 -39.888935 102.663229 47.817258
783 -39.888935 102.663229 47.817258
784 -39.858151 102.618204 47.817258
785 -39.618863 102.542840 47.817258
786 -39.073166 102.578639 47.817258
787 -38.445178 102.743888 47.817258
788 -37.830414 102.954955 47.817258
789 -37.212319 103.155990 47.707967
790 -36.646866 103.305656 47.707967
791 -35.958246 103.497008 47.707967
792 -35.299756 103.773884 47.707967
796 -32.904273 104.943584 47.707967
797 -32.332016 104.862492 47.707967
798 -31.896102 104.711401 47.707967
799 -31.534079 104.297887 47.707967
800 -31.471459 104.062643 47.707967
801 -31.478410 103.758033 47.707967
802 -31.395417 103.296202 47.707967
803 -31.172422 102.769212 47.707967
804 -31.020105 102.383604 47.707967
805 -30.930729 102.105106 47.707967
806 -30.758639 101.533406 47.707967
810 -30.587843 100.040411 47.707967
811 -30.543192 99.514871 47.707967
812 -30.431126 99.124255 47.707967
813 -30.285586 98.761217 47.707967
814 -30.151982 98.481485 47.707967
815 -29.931340 97.967094 47.707967
816 -29.811348 97.533585 47.707967
817 -29.733371 97.291289 47.707967
818 -29.550666 96.852843 47.707967
819 -29.370760 96.365177 47.707967
820 -29.268350 95.947821 47.707967
825 -28.909187 94.573659 47.707967
826 -28.794441 94.217542 47.707967
827 -28.855883 93.984651 47.707967
828 -28.993893 93.499512 47.707967
829 -29.030750 93.139006 47.707967
830 -29.006260 92.892765 47.707967
831 -28.981468 92.451060 47.707967
832 -28.968985 92.013739 47.707967
833 -28.958295 91.763968 47.707967
834 -28.938615 91.294380 47.707967
835 -28.938219 91.084380 47.707967
839 -28.725987 89.464372 49.303247
840 -28.708400 89.230385 49.303247
841 -28.741552 88.751544 49.303247
842 -28.763244 88.217078 49.303247
843 -28.748213 87.697386 50.307555
844 -28.721593 87.213156 50.307555
845 -28.710318 86.893364 51.287914
846 -28.675863 86.499974 51.287914
847 -28.598337 86.060901 52.295412
848 -28.485488 85.818441 52.295412
849 -28.258331 85.279782 52.295412
854 -27.918009 83.517322 54.998638
855 -27.862368 83.063413 54.998638
856 -28.179158 82.459029 54.998638
857 -28.692880 82.188163 54.998638
858 -29.373745 81.970350 56.004019
859 -29.968582 81.709319 56.700707
860 -30.527578 81.378347 56.700707
861 -30.997714 81.030448 56.953052
862 -31.500094 80.618035 56.953052
863 -31.994895 80.196531 57.333151
864 -32.485841 79.770536 57.775515
869 -35.322740 77.491736 58.619196
870 -35.754236 77.143367 58.619196
871 -36.104508 76.584152 58.619196
872 -36.237058 76.108339 58.619196
873 -36.352586 75.752292 58.619196
874 -36.462998 75.473360 58.619196
875 -36.602173 75.146854 58.619196
876 -36.824931 74.606181 58.677510
877 -37.009981 74.168940 58.677510
878 -37.089431 73.942545 58.677510
879 -37.220800 73.607413 58.677510
886 -38.184754 71.056257 58.677510
887 -38.221897 70.919690 58.677510
888 -38.464210 70.821721 58.677510
889 -38.844229 71.117307 58.677510
890 -38.924872 71.596438 58.677510
891 -38.924391 71.988744 58.677510
892 -38.911193 72.245902 58.561507
893 -38.943302 72.773703 58.561507
894 -39.144509 73.307745 58.561507
895 -39.303271 73.579345 58.561507
896 -39.484419 73.855107 58.561507
904 -41.696089 77.326765 58.561507
905 -42.129129 77.719543 58.561507
906 -42.676246 78.069571 58.677510
907 -43.227766 78.413004 58.677510
908 -43.701623 78.756010 58.561507
909 -44.265897 79.194976 58.561507
910 -44.812372 79.655927 58.561507
911 -45.298367 80.087547 58.561507
912 -45.744924 80.465430 58.561507
913 -46.248184 80.876796 58.561507
914 -46.755146 81.283589 58.561507
922 -51.301798 84.017330 58.561507
923 -51.358663 84.048816 58.561507
924 -51.396872 84.030567 58.545454
925 -51.484699 83.888653 58.545454
926 -51.396933 83.398153 58.545454
927 -50.851283 82.964011 58.545454
928 -50.301122 82.765719 58.545454
929 -49.673941 82.606259 58.545454
930 -49.039702 82.489513 58.545454
931 -48.452377 82.223337 58.545454
932 -48.107722 81.801567 58.545454
940 -48.203776 78.271581 58.677510
941 -48.203849 78.211581 58.677510
942 -48.128068 78.151302 58.677510
943 -47.768686 78.115291 58.677510
944 -47.175440 78.203553 58.677510
945 -46.539305 78.324319 58.677510
946 -45.835074 78.432095 58.677510
947 -45.257932 78.510881 58.677510
948 -44.552890 78.594271 58.677510
949 -43.909496 78.667073 58.677510
950 -43.330802 78.733486 58.677510
959 -37.802390 79.391362 58.677510
960 -37.158911 79.463347 58.677510
961 -36.514901 79.530459 58.677510
962 -35.873871 79.601904 58.677510
963 -35.229660 79.687498 58.677510
964 -34.654218 79.792682 58.677510
965 -33.890740 79.952302 58.677510
966 -33.325708 80.103022 58.677510
967 -32.719736 80.337131 58.677510
968 -32.136932 80.624687 58.677510
969 -31.591877 80.977407 58.677510
978 -27.732263 85.243565 58.677510
979 -27.315741 85.649520 58.677510
980 -26.620334 85.978757 58.677510
981 -26.046081 86.072318 58.677510
982 -25.399190 86.096488 58.677510
983 -24.754195 86.094174 58.677510
984 -24.106700 86.091507 58.677510
985 -23.524205 86.089108 58.677510
986 -22.812087 86.067207 58.677510
987 -22.102526 86.042241 58.677510
988 -21.517780 86.025842 58.677510
997 -15.438426 86.093539 58.677510
998 -14.789892 86.060909 58.677510
999 -14.219707 85.932580 58.677510
1000 -13.551869 85.679005 58.677510
1001 -12.906591 85.371247 58.677510
1002 -12.378862 85.118854 58.677510
1003 -11.794937 84.833510 58.677510
1004 -11.241866 84.492887 58.677510
1005 -10.773674 84.142231 58.677510
1006 -10.308353 83.808767 58.677510
1007 -10.092562 83.663805 58.677510
1017 -9.986217 83.598112 58.677510
1018 -9.986217 83.598112 58.677510
1019 -10.024619 83.529232 58.677510
1020 -10.398035 83.453141 58.677510
1021 -10.966960 83.683888 58.677510
1022 -11.460203 83.993245 58.677510
1023 -12.007345 84.344100 58.677510
1024 -12.570759 84.668140 58.677510
1025 -13.143242 84.975931 58.677510
1026 -13.710569 85.287585 58.677510
1027 -14.190496 85.606444 58.677510
1037 -20.573097 85.952651 58.677510
1038 -21.154037 85.994208 58.677510
1039 -21.861631 86.052544 58.677510
1040 -22.443226 86.084503 58.677510
1041 -23.090528 86.099637 58.677510
1042 -23.738020 86.101580 58.677510
1043 -24.385289 86.085857 58.677510
1044 -25.027325 86.061442 58.677510
1045 -25.674139 86.031735 58.677510
1046 -26.256007 86.004655 58.677510
1047 -26.923916 85.955354 58.677510
1057 -27.704617 82.235446 58.677510
1058 -27.740566 81.847177 58.677510
1059 -27.768153 81.608791 58.677510
1060 -27.801266 81.170141 58.677510
1061 -27.809738 80.755288 58.677510
1062 -27.787627 80.536403 58.677510
1063 -27.769593 80.046855 58.677510
1064 -27.772719 79.916893 58.677510
1065 -27.782338 79.517008 58.677510
1066 -27.787217 78.877089 58.796005
1067 -27.754856 78.458460 58.796005
1076 -27.727151 74.512740 62.624038
1077 -27.727151 74.512740 62.624038
1078 -27.727151 74.512740 63.776565
1079 -27.707248 74.510772 63.776565
1080 -27.687337 74.508894 63.968822
1081 -27.680005 74.515694 63.968822
1082 -27.618551 74.654639 64.272002
1083 -27.533045 74.987342 64.272002
1084 -27.470302 75.448014 64.272002
1085 -27.455979 75.624899 64.272002
1086 -27.393068 75.943407 64.272002
1097 -24.145284 76.671722 64.272002
1098 -23.435973 76.681321 64.272002
1099 -22.856008 76.735549 64.272002
1100 -22.210821 76.789599 64.272002
1101 -21.563963 76.817949 64.136497
1102 -20.916626 76.831975 64.272002
1103 -20.206662 76.839136 64.272002
1104 -19.621843 76.851055 64.272002
1105 -18.915462 76.954526 64.272002
1106 -18.352904 77.114067 64.272002
1107 -17.740008 77.322405 64.272002
1117 -11.667812 76.980149 66.529769
1118 -11.659399 76.974745 66.529769
1119 -11.576988 76.749199 66.529769
1120 -11.733142 76.332211 66.529769
1121 -12.096052 75.804181 66.529769
1122 -12.506120 75.309707 66.529769
1123 -12.806662 74.882633 66.529769
1124 -13.120137 74.330607 66.529769
1125 -13.330860 73.999482 66.529769
1126 -13.477339 73.755009 66.529769
1127 -13.796179 73.252676 66.529769
1138 -15.259732 69.851433 66.529769
1139 -15.259732 69.851433 66.529769
1140 -15.259732 69.851433 66.529769
1141 -15.241860 69.860358 66.529769
1142 -15.110151 70.118174 66.529769
1143 -15.120501 70.582556 66.529769
1144 -15.194838 71.066547 66.529769
1145 -15.276830 71.595075 66.529769
1146 -15.294282 71.831853 66.529769
1147 -15.313910 72.226365 66.529769
1148 -15.317803 72.553749 66.529769
1160 -15.814037 76.960714 66.529769
1161 -16.311208 77.260492 66.529769
1162 -16.939621 77.406405 66.529769
1163 -17.586536 77.420245 66.529769
1164 -18.233251 77.388653 66.529769
1165 -18.942161 77.349356 66.529769
1166 -19.523688 77.315701 66.529769
1167 -20.234787 77.271059 66.529769
1168 -20.813339 77.230102 66.529769
1169 -21.459017 77.181570 66.529769
1170 -22.104582 77.131546 66.529769
1182 -27.795105 74.771318 66.529769
1183 -27.775076 74.480046 66.529769
1184 -27.836830 74.014183 66.529769
1185 -27.898762 73.533179 66.529769
1186 -27.927448 73.322630 66.529769
1187 -27.958458 72.831264 66.529769
1188 -27.961294 72.502640 66.529769
1189 -27.915107 72.231606 66.529769
1190 -27.861648 71.714380 66.529769
1191 -27.787520 71.316285 66.529769
1192 -27.722134 70.941989 66.579353
1203 -24.425370 67.154217 69.026156
1204 -24.425370 67.154217 69.026156
1205 -24.425370 67.154217 69.026156
1206 -24.581815 67.120166 69.026156
1207 -24.961527 67.325312 69.026156
1208 -25.428309 67.759845 69.026156
1209 -25.875746 68.314301 69.026156
1210 -26.244280 68.755597 69.026156
1211 -26.728926 69.281134 69.026156
1212 -27.190670 69.734903 69.026156
1213 -27.599519 70.153001 69.026156
1226 -31.140595 75.279434 69.026156
1227 -31.511430 75.797824 69.026156
1228 -31.955318 76.257202 69.026156
1229 -32.499590 76.610314 69.026156
1230 -33.144249 76.919416 69.026156
1231 -33.730031 77.195107 69.026156
1232 -34.284810 77.370345 69.026156
1233 -34.923076 77.458938 69.026156
1234 -35.569952 77.486597 69.026156
1235 -36.212257 77.502422 69.026156
1236 -36.856275 77.534939 69.026156
1248 -45.026162 78.366951 69.026156
1249 -45.670692 78.428817 69.026156
1250 -46.251484 78.473227 69.026156
1251 -46.959994 78.519169 69.026156
1252 -47.672742 78.574711 69.026156
1253 -48.254757 78.633677 69.026156
1254 -48.897231 78.712631 69.026156
1255 -49.529565 78.862584 69.026156
1256 -50.139616 79.084178 69.026156
1257 -50.794140 79.364663 69.026156
1258 -51.364406 79.476548 69.026156
1271 -55.081226 77.226593 69.075685
1272 -55.023654 77.186987 69.075685
1273 -54.701056 77.118260 69.075685
1274 -54.119125 77.322403 69.075685
1275 -53.703420 77.787619 69.075685
1276 -53.512165 78.059403 69.075685
1277 -53.323172 78.365797 69.075685
1278 -52.937531 78.830379 69.075685
1279 -52.392022 79.277599 69.075685
1280 -51.850276 79.480853 69.075685
1281 -51.202943 79.507015 69.075685
1294 -48.351633 74.405897 69.075685
1295 -48.346818 74.080958 69.075685
1296 -48.338427 73.721086 69.075685
1297 -48.331302 73.411252 69.075685
1298 -48.269921 72.814431 69.075685
1299 -48.250230 72.390001 69.075685
1300 -48.247051 71.955286 69.075685
1301 -48.265656 71.610788 69.075685
1302 -48.288170 71.116306 69.075685
1303 -48.313813 70.677104 69.075685
1304 -48.330130 70.157480 69.075685
1317 -49.929235 66.104029 69.075685
1318 -49.929235 66.104029 69.075685
1319 -49.751745 66.060539 69.075685
1320 -49.318785 66.222868 69.075685
1321 -48.971293 66.725676 69.075685
1322 -48.815339 67.216469 69.075685
1323 -48.762191 67.351375 69.075685
1324 -48.612556 67.759803 69.075685
1325 -48.409119 68.249165 69.075685
1326 -48.289690 68.415560 69.075685
1327 -47.998973 68.791191 69.075685
1341 -44.984620 74.174255 69.075685
1342 -44.747480 74.608661 69.075685
1343 -44.593700 74.922986 69.075685
1344 -44.452972 75.193507 69.075685
1345 -44.249144 75.633583 69.075685
1346 -43.898126 76.170434 69.075685
1347 -43.285250 76.508412 69.075685
1348 -42.711919 76.587494 69.075685
1349 -42.064828 76.573730 69.075685
1350 -41.418635 76.532618 69.075685
1351 -40.774866 76.492815 69.075685
1364 -32.201622 76.470055 69.075685
1365 -31.808614 76.042358 69.075685
1366 -31.495738 75.485258 69.075685
1367 -31.313044 74.948485 69.075685
1368 -31.306639 74.836212 69.075685
1369 -31.274106 74.447758 69.075685
1370 -31.210003 73.985937 69.075685
1371 -31.135601 73.779128 69.075685
1372 -31.021432 73.309054 69.075685
1373 -31.010387 73.169491 69.075685
1374 -30.981432 72.690449 69.075685
1388 -30.881546 67.659808 69.512950
1389 -30.907194 67.186089 69.512950
1390 -30.975448 66.726480 69.512950
1391 -31.016452 66.369441 70.383878
1392 -30.992636 66.015295 70.383878
1393 -30.951023 65.496968 71.500002
1394 -30.929880 65.022453 71.500002
1395 -30.923651 64.662583 71.500002
1396 -30.928373 64.257633 72.373546
1397 -30.917818 63.765253 72.373546
1398 -30.911740 63.359115 73.161809
1412 -30.822946 58.108381 78.498473
1413 -30.860039 57.944642 78.498473
1414 -31.168227 57.676043 79.342613
1415 -31.836904 57.509747 79.342613
1416 -32.417081 57.435159 79.886484
1417 -33.111516 57.266779 79.886484
1418 -33.669105 57.089878 79.886484
1419 -34.279941 56.867779 79.886484
1420 -34.877337 56.612084 79.886484
1421 -35.457869 56.319803 79.886484
1422 -36.027504 56.006738 79.886484
1437 -41.570916 51.603871 79.886484
1438 -41.510757 51.568374 79.886484
1439 -41.130847 51.540238 79.886484
1440 -40.556393 51.888257 79.886484
1441 -40.117477 52.274923 79.886484
1442 -39.623627 52.697511 79.886484
1443 -39.056848 53.132833 79.886484
1444 -38.519944 53.499117 79.886484
1445 -37.973145 53.850496 79.886484
1446 -37.422817 54.196375 79.886484
1447 -36.927893 54.508262 79.886484
1464 -27.115541 58.549796 80.082022
1465 -27.115541 58.549796 80.082022
1466 -27.035066 58.437497 80.082022
1467 -27.080356 58.140789 80.082022
1468 -27.185185 57.990427 80.082022
1469 -27.463018 57.685571 80.082022
1470 -27.714535 57.242535 80.082022
1471 -27.802889 56.763064 80.082022
1472 -27.774944 56.452388 80.082022
1473 -27.741714 56.028792 80.795856
1474 -27.722556 55.529192 80.795856
1491 -21.557727 51.903724 83.532331
1492 -21.557727 51.903724 83.532331
1493 -21.562664 51.895027 83.532331
1494 -21.741575 51.817421 83.532331
1495 -22.204077 51.859243 83.532331
1496 -22.828861 52.008711 83.532331
1497 -23.395897 52.152556 83.532331
1498 -24.093169 52.298516 83.532331
1499 -24.794857 52.433670 83.532331
1500 -25.354500 52.603577 83.532331
1501 -25.961317 52.829343 83.532331
1518 -36.912571 51.802400 85.767886
1519 -37.496292 51.834085 85.767886
1520 -38.136738 51.910568 85.767886
1521 -38.776617 51.967816 85.767886
1522 -39.357882 52.005688 85.840843
1523 -40.069202 52.046678 85.840843
1524 -40.780742 52.083328 85.767886
1525 -41.360561 52.097236 85.767886
1526 -42.008046 52.100781 85.767886
1527 -42.655546 52.099917 85.767886
1528 -43.303043 52.098644 85.767886
1546 -46.248743 49.729176 85.840843
1547 -46.136134 49.682762 85.840843
1548 -45.729603 49.742855 85.840843
1549 -45.298141 50.190889 85.840843
1550 -45.026316 50.667488 85.840843
1551 -44.912417 50.837915 85.840843
1552 -44.624136 51.294364 85.840843
1553 -44.281155 51.815930 85.840843
1554 -43.845387 52.202975 85.840843
1555 -43.278318 52.514964 85.840843
1556 -42.689394 52.789999 85.840843
1573 -32.411972 58.358173 85.767886
1574 -31.955632 58.679231 85.767886
1575 -31.594187 59.184760 85.767886
1576 -31.412946 59.669254 85.767886
1577 -31.342561 60.148225 85.767886
1578 -31.322235 60.677631 85.767886
1579 -31.317862 60.907572 85.767886
1580 -31.312300 61.342518 85.767886
1581 -31.328572 61.917269 85.767886
1582 -31.353376 62.341514 85.767886
1583 -31.350573 62.811504 85.767886
1601 -31.432129 70.092368 85.767886
1602 -31.436996 70.527337 85.767886
1603 -31.446696 70.711937 85.767886
1604 -31.465177 71.126402 85.767886
1605 -31.472403 71.686352 85.767886
1606 -31.462760 71.826019 85.767886
1607 -31.447839 72.270735 85.767886
1608 -31.451496 72.530643 85.767886
1609 -31.463574 72.940460 85.767886
1610 -31.469353 73.390385 85.767886
1611 -31.455985 73.604961 85.767886
1629 -31.510044 81.541104 85.767886
1630 -31.465185 81.718760 85.767886
1631 -31.228349 82.076684 85.767886
1632 -30.755607 82.506858 85.767886
1633 -30.242646 82.906066 85.767886
1634 -29.686803 83.355725 85.767886
1635 -29.247764 83.742283 85.767886
1636 -28.728863 84.234145 85.767886
1637 -28.316578 84.649065 85.767886
1638 -27.893511 85.135883 85.767886
1639 -27.435346 85.588461 85.767886
1657 -18.349381 83.752877 85.767886
1658 -18.349381 83.752877 85.767886
1659 -18.349381 83.752877 85.767886
1660 -18.410778 83.688748 85.767886
1661 -18.802873 83.642086 85.767886
1662 -19.400987 83.727099 85.767886
1663 -20.037157 83.860433 85.767886
1664 -20.675693 83.967232 85.767886
1665 -21.307097 84.105218 85.767886
1666 -21.877968 84.411563 85.767886
1667 -22.360948 84.844687 85.767886
1685 -29.406704 90.474097 85.767886
1686 -29.627001 90.842524 85.767886
1687 -29.700793 91.044099 85.767886
1688 -29.819907 91.415461 85.767886
1689 -30.000950 91.924178 85.767886
1690 -30.094025 92.129023 85.767886
1691 -30.292047 92.588133 85.767886
1692 -30.389139 92.779658 85.767886
1693 -30.574638 93.139291 85.767886
1694 -30.791797 93.639155 85.767886
1695 -30.857602 93.833301 85.767886
1713 -34.056677 91.111419 85.767886
1714 -34.454266 90.723637 85.767886
1715 -35.041149 90.465666 85.767886
1716 -35.742874 90.344131 85.767886
1717 -36.293643 90.242932 85.767886
1718 -36.694030 90.167130 85.767886
1737 -36.965241 90.106014 85.767886
1738 -36.965241 90.106014 85.767886
1739 -36.988407 90.070713 85.767886
1740 -37.237652 90.009272 85.767886
1741 -37.707517 90.054063 85.767886
1742 -38.470117 90.216436 85.840843
1743 -39.036254 90.363637 85.840843
1744 -39.661609 90.521581 85.840843
1745 -40.294870 90.668026 85.840843
1746 -40.931694 90.797918 85.840843
1747 -41.553285 90.986870 85.840843
1765 -47.016670 91.051291 85.840843
1766 -47.016670 91.051291 85.840843
1767 -47.016670 91.051291 85.840843
1768 -47.016670 91.051291 85.840843
1769 -47.016670 91.051291 85.840843
1770 -47.087115 91.215718 85.840843
1771 -46.920711 91.462921 85.840843
1772 -46.471227 91.613235 85.840843
1773 -45.836798 91.638944 85.840843
1774 -45.199923 91.537368 85.840843
1775 -44.559340 91.467302 85.840843
1794 -38.244612 95.965907 85.840843
1795 -37.609598 96.090255 85.840843
1796 -36.963792 96.132839 85.840843
1797 -36.316310 96.136900 85.840843
1798 -35.733814 96.138956 85.840843
1799 -35.023827 96.142046 85.840843
1800 -34.311331 96.139686 85.840843
1801 -33.729094 96.151211 85.840843
1802 -33.083456 96.199970 85.840843
1803 -32.442062 96.237471 85.840843
1804 -31.920700 96.296469 85.840843
1822 -31.144400 103.717769 85.840843
1823 -31.207496 103.899629 85.840843
1824 -31.311381 104.223326 85.840843
1825 -31.409214 104.527617 85.840843
1826 -31.570664 104.838134 85.840843
1827 -31.905612 105.340908 85.840843
1828 -32.340367 105.823588 85.840843
1829 -32.857672 106.317127 85.840843
1830 -33.325183 106.765073 85.840843
1831 -33.741548 107.176000 85.840843
1832 -34.200789 107.635996 85.840843
1851 -36.935802 115.316651 85.840843
1852 -36.942023 115.731409 85.840843
1853 -36.993193 116.198556 85.840843
1854 -37.069417 116.687334 85.840843
1855 -37.078359 117.057168 85.840843
1856 -37.069917 117.224444 85.840843
1857 -37.061315 117.664359 85.840843
1858 -37.062112 118.114267 85.840843
1859 -37.107255 118.405732 85.840843
1860 -37.131148 118.864949 85.840843
1861 -37.151585 119.119106 85.840843
1879 -39.351413 123.834359 85.840843
1880 -39.351413 123.834359 85.840843
1881 -39.379111 123.794041 85.840843
1882 -39.389567 123.745592 85.840843
1883 -39.389567 123.745592 85.840843
1884 -39.376221 123.730697 85.840843
1885 -39.244510 123.617475 85.840843
1886 -39.158527 123.546883 85.840843
1887 -39.110984 123.510445 85.840843
1888 -39.008112 123.482514 85.840843
1889 -38.598297 123.471682 85.840843
1908 -37.494957 117.200361 85.840843
1909 -37.510954 116.801084 85.840843
1910 -37.614018 116.304367 85.840843
1911 -37.637978 115.865320 85.840843
1912 -37.610371 115.631947 85.840843
1913 -37.576285 115.128300 85.840843
1914 -37.574129 114.763373 85.840843
1915 -37.580558 114.433442 85.840843
1916 -37.570357 114.058845 85.840843
1917 -37.515609 113.794527 85.840843
1918 -37.477121 113.321540 85.840843
1936 -32.789369 105.585809 85.840843
1937 -32.313004 105.151003 85.840843
1938 -31.841669 104.622102 85.840843
1939 -31.587402 104.192072 85.840843
1940 -31.503665 103.956861 85.526430
1941 -31.352954 103.564981 85.526430
1942 -31.129288 103.057066 85.526430
1943 -31.012646 102.756710 85.526430
1944 -30.910260 102.443033 85.526430
1945 -30.811383 101.890119 85.526430
1946 -30.807147 101.742682 85.526430
1965 -30.587169 94.299520 85.526430
1966 -30.597344 93.964949 85.526430
1967 -30.648340 93.502756 85.526430
1968 -30.706067 93.001109 85.526430
1969 -30.738339 92.692836 85.526430
1970 -30.758024 92.218306 85.526430
1971 -30.757207 91.778380 85.526430
1972 -30.746666 91.546119 85.526430
1973 -30.726689 91.076551 85.526430
1974 -30.728951 90.521646 85.526430
1975 -30.717253 90.297263 85.526430
1994 -30.636069 83.355417 85.526430
1995 -30.660073 82.901189 85.526430
1996 -30.744560 82.477192 85.526430
1997 -30.753876 82.222408 85.526430
1998 -30.755034 81.772415 85.526430
1999 -30.752581 81.322421 85.526430
2000 -30.734998 81.118177 85.526430
2001 -30.717966 80.653562 85.526430
2002 -30.707893 80.113657 85.526430
2003 -30.689596 79.741618 85.526430
2004 -30.695589 79.576729 85.526430
2022 -30.575823 72.305291 85.526430
2023 -30.572025 71.810506 85.526430
2024 -30.595980 71.541842 85.526430
2025 -30.635545 71.214293 85.526430
2026 -30.652736 70.724900 85.526430
2027 -30.649294 70.429920 85.526430
2028 -30.645619 70.114941 85.526430
2029 -30.637432 69.555007 85.526430
2030 -30.610655 69.116064 85.526430
2031 -30.588690 68.620538 85.526430
2032 -30.576363 68.302251 85.526430
2051 -30.415430 61.329421 85.526430
2052 -30.425661 61.109730 85.526430
2053 -30.491130 60.619083 85.526430
2054 -30.514395 60.390298 85.526430
2055 -30.539099 59.976167 85.526430
2056 -30.534082 59.476227 85.526430
2057 -30.502077 58.952308 85.526430
2058 -30.488782 58.537530 85.526430
2059 -30.449973 58.323553 85.526430
2060 -30.413860 57.840275 85.526430
2061 -30.406887 57.335323 85.526430
2079 -30.177152 49.572176 86.232768
2080 -30.203412 49.435231 86.232768
2081 -30.299820 49.021488 87.217718
2082 -30.327025 48.733627 87.217718
2083 -30.280825 48.406881 87.217718
2084 -30.236221 47.838824 88.237465
2085 -30.239968 47.651508 88.237465
2086 -30.247414 47.291634 88.237465
2087 -30.226035 46.822350 89.111898
2088 -30.197804 46.506416 89.111898
2089 -30.197043 46.226417 90.203383
2108 -29.923848 38.416303 97.198202
2109 -29.923848 38.416303 97.198202
2110 -29.797502 38.315573 98.212068
2111 -29.305401 38.322630 98.212068
2112 -28.608676 38.456971 98.936800
2113 -28.060720 38.658439 98.936800
2114 -27.484222 38.953198 99.133901
2115 -26.883549 39.174437 99.133901
2116 -26.244491 39.274033 99.133901
2117 -25.600769 39.313827 99.133901
2118 -24.952450 39.360468 99.133901
2139 -21.685362 39.741278 99.133901
2140 -21.685362 39.741278 99.133901
2141 -21.737693 39.659885 99.133901
2142 -22.029281 39.584231 99.133901
2143 -22.592060 39.616937 99.133901
2144 -23.233643 39.721081 99.133901
2145 -23.875036 39.787353 99.133901
2146 -24.522099 39.809136 99.133901
2147 -25.169586 39.807925 99.133901
2148 -25.816987 39.796790 99.133901
2149 -26.461972 39.799530 99.133901
2171 -37.816958 44.041630 99.133901
2172 -37.816958 44.041630 99.133901
2173 -37.816958 44.041630 99.133901
2174 -37.816958 44.041630 99.133901
2175 -37.717087 43.922323 99.133901
2176 -37.290436 43.884043 99.133901
2177 -36.723054 43.933984 99.133901
2178 -36.082310 44.027127 99.133901
2179 -35.438966 44.069683 99.133901
2180 -34.791585 44.059408 99.133901
2181 -34.146775 44.043881 99.133901
2204 -34.909266 37.982891 99.133901
2205 -35.556090 38.010564 99.133901
2206 -36.136800 38.055241 99.133901
2207 -36.840828 38.146284 99.133901
2208 -37.542415 38.255114 99.133901
2209 -38.118462 38.341513 99.133901
2210 -38.759699 38.431031 99.133901
2211 -39.396494 38.533443 99.133901
2212 -40.038807 38.632830 99.133901
2213 -40.676624 38.757995 99.133901
2214 -41.371288 38.926817 99.133901
2236 -47.243326 43.363628 99.133901
2237 -47.135398 43.327800 99.133901
2238 -46.783184 43.262002 99.133901
2239 -46.182060 43.296208 99.133901
2240 -45.547575 43.396722 99.133901
2241 -44.903362 43.417814 99.133901
2242 -44.191732 43.385865 99.133901
2243 -43.611549 43.333971 99.133901
2244 -42.903094 43.291866 99.133901
2245 -42.318321 43.306559 99.133901
2246 -41.673956 43.335018 99.133901
2269 -26.764284 44.400259 99.133901
2270 -26.136866 44.566369 99.133901
2271 -25.598828 44.795539 99.133901
2272 -25.019716 45.090457 99.133901
2273 -24.449675 45.402788 99.133901
2274 -23.937323 45.685125 99.133901
2275 -23.312322 46.032391 99.133901
2276 -22.747491 46.354038 99.133901
2277 -22.184275 46.678505 99.133901
2278 -21.705589 46.996768 99.133901
2301 -21.395227 47.248809 99.133901
2302 -21.354299 47.139793 99.133901
2303 -21.489692 46.773207 99.133901
2304 -21.979614 46.378422 99.133901
2305 -22.504336 46.123497 99.133901
2306 -23.189261 45.919042 99.133901
2307 -23.858772 45.677152 99.133901
2308 -24.428486 45.365187 99.133901
2309 -24.917220 45.043777 99.133901
2310 -25.442992 44.661671 99.133901
2311 -25.960302 44.268122 99.133901
2334 -27.644320 34.926268 101.302766
2335 -27.676967 34.404952 101.302766
2336 -27.723278 34.213999 101.302766
2337 -27.817500 33.856577 100.908327
2338 -27.841307 33.433506 100.908327
2339 -27.829980 33.083751 100.908327
2340 -27.823036 32.753847 100.908327
2341 -27.800809 32.199301 100.908327
2342 -27.785182 32.010117 100.975692
2343 -27.745602 31.617263 100.975692
2344 -27.755267 31.153448 100.975692
2368 -29.026034 22.056785 105.318994
2369 -29.161479 21.560941 105.318994
2370 -29.544988 21.062438 105.318994
2371 -30.067660 20.810564 105.318994
2372 -30.747203 20.588332 105.318994
2373 -31.437006 20.400304 105.318994
2374 -32.000484 20.243239 105.318994
2375 -32.610830 20.020786 105.318994
2376 -33.193249 19.732965 105.318994
2377 -33.752312 19.401568 105.701705
2378 -34.297953 19.048430 105.701705
2404 -38.021787 15.847885 117.445351
2405 -38.021787 15.847885 117.445351
2406 -38.021787 15.847885 117.445351
2407 -38.021787 15.847885 117.445351
2408 -38.081243 15.880393 117.445351
2409 -38.136515 16.119504 117.445351
2410 -37.780904 16.595614 117.445351
2411 -37.188965 16.992185 117.445351
2412 -36.645672 17.208895 117.445351
2413 -36.038825 17.433350 117.445351
2414 -35.405598 17.551898 117.445351
2427 -26.669256 17.726512 117.445351
2428 -26.027065 17.744692 117.445351
2429 -25.510243 17.771177 117.445351
2430 -24.798764 17.809278 117.445351
2431 -24.089805 17.847539 117.445351
2432 -23.508545 17.885465 117.445351
2433 -22.862609 17.930419 117.445351
2434 -22.216122 17.966435 117.445351
2435 -21.569564 18.001322 117.445351
2436 -20.858500 18.045665 117.445351
2437 -20.281262 18.102113 117.445351
2463 -13.857048 18.676152 119.644517
2464 -13.664721 18.486655 119.644517
2465 -13.386302 18.105159 119.644517
2466 -13.261496 17.746463 119.644517
2467 -13.226497 17.491364 119.644517
2468 -13.088492 16.939791 122.716790
2469 -12.794964 16.435259 122.716790
2470 -12.575159 16.095716 122.716790
2471 -12.451044 15.742899 123.629489
2472 -12.410935 15.460743 123.629489
2473 -12.342108 15.010992 123.892900
2488 -10.276431 9.540221 128.841339
2489 -10.276431 9.540221 128.841339
2490 -10.324052 9.467856 129.527490
2491 -10.397346 9.469866 129.527490
2492 -10.527274 9.759397 129.722206
2493 -10.565591 10.216677 129.722206
2494 -10.517970 10.704310 129.722206
2495 -10.507578 11.238828 129.871516
2496 -10.563017 11.745536 129.871516
2497 -10.716740 12.254570 129.871516
2498 -10.785407 12.395896 129.871516
2528 -18.384785 24.930881 129.871516
2529 -18.391623 24.938178 129.871516
2530 -18.433896 24.963487 129.871516
2531 -18.514951 24.964240 129.871516
2532 -18.637576 24.844529 129.871516
2533 -18.682530 24.455952 129.871516
2534 -18.668050 24.028898 129.871516
2535 -18.665917 23.654690 129.871516
2536 -18.714597 23.222470 129.871516
2537 -18.782151 22.950946 129.871516
2538 -18.933240 22.484835 129.871516
2568 -29.887134 27.774609 129.871516
2569 -29.947933 27.944646 129.871516
2570 -30.105886 28.381978 129.871516
2571 -30.314740 28.887927 129.871516
2572 -30.413789 29.044151 129.871516
2573 -30.660501 29.449928 129.871516
2574 -30.791444 29.724956 129.871516
2575 -30.943494 30.067706 129.871516
2576 -31.169424 30.425764 129.871516
2577 -31.617412 30.686374 129.871516
2578 -32.193093 30.763971 129.871516
2610 -43.317493 30.887566 129.826386
2611 -43.051689 30.916819 129.826386
2612 -42.426936 30.932197 129.826386
2613 -41.714492 30.941022 129.826386
2614 -41.132429 30.960390 129.826386
2615 -40.489074 31.048370 129.826386
2616 -39.858592 31.183979 129.826386
2617 -39.215562 31.257062 129.826386
2618 -38.568463 31.278581 129.826386
2619 -37.923532 31.275408 129.826386
2620 -37.341589 31.252652 129.826386
2652 -27.497608 21.830723 129.826386
2653 -27.052343 21.437504 129.826386
2654 -26.386866 21.206543 129.826386
2655 -25.745665 21.117921 129.826386
2656 -25.103239 21.060525 129.826386
2657 -24.458492 21.002708 129.826386
2658 -23.820785 20.892010 129.826386
2659 -23.257497 20.734335 129.826386
2660 -22.583493 20.519558 129.826386
2661 -21.885975 20.392380 129.826386
2662 -21.304081 20.373776 129.826386
2696 -7.487673 24.971141 129.826386
2697 -7.487673 24.971141 129.826386
2698 -7.487673 24.971141 129.826386
2699 -7.487673 24.971141 129.826386
2700 -7.487673 24.971141 129.826386
2701 -7.487673 24.971141 129.826386
2702 -7.498496 25.019895 129.826386
2703 -7.501478 25.029440 129.826386
2704 -7.501478 25.029440 129.826386
2705 -7.560504 25.021391 129.826386
2706 -7.758321 24.805994 129.826386
2741 -9.593087 11.465655 129.826386
2742 -9.733021 11.080940 129.826386
2743 -9.928574 10.540343 129.826386
2744 -10.045263 10.100573 129.826386
2745 -10.127189 9.904662 129.826386
2746 -10.335367 9.466927 129.826386
2747 -10.446755 9.106524 129.826386
2748 -10.498711 8.856927 129.826386
2749 -10.611867 8.359645 129.826386
2750 -10.696101 7.871961 129.826386
2751 -10.817716 7.407855 129.826386
2786 -14.050363 -5.767556 134.079270
2787 -14.044880 -5.786778 134.079270
2788 -13.900754 -5.887516 134.079270
2789 -13.482887 -5.865595 134.079270
2790 -12.879339 -5.703313 134.079270
2791 -12.303814 -5.632148 134.079270
2792 -11.610741 -5.770479 134.079270
2793 -10.913542 -5.911640 133.971828
2794 -10.352601 -5.836144 133.971828
2795 -9.739444 -5.628189 134.025411
2796 -9.108507 -5.485403 134.025411
2817 -6.231740 -5.475373 134.934690
2818 -6.231740 -5.475373 134.934690
2819 -6.231740 -5.475373 134.934690
2820 -6.231740 -5.475373 134.934690
2821 -6.231740 -5.475373 134.934690
2822 -6.262567 -5.436640 134.934690
2823 -6.260476 -5.359629 135.124575
2824 -6.028623 -5.241559 135.124575
2825 -5.473740 -5.209057 135.124575
2826 -4.892399 -5.245761 135.124575
2827 -4.245725 -5.278152 135.124575
2866 6.880931 -4.203352 142.434444
2867 6.974014 -4.219464 142.434444
2868 6.974014 -4.219464 142.434444
2869 6.982738 -4.224352 142.434444
2870 6.982738 -4.224352 142.434444
2871 6.982738 -4.224352 142.434444
2872 6.982738 -4.224352 142.434444
2873 6.868785 -4.183739 142.434444
2874 6.770883 -3.912541 142.434444
2875 6.818851 -3.384152 142.434444
2876 6.957895 -2.891083 142.434444
2900 9.793556 5.375310 142.338789
2901 9.880765 5.238087 142.338789
2902 9.804944 4.808901 142.338789
2903 9.529506 4.264472 142.338789
2904 9.167659 3.764188 142.338789
2905 8.909298 3.333376 142.338789
2906 8.788964 3.086105 142.338789
2907 8.591287 2.648806 142.338789
2908 8.463949 2.314934 142.338789
2909 8.320224 2.040394 142.338789
2910 8.030368 1.555464 142.338789
2954 -1.283441 1.732424 142.338789
2955 -1.283441 1.732424 142.338789
2956 -1.283441 1.732424 142.338789
2957 -1.283441 1.732424 142.338789
2958 -1.283441 1.732424 142.338789
2959 -1.283441 1.732424 142.338789
2960 -1.290532 1.751104 142.338789
2961 -1.471149 1.876298 142.338789
2962 -1.970959 1.933919 142.338789
2963 -2.615739 1.918641 142.338789
2964 -3.260657 1.917857 142.338789
3010 -13.141547 17.011949 142.338789
3011 -13.787134 17.050327 142.338789
3012 -14.434616 17.050305 142.338789
3013 -15.081613 17.073342 142.338789
3014 -15.791219 17.136148 142.338789
3015 -16.435507 17.221895 142.338789
3016 -17.011012 17.311861 142.338789
3017 -17.649131 17.405779 142.338789
3018 -18.290975 17.491163 142.338789
3019 -18.934876 17.579930 142.338789
3020 -19.574528 17.662763 142.338789
3065 -45.367188 10.030745 142.338789
3066 -45.849964 9.847352 142.338789
3067 -46.542005 9.980981 142.338789
3068 -47.076878 10.211269 142.338789
3069 -47.668452 10.480579 142.338789
3070 -48.256136 10.746206 142.338789
3071 -48.868318 10.963661 142.338789
3072 -49.494067 11.129620 142.338789
3073 -50.125190 11.274117 142.338789
3074 -50.694991 11.395060 142.338789
3075 -51.391430 11.545447 142.338789
3121 -53.045473 11.788709 142.338789
3122 -53.045473 11.788709 142.338789
3123 -53.045473 11.788709 142.338789
3124 -53.045473 11.788709 142.338789
3125 -53.045473 11.788709 142.338789
3126 -53.068191 11.808293 142.338789
3127 -53.056562 11.909001 142.338789
3128 -52.873420 12.022800 142.338789
3129 -52.394178 12.090683 142.338789
3130 -51.766659 12.017126 142.338789
3131 -51.138479 11.860893 142.338789
3179 -22.635331 18.320065 142.338789
3180 -21.991287 18.386828 142.338789
3181 -21.346158 18.441144 142.338789
3182 -20.702254 18.478727 142.338789
3183 -20.058078 18.510869 142.338789
3184 -19.476006 18.533202 142.338789
3185 -18.764388 18.568458 142.338789
3186 -18.057825 18.604850 142.338789
3187 -17.476103 18.634911 142.338789
3188 -16.829780 18.673932 142.338789
3189 -16.183745 18.717447 142.338789
3237 9.133939 20.881512 142.338789
3238 9.133939 20.881512 142.338789
3239 9.133939 20.881512 142.338789
3240 9.174564 20.910501 142.338789
3241 9.198089 20.942110 142.338789
3242 9.203181 21.010488 142.338789
3243 9.182380 21.044269 142.338789
3244 9.035168 21.124767 142.338789
3245 8.596964 21.130149 142.338789
3246 7.963850 21.081261 142.338789
3247 7.317205 21.051404 142.338789
3274 1.673989 27.246884 142.338789
3275 1.673989 27.246884 142.338789
3276 1.784848 27.133001 142.338789
3277 1.805679 26.687253 142.338789
3278 1.725197 26.201516 142.338789
3279 1.645255 25.754985 142.338789
3280 1.633818 25.520264 142.338789
3281 1.613075 25.025707 142.338789
3282 1.618688 24.580742 142.338789
3283 1.613854 24.350795 142.338789
3284 1.611128 23.885866 142.338789
3333 -11.747882 6.245189 142.338789
3334 -11.750164 6.235453 142.338789
3335 -11.750164 6.235453 142.338789
3336 -11.858741 6.309928 142.338789
3337 -11.865305 6.697029 142.338789
3338 -11.663507 7.212829 142.338789
3339 -11.273939 7.723949 142.338789
3340 -10.840254 8.204729 142.338789
3341 -10.486005 8.656899 142.338789
3342 -10.322017 8.899035 142.338789
3343 -10.138604 9.220303 142.338789
3393 9.516695 24.026684 142.338789
3394 9.598266 24.273555 142.338789
3395 9.759143 24.757485 142.338789
3396 9.836428 24.986798 142.338789
3397 10.013462 25.300144 142.338789
3398 10.461329 25.738334 142.338789
3399 11.015307 25.898857 142.338789
3400 11.658258 25.921165 142.338789
3401 12.305651 25.914084 142.338789
3402 12.942297 25.946119 142.338789
3403 13.589521 25.947303 142.338789
3453 16.372291 25.408237 142.338789
3454 16.372291 25.408237 142.338789
3455 16.448743 25.473684 142.338789
3456 16.487055 25.843890 142.338789
3457 16.410366 26.357843 142.338789
3458 16.357248 26.481813 142.338789
3459 16.153041 26.905130 142.338789
3460 15.932908 27.441410 142.338789
3461 15.791574 27.873802 142.338789
3462 15.722022 28.028360 142.338789
3463 15.538946 28.367043 142.338789
3514 15.228808 29.124852 142.338789
3515 15.228808 29.124852 142.338789
3516 15.228808 29.124852 142.338789
3517 15.228808 29.124852 142.338789
3518 15.228808 29.124852 142.338789
3519 15.228808 29.124852 142.338789
3520 15.228808 29.124852 142.338789
3521 15.228808 29.124852 142.338789
3522 15.176743 29.122455 142.338789
3523 15.044260 28.959722 142.338789
3524 15.039207 28.422062 142.338789
3576 20.373519 19.379109 142.338789
3577 20.373519 19.379109 142.338789
3578 20.373519 19.379109 142.338789
3579 20.373519 19.379109 142.338789
3580 20.373519 19.379109 142.338789
3581 20.373519 19.379109 142.338789
3582 20.373519 19.379109 142.338789
3583 20.373519 19.379109 142.338789
3584 20.373519 19.379109 142.338789
3585 20.355225 19.371076 142.338789
3586 20.244593 19.188008 142.338789
3638 20.567298 6.764108 144.098060
3639 20.831618 6.520078 144.098060
3640 21.174746 6.024485 144.098060
3641 21.238006 5.840528 144.098060
3642 21.329445 5.461755 144.098060
3643 21.359731 5.168519 145.436346
3644 21.377851 4.814028 145.436346
3645 21.387410 4.274116 145.436346
3646 21.379291 3.771741 145.436346
3647 21.387418 3.647006 145.436346
3648 21.414399 3.177804 145.436346
3704 21.987832 -3.189835 145.258015
3705 21.987832 -3.189835 145.258015
3706 21.915703 -3.256385 145.258015
3707 21.781216 -3.219648 145.258015
3708 21.627216 -2.870986 145.258015
3709 21.579209 -2.393283 145.258015
3710 21.613583 -1.983039 145.258015
3711 21.702128 -1.675608 145.348721
3712 21.751511 -1.239361 145.348721
3713 21.741619 -0.889946 145.348721
3714 21.692919 -0.538404 145.348721
3771 25.345625 10.495224 145.258015
3772 25.345625 10.495224 145.258015
3773 25.444081 10.558466 145.258015
3774 25.489872 10.717999 145.258015
3775 25.341967 10.882757 145.258015
3776 24.920770 10.967674 145.258015
3777 24.224445 10.940463 145.258015
3778 23.512461 10.997490 145.258015
3779 22.933214 11.078820 145.258015
3780 22.289696 11.148877 145.258015
3781 21.715025 11.348094 145.258015
3839 26.449665 15.827026 145.258015
3840 26.449665 15.827026 145.258015
3841 26.537506 15.902352 145.258015
3842 26.603544 16.246596 145.258015
3843 26.571728 16.669886 145.258015
3844 26.495547 16.905113 145.258015
3845 26.389301 17.359312 145.258015
3846 26.365882 17.580575 145.258015
3847 26.336481 18.004460 145.258015
3848 26.320237 18.559203 145.258015
3849 26.315437 19.014125 145.258015
3907 27.849767 27.357935 145.258015
3908 27.949478 27.065722 145.258015
3909 27.907608 26.572911 145.258015
3910 27.832467 26.267666 145.258015
3911 27.701445 25.927013 145.258015
3912 27.575956 25.448638 145.258015
3913 27.517518 25.195885 145.258015
3914 27.370149 24.802821 145.258015
3915 27.303928 24.497825 145.258015
3916 27.237020 24.205684 145.258015
3917 27.101552 23.657461 145.258015
3948 9.071489 20.610434 145.258015
3949 8.428661 20.662596 145.258015
3950 7.846834 20.687263 145.258015
3951 7.200251 20.656811 145.258015
3952 6.558326 20.573211 145.258015
3953 5.982466 20.470232 145.258015
3954 5.280265 20.335657 145.258015
3955 4.639140 20.228738 145.258015
3956 4.000224 20.110088 145.258015
3957 3.373914 19.936833 145.258015
3958 2.759649 19.724563 145.258015
4017 -6.987544 11.168085 145.258015
4018 -6.987544 11.168085 145.258015
4019 -7.001711 11.154003 145.258015
4020 -7.078900 11.146709 145.258015
4021 -7.197482 11.301694 145.258015
4022 -7.270359 11.750233 145.258015
4023 -7.246267 12.127536 145.258015
4024 -7.148919 12.384497 145.258015
4025 -7.049842 12.914587 145.258015
4026 -7.006083 13.317185 145.258015
4027 -6.981141 13.570939 145.258015
4085 27.497971 21.608170 145.258015
4086 28.211790 21.580455 145.258015
4087 28.788922 21.486754 145.258015
4088 29.415327 21.323613 145.258015
4089 30.027916 21.106748 145.258015
4090 30.636503 20.885756 145.258015
4091 31.258761 20.698436 145.258015
4092 31.891131 20.548275 145.258015
4093 32.544871 20.265036 145.258015
4094 33.001394 19.945299 145.258015
4095 33.206437 19.785609 145.258015
4155 33.457633 19.530145 145.258015
4156 33.524406 19.215150 145.258015
4157 33.526873 18.855330 145.258015
4158 33.475858 18.649061 145.258015
4159 33.372631 18.131933 145.258015
4160 33.296285 17.587260 145.258015
4161 33.235605 17.151699 145.258015
4162 33.123276 16.641462 145.258015
4163 33.041603 16.425524 145.258015
4164 32.922809 16.002867 145.258015
4165 32.882785 15.594964 145.258015
4225 32.457734 6.306342 145.258015
4226 32.456539 6.296413 145.258015
4227 32.403583 6.228729 145.258015
4228 32.316658 6.232987 145.258015
4229 32.191309 6.492917 145.258015
4230 32.145792 6.993833 145.258015
4231 32.220257 7.357535 145.258015
4232 32.345845 7.906738 145.258015
4233 32.367949 8.146247 145.258015
4234 32.342431 8.580498 145.258015
4235 32.325197 9.040155 145.258015
4296 33.258994 27.624762 145.258015
4297 33.311776 27.430641 145.258015
4298 33.208389 26.889474 145.258015
4299 32.957455 26.347596 145.258015
4300 32.869960 26.238631 145.258015
4301 32.595509 25.914226 145.258015
4302 32.249582 25.391448 145.258015
4303 32.177825 25.240402 145.258015
4304 32.124040 24.860448 145.258015
4305 32.094324 24.278928 145.258015
4306 32.160193 23.875788 145.258015
4368 39.264623 28.000802 145.258015
4369 39.292906 27.746001 145.258015
4370 39.113805 27.226771 145.258015
4371 38.846257 26.796459 145.258015
4372 38.531460 26.429335 145.258015
4373 38.186048 25.867902 145.258015
4374 37.964433 25.421214 145.258015
4375 37.843780 25.213759 145.258015
4376 37.631694 24.751367 145.258015
4377 37.565963 24.477221 145.258015
4378 37.488828 24.044096 145.258015
4440 21.474714 3.158164 145.258015
4441 21.461494 2.663399 145.258015
4442 21.430533 2.322474 145.258015
4443 21.437768 2.072589 145.258015
4444 21.468132 1.606211 145.258015
4445 21.516994 1.180282 145.258015
4446 21.537784 0.906074 145.258015
4447 21.562551 0.454395 145.258015
4448 21.560395 0.091902 145.258015
4449 21.558908 -0.158094 145.258015
4450 21.555934 -0.658085 145.258015
4512 22.866990 -9.537615 152.073044
4513 23.191375 -9.581737 152.073044
4514 23.777860 -9.547736 152.073044
4515 24.422388 -9.523094 152.073044
4516 25.069605 -9.505387 152.073044
4517 25.777071 -9.499947 152.073044
4518 26.419566 -9.502469 152.073044
4519 27.127061 -9.505246 152.073044
4520 27.706967 -9.498395 152.073044
4521 28.354155 -9.480131 152.073044
4522 29.066411 -9.494789 152.073044
4586 32.439106 -10.242989 152.073044
4587 32.439106 -10.242989 152.073044
4588 32.439106 -10.242989 152.073044
4589 32.366360 -10.219785 152.073044
4590 32.241460 -9.946339 152.073044
4591 32.483005 -9.441951 152.073044
4592 32.992067 -8.942499 152.073044
4593 33.613665 -8.598790 152.073044
4594 34.307846 -8.446420 152.073044
4595 34.954540 -8.432670 152.073044
4597 35.661140 -8.498925 152.073044
4661 38.649497 -9.039691 154.350157
4662 38.704973 -8.990140 154.350157
4663 38.754328 -8.777933 154.350157
4664 38.516905 -8.544287 154.350157
4666 37.742137 -8.454884 154.350157
4667 37.094694 -8.451452 154.350157
4668 36.319046 -8.400975 154.459868
4669 35.480239 -8.357811 154.459868
4670 34.772821 -8.348119 154.350157
4671 34.065323 -8.348949 154.350157
4673 33.295327 -8.351247 154.350157
4737 19.636382 11.012435 154.292744
4739 19.462148 11.502345 154.292744
4740 19.320835 11.743788 154.292744
4741 19.083952 12.178344 154.292744
4742 18.975576 12.392469 154.292744
4743 18.926476 12.493688 154.292744
4744 18.856543 12.602072 154.292744
4745 18.661236 12.689151 154.292744
4747 18.206631 12.738423 154.292744
4748 17.442615 12.674859 154.292744
4749 16.776987 12.417869 154.292744
4814 -7.193177 -4.607799 154.292744
4815 -7.815568 -4.420738 154.292744
4816 -8.484199 -4.167981 154.292744
4817 -9.146625 -3.898956 154.292744
4818 -9.920387 -3.559473 154.292744
4820 -10.520971 -3.311147 154.292744
4821 -11.193308 -3.067960 154.292744
4822 -11.945541 -2.872808 154.292744
4823 -12.660864 -2.574434 154.292744
4824 -13.208889 -2.120448 154.292744
4825 -13.764461 -1.583729 154.292744
4890 -29.703796 -2.043879 154.292744
4891 -29.715037 -2.328659 154.292744
4892 -29.893531 -2.789373 154.292744
4893 -30.253472 -3.320620 154.292744
4894 -30.633289 -3.826368 154.292744
4895 -31.003069 -4.314633 154.292744
4896 -31.409350 -4.815349 154.292744
4897 -31.906892 -5.230237 154.292744
4898 -32.403297 -5.535011 154.292744
4899 -33.019240 -5.898071 154.292744
4900 -33.617341 -6.284767 154.292744
4967 -34.451000 -7.124569 154.292744
4968 -34.207919 -7.184092 154.292744
4969 -33.693715 -7.032720 154.292744
4970 -33.197795 -6.615129 154.292744
4971 -32.655476 -6.153904 154.292744
4972 -32.076005 -5.863914 154.292744
4973 -31.513648 -5.713938 154.292744
4974 -30.877697 -5.606625 154.292744
4975 -30.239061 -5.486401 154.350157
4976 -29.608707 -5.328149 154.350157
4977 -28.916841 -5.147852 154.350157
5047 -24.216542 -3.791027 154.350157
5048 -24.200861 -3.822294 154.350157
5049 -24.190118 -3.896286 154.350157
5050 -24.383012 -4.254920 154.350157
5051 -24.984832 -4.599780 154.350157
5052 -25.586744 -4.843967 154.350157
5053 -26.148534 -5.006573 154.350157
5054 -26.770971 -5.184456 154.350157
5055 -27.246480 -5.397594 154.350157
5056 -27.634441 -5.845227 154.350157
5057 -27.790750 -6.351666 154.350157
5126 -28.912294 -21.993084 158.649207
5127 -28.912294 -21.993084 158.649207
5128 -28.960324 -22.049275 158.649207
5129 -29.247321 -22.081348 158.649207
5130 -29.694912 -21.597207 158.649207
5131 -29.772170 -21.330785 158.649207
5132 -29.842898 -21.049607 158.649207
5133 -29.982968 -20.595765 158.649207
5134 -30.132355 -20.235583 158.649207
5135 -30.176575 -20.020145 158.649207
5136 -30.285912 -19.553052 158.610879
5177 -39.926290 -18.490278 158.649207
5178 -39.926290 -18.490278 158.649207
5179 -39.926290 -18.490278 158.649207
5180 -39.926290 -18.490278 158.649207
5181 -39.926290 -18.490278 158.649207
5182 -39.926290 -18.490278 158.649207
5183 -39.931444 -18.423130 158.649207
5184 -39.809918 -18.306858 158.649207
5185 -39.332540 -18.234721 158.649207
5186 -38.630909 -18.295360 158.649207
5187 -38.055697 -18.369614 158.649207
5264 -36.704449 -25.678732 159.430897
5265 -36.522726 -25.801507 159.430897
5266 -36.139857 -25.908930 159.430897
5267 -35.524264 -25.769744 159.430897
5268 -34.982491 -25.411776 159.430897
5269 -34.384648 -25.020240 159.430897
5270 -33.809569 -24.717470 159.430897
5271 -33.280077 -24.468879 159.430897
5272 -32.679577 -24.220132 159.430897
5273 -32.092254 -23.966278 159.430897
5274 -31.560663 -23.628100 159.430897
5353 -43.470306 -12.624682 159.498122
5354 -43.470306 -12.624682 159.498122
5355 -43.470306 -12.624682 159.498122
5356 -43.497234 -12.637678 159.498122
5357 -43.612874 -12.606472 159.498122
5358 -43.708113 -12.303622 159.498122
5359 -43.619459 -11.740326 159.498122
5360 -43.310801 -11.306358 159.498122
5361 -42.906641 -10.901299 159.498122
5362 -42.737515 -10.566943 159.498122
5363 -42.682370 -10.395610 159.498122
5445 -46.712135 1.251730 159.498122
5446 -46.500022 1.000000 159.498122
5447 -46.243582 0.564997 159.498122
5448 -45.882303 -0.013805 159.498122
5449 -45.657317 -0.347481 159.498122
5450 -45.529421 -0.550505 159.498122
5451 -45.241372 -0.971349 159.498122
5452 -44.806944 -1.532564 159.498122
5453 -44.534077 -1.874345 159.498122
5454 -44.240710 -2.312312 159.498122
5455 -44.023145 -2.778395 159.498122
5538 -30.000797 -31.219725 165.363633
5539 -30.019115 -31.609096 166.456514
5540 -30.074733 -32.136169 166.456514
5541 -30.112110 -32.307113 166.456514
5542 -30.156154 -32.779401 167.702269
5543 -30.144151 -33.279188 167.702269
5544 -30.106099 -33.672132 167.702269
5545 -30.089612 -33.976536 167.702269
5546 -30.079892 -34.356411 168.767921
5547 -30.067225 -34.881258 168.767921
5548 -30.043640 -35.059701 168.767921
5593 -28.926025 -44.588903 180.658936
5594 -28.926025 -44.588903 180.658936
5595 -28.926025 -44.588903 180.658936
5596 -28.926025 -44.588903 180.658936
5597 -28.926025 -44.588903 181.089511
5598 -28.936061 -44.515581 181.089511
5599 -29.094000 -44.402788 181.089511
5600 -29.546667 -44.489523 181.089511
5601 -30.113325 -44.798346 181.089511
5602 -30.556976 -45.179362 181.089511
5603 -31.076976 -45.670041 181.089511
5692 -39.372360 -52.288604 185.200030
5693 -39.372360 -52.288604 185.200030
5694 -39.372360 -52.288604 185.200030
5695 -39.372360 -52.288604 185.200030
5696 -39.372360 -52.288604 185.200030
5697 -39.382370 -52.260402 185.370578
5698 -39.531550 -52.154559 185.370578
5699 -39.968961 -52.257258 185.370578
5700 -40.312169 -52.773619 185.370578
5701 -40.342121 -52.910362 185.370578
5702 -40.459615 -53.318662 185.370578
5756 -47.690061 -60.864033 185.384927
5757 -47.690061 -60.864033 185.384927
5758 -47.690061 -60.864033 185.384927
5759 -47.690061 -60.864033 185.384927
5760 -47.707652 -60.854569 185.384927
5761 -47.798802 -60.637125 185.384927
5762 -47.596240 -60.248583 185.384927
5763 -47.033427 -59.810361 185.384927
5764 -46.377807 -59.534268 185.384927
5765 -45.835540 -59.315553 185.384927
5766 -45.268025 -58.999241 185.384927
5820 -36.162896 -38.004806 185.370578
5821 -36.180006 -37.994480 185.370578
5822 -36.212593 -37.945074 185.370578
5823 -36.104827 -37.822045 185.370578
5824 -35.680423 -37.780841 185.370578
5825 -34.980458 -37.838779 185.370578
5826 -34.396127 -37.835098 185.370578
5827 -33.755369 -37.728939 185.370578
5828 -33.128549 -37.566770 185.370578
5829 -32.494416 -37.424564 185.370578
5830 -31.791393 -37.294333 185.370578
5932 -20.087386 -32.577186 185.370578
5933 -20.087386 -32.577186 185.370578
5934 -20.135039 -32.685380 185.370578
5935 -20.534376 -32.799709 185.370578
5936 -21.096165 -32.809314 185.370578
5937 -21.746063 -32.805058 185.370578
5938 -22.388199 -32.863576 185.370578
5939 -23.025509 -32.961573 185.370578
5940 -23.718242 -33.127779 185.370578
5941 -24.349316 -33.283396 185.370578
5942 -24.915659 -33.419617 185.370578
6045 -54.797064 -64.521812 185.399491
6046 -54.797064 -64.521812 185.399491
6047 -54.754359 -64.508239 185.399491
6048 -54.634494 -64.313146 185.399491
6049 -54.682779 -63.814268 185.399491
6050 -54.736462 -63.648434 185.399491
6051 -54.885859 -63.310010 185.399491
6052 -54.976712 -62.972736 185.399491
6053 -55.025268 -62.636272 185.399491
6054 -55.067802 -62.012939 185.399491
6055 -55.061491 -61.893106 185.399491
6160 -56.236099 -55.692220 185.399491
6161 -56.189607 -55.710374 185.399491
6162 -56.011374 -55.729559 185.399491
6163 -55.917073 -55.718675 185.399491
6164 -55.837220 -55.699250 185.399491
6165 -55.761992 -55.623841 185.399491
6166 -55.706426 -55.414741 185.399491
6167 -55.670324 -54.906221 185.399491
6168 -55.604151 -54.507174 185.399491
6169 -55.457561 -54.008548 185.399491
6170 -55.249285 -53.510665 185.399491
6277 -21.222926 -52.207363 186.396811
6278 -21.138500 -52.289080 186.396811
6279 -20.974426 -52.406507 186.396811
6280 -20.643438 -52.506140 186.396811
6281 -20.026397 -52.510083 186.396811
6282 -19.379158 -52.496364 186.396811
6283 -18.734910 -52.520371 186.396811
6284 -18.091659 -52.612254 186.396811
6285 -17.455655 -52.745811 186.396811
6286 -16.890125 -52.895203 186.396811
6287 -16.209256 -53.112953 186.396811
6394 -11.336954 -55.502174 186.396811
6395 -11.336954 -55.502174 186.396811
6396 -11.406023 -55.607262 186.396811
6397 -11.786250 -55.644389 186.396811
6398 -12.434217 -55.402478 186.396811
6399 -12.936937 -55.103570 186.396811
6400 -13.524316 -54.696036 186.396811
6401 -14.066956 -54.338490 186.396811
6402 -14.576019 -54.050336 186.396811
6403 -15.130335 -53.711264 186.396811
6404 -15.684382 -53.371593 186.396811
6514 -16.673810 -45.195568 186.396811
6515 -16.673810 -45.195568 186.396811
6516 -16.704053 -45.231806 186.396811
6517 -16.947338 -45.276671 186.396811
6518 -17.538172 -45.130393 186.396811
6519 -18.206737 -44.877338 186.396811
6520 -18.738335 -44.633351 186.396811
6521 -19.305488 -44.321043 186.396811
6522 -19.891207 -44.063317 186.396811
6523 -20.533762 -44.026904 186.396811
6524 -21.176456 -44.123357 186.396811
6636 -7.234446 -48.154643 186.411510
6637 -7.234446 -48.154643 186.411510
6638 -7.234446 -48.154643 186.411510
6639 -7.234446 -48.154643 186.411510
6640 -7.234446 -48.154643 186.411510
6641 -7.220927 -48.086363 186.411510
6642 -7.243019 -48.011228 186.411510
6643 -7.404341 -47.881057 186.411510
6644 -7.826627 -47.893516 186.411510
6645 -8.340905 -48.366878 186.411510
6646 -8.700310 -48.952924 186.411510
6759 -29.247998 -68.677865 205.075234
6760 -29.176875 -68.897687 205.075234
6761 -29.163681 -69.346731 205.075234
6762 -29.214707 -69.584404 205.075234
6763 -29.347497 -70.039892 205.075234
6764 -29.392663 -70.512232 205.138128
6765 -29.383574 -70.819172 205.138128
6766 -29.340827 -71.146298 205.138128
6767 -29.319988 -71.704547 205.923509
6768 -29.304795 -71.912432 205.923509
6769 -29.273818 -72.295958 205.923509
6829 -30.057805 -84.232872 220.495469
6830 -30.057805 -84.232872 220.495469
6831 -30.057805 -84.232872 220.495469
6832 -30.138785 -84.284555 220.495469
6833 -30.287866 -84.196063 220.495469
6834 -30.374956 -83.856802 220.495469
6835 -30.365601 -83.253141 220.495469
6836 -30.317957 -82.765539 220.495469
6837 -30.312141 -82.265764 220.507532
6838 -30.347290 -81.998551 220.507532
6839 -30.460972 -81.589091 220.507532
6904 -40.599565 -76.110751 220.495469
6905 -40.599565 -76.110751 220.495469
6906 -40.599565 -76.110751 220.495469
6907 -40.639117 -76.114716 220.495469
6908 -40.728121 -76.055506 220.495469
6909 -40.724385 -75.957300 220.495469
6910 -40.459580 -75.818899 220.495469
6911 -40.004100 -75.745652 220.495469
6912 -39.359156 -75.774206 220.495469
6913 -38.725471 -75.905241 220.495469
6914 -38.092722 -76.053928 220.495469
7040 -22.515500 -91.044891 223.489444
7041 -22.515500 -91.044891 223.489444
7042 -22.580924 -91.101228 223.489444
7043 -22.946197 -91.089105 223.489444
7044 -23.512249 -90.846249 223.489444
7045 -24.072366 -90.517157 223.489444
7046 -24.587950 -90.121422 223.489444
7047 -25.088257 -89.722337 223.489444
7048 -25.647129 -89.385052 223.489444
7049 -26.208292 -89.246459 223.489444
7050 -26.828078 -89.201338 223.489444
7180 -29.902605 -101.807655 238.023217
7181 -29.904352 -101.817501 238.023217
7182 -30.039672 -101.940671 238.023217
7183 -30.418700 -102.041014 238.023217
7184 -31.110952 -102.000762 238.023217
7185 -31.814241 -101.871932 238.023217
7186 -32.324887 -101.788184 238.023217
7187 -33.093802 -101.691621 238.023217
7188 -33.738142 -101.628268 238.202460
7189 -34.319031 -101.585143 238.202460
7190 -34.962585 -101.542091 238.202460
