7 -45.500000 116.000000 0.000000
8 -45.581043 116.058582 7.406079
9 -45.815653 116.178916 7.406079
10 -46.216294 116.202827 7.406079
11 -46.723690 115.950638 7.406079
12 -47.133733 115.394127 8.324062
13 -47.426424 114.910900 8.324062
14 -47.876263 114.286918 12.812885
15 -48.253092 113.849349 13.566503
16 -48.690573 113.368663 13.566503
17 -49.143039 112.902005 13.520725
18 -49.542802 112.461769 13.520725
19 -49.644226 112.309437 13.520725
20 -49.676863 112.013677 13.800363
21 -49.504740 111.657178 18.272658
22 -49.066649 111.438384 18.428511
23 -48.492836 111.358526 18.428511
24 -47.846293 111.292751 18.428511
25 -47.081637 111.140297 19.023407
26 -46.516545 110.989316 20.303941
27 -45.962843 110.800690 20.303941
28 -45.361390 110.554521 20.666157
29 -44.658897 110.215938 21.763502
30 -44.173263 109.942250 21.763502
31 -43.641442 109.728097 23.020209
32 -43.006405 109.616923 23.821210
33 -42.240425 109.500047 23.821210
34 -41.670801 109.367780 24.750960
35 -41.110114 109.201089 24.750960
36 -40.434165 108.976022 25.707782
37 -39.816581 108.781834 26.609210
38 -39.259699 108.619847 26.609210
39 -38.643379 108.421438 27.789387
40 -37.901128 108.190151 28.764736
41 -37.345512 108.015362 28.764736
42 -36.773872 107.912089 29.650802
43 -36.126456 107.907383 29.650802
44 -35.352321 107.882455 30.190231
45 -34.773803 107.796733 30.190231
46 -34.203432 107.678649 30.190231
47 -33.569526 107.534991 30.190231
48 -32.809545 107.359437 30.190231
49 -32.240520 107.234977 33.163987
50 -31.605084 107.110579 33.729068
51 -31.033733 106.985006 33.729068
52 -30.401941 106.832286 33.729068
53 -30.216921 106.731832 33.729068
54 -30.029435 106.425339 33.941863
55 -29.872169 106.005598 34.429204
56 -29.765199 105.506970 34.429204
57 -29.714796 105.234089 34.625569
58 -29.602430 104.798616 34.625569
59 -29.471226 104.426251 34.625569
60 -29.351567 104.218235 35.861540
61 -29.132692 103.757746 35.861540
62 -28.856508 103.125443 35.861540
63 -28.633750 102.584707 37.311795
64 -28.570593 102.374595 37.311795
65 -28.601394 102.066345 37.311795
66 -28.642779 101.598263 38.196467
67 -28.646607 101.048409 38.196467
68 -28.624414 100.654429 38.196467
69 -28.585280 100.387382 39.268436
70 -28.566066 99.887871 39.268436
71 -28.560787 99.577999 39.268436
72 -28.533617 99.314432 40.071562
73 -28.517383 98.694700 40.071562
74 -28.509168 98.064755 41.233119
75 -28.519519 97.755060 41.233119
76 -28.555973 97.376815 42.130394
77 -28.576012 97.167774 42.130394
78 -28.603705 96.608563 42.130394
79 -28.607134 96.153588 43.032198
80 -28.603680 95.688601 43.032198
81 -28.588197 95.273982 44.022382
82 -28.548423 94.933820 44.022382
83 -28.524665 94.542088 44.022382
84 -28.499519 94.338640 44.788951
85 -28.470298 93.619459 45.786571
86 -28.478494 93.519807 45.786571
87 -28.535526 93.210135 45.786571
88 -28.591600 92.874932 45.786571
89 -28.598816 92.637560 45.786571
90 -28.585693 92.017796 46.863313
91 -28.554008 91.522646 46.863313
92 -28.531919 91.060690 47.707967
93 -28.514115 90.641067 47.707967
94 -28.508120 90.228689 48.709035
95 -28.482605 89.887162 48.709035
96 -28.461080 89.037478 49.562588
97 -28.462211 88.942485 49.562588
98 -28.479915 88.633320 49.562588
99 -28.549406 88.388046 50.566492
100 -28.615450 87.903045 50.566492
101 -28.620989 87.493658 50.566492
102 -28.587726 87.185492 51.428106
103 -28.573755 86.775837 51.428106
104 -28.577217 86.565866 51.428106
105 -28.586776 85.985945 52.177103
106 -28.588047 85.716050 52.177103
108 -28.568694 84.921619 53.101508
109 -28.607864 84.423949 53.101508
110 -28.697252 83.921895 54.177580
111 -28.727617 83.631260 54.177580
112 -28.733306 83.316311 55.056790
113 -28.741940 82.796384 55.056790
114 -28.753649 82.316590 55.056790
115 -28.754033 82.031888 56.132434
116 -28.728058 81.718005 56.132434
117 -28.715349 81.198173 56.132434
118 -28.719758 80.728305 57.015876
120 -28.744242 79.829439 58.028012
121 -28.782169 79.336096 58.028012
122 -28.836917 78.879379 58.978387
123 -28.877527 78.637800 58.978387
124 -28.909712 78.219186 58.978387
125 -28.899426 77.764456 59.930377
126 -28.882845 77.264839 59.930377
127 -28.885607 76.829855 60.824421
128 -28.894180 76.617531 60.824421
129 -28.901087 76.162595 60.824421
130 -28.887787 75.757853 61.722363
134 -28.855496 74.404273 62.760259
135 -28.874447 73.880822 62.760259
136 -28.916242 73.662933 63.721662
137 -29.009982 73.415116 63.721662
138 -29.117022 72.948026 64.738321
139 -29.124357 72.712973 64.738321
140 -29.059573 72.404776 65.424844
141 -29.017865 71.886821 65.424844
142 -29.017821 71.554394 65.424844
143 -29.027819 71.239553 66.279485
144 -29.040786 70.734725 66.279485
148 -29.015627 69.282653 68.261630
149 -29.040464 69.071789 68.261630
150 -29.139312 68.650755 68.261630
151 -29.189657 68.347720 68.261630
152 -29.201474 68.032975 69.125756
153 -29.201874 67.568042 69.125756
154 -29.193069 67.358226 70.194374
155 -29.176018 66.908558 70.194374
156 -29.169324 66.528658 70.194374
157 -29.176062 66.263744 71.063142
158 -29.188185 65.758890 71.063142
162 -29.200545 64.149084 73.051832
163 -29.220393 63.784970 73.051832
164 -29.258911 63.472368 73.051832
165 -29.299421 63.114665 74.118892
166 -29.342575 62.556424 74.118892
167 -29.354778 62.086610 74.118892
168 -29.346544 61.796976 74.994468
169 -29.326130 61.477668 74.994468
170 -29.315102 60.922780 76.013487
171 -29.327210 60.753212 76.013487
172 -29.339828 60.293549 76.013487
177 -29.272502 58.153293 78.951949
178 -29.301118 57.947084 78.951949
179 -29.415864 57.637685 78.951949
180 -29.571409 57.110580 78.951949
181 -29.575387 56.947372 79.971559
182 -29.486027 56.593540 79.971559
183 -29.420931 56.037896 80.753020
184 -29.422025 55.578082 80.753020
185 -29.434604 55.363610 80.753020
186 -29.453253 55.004153 81.730351
187 -29.455741 54.459206 81.730351
193 -29.405187 51.875472 84.781191
194 -29.436253 51.437060 84.781191
195 -29.493829 51.000903 84.781191
196 -29.514658 50.698526 85.840843
197 -29.484061 50.339828 85.840843
198 -29.447216 49.851242 86.820794
199 -29.423824 49.231696 86.820794
200 -29.424581 48.996744 87.723716
201 -29.430669 48.676808 87.723716
202 -29.422130 48.354633 87.723716
203 -29.379915 47.911917 88.743508
210 -29.352825 45.421438 91.777177
211 -29.364833 44.986806 91.777177
212 -29.447378 44.377407 91.777177
213 -29.473918 44.111392 91.777177
214 -29.475991 43.883901 92.796823
215 -29.480412 43.398921 92.796823
216 -29.478151 42.956636 92.796823
217 -29.444055 42.688804 93.816471
218 -29.420821 42.239537 93.816471
219 -29.416275 41.862100 94.800476
220 -29.426173 41.522244 94.800476
228 -29.438645 38.391461 97.895099
229 -29.414746 38.147989 97.895099
230 -29.471461 37.646444 98.878968
231 -29.501882 37.426040 98.878968
232 -29.537966 37.062935 98.878968
233 -29.537671 36.543071 99.863158
234 -29.520623 36.208676 99.863158
235 -29.481653 35.875991 100.812947
236 -29.457383 35.554492 100.812947
237 -29.446049 35.174661 100.812947
238 -29.431582 34.689877 100.812947
247 -29.333270 31.034028 100.990348
248 -29.355792 30.831599 100.990348
249 -29.461206 30.384130 100.990348
250 -29.496162 30.011043 100.990348
251 -29.449870 29.811804 101.101387
252 -29.349207 29.332886 101.101387
253 -29.336423 29.078531 101.101387
254 -29.307832 28.720093 101.101387
255 -29.227781 28.312921 101.101387
256 -29.172297 28.069159 101.101387
257 -29.058621 27.654613 101.139163
268 -28.207249 23.888960 104.961757
269 -28.170192 23.435751 104.961757
270 -28.303953 22.873123 104.961757
271 -28.899350 22.388621 104.961757
272 -29.443125 22.174089 104.961757
273 -30.066890 21.991379 104.961757
274 -30.676594 21.768207 104.961757
275 -31.240511 21.446039 104.961757
276 -31.765805 21.063422 105.700759
277 -32.278709 20.664144 105.700759
278 -32.785547 20.257190 107.701673
289 -37.413787 16.180414 117.460847
290 -37.520400 15.937963 117.460847
291 -37.606817 15.497744 117.460847
292 -37.613405 15.228211 117.460847
293 -37.563605 14.917212 117.460847
294 -37.524375 14.293705 117.460847
295 -37.516110 13.848783 117.460847
296 -37.515574 13.493854 117.460847
297 -37.524683 13.229010 117.492853
298 -37.542315 12.614270 117.492853
299 -37.541762 12.394322 117.492853
306 -37.494817 9.668399 117.526212
307 -37.499870 9.268896 117.526212
308 -37.555357 9.076772 117.543398
309 -37.635785 8.624653 117.543398
310 -37.630842 8.025580 117.543398
311 -37.543305 7.497964 117.615520
312 -37.401497 7.018932 117.615520
313 -37.209795 6.540974 117.653604
314 -37.031648 6.127742 117.653604
315 -36.964185 5.918343 117.713255
316 -36.782889 5.341408 117.713255
327 -34.946167 1.306461 125.060827
328 -34.743583 1.065269 125.060827
329 -34.320990 0.661961 125.060827
330 -33.709681 0.293936 125.060827
331 -33.171636 0.064468 125.060827
332 -32.577728 -0.199418 125.060827
333 -31.996306 -0.484259 125.060827
334 -31.430491 -0.803978 124.835614
335 -30.902639 -1.182806 133.883720
336 -30.389527 -1.581784 133.883720
337 -29.893482 -2.001758 137.564714
345 -26.265897 -5.218831 141.453917
346 -26.241449 -5.299673 141.453917
347 -26.287489 -5.463889 141.453917
348 -26.449745 -5.552388 141.453917
349 -26.714558 -5.543843 141.453917
350 -26.779559 -5.543805 141.453917
351 -26.866465 -5.505434 141.453917
352 -27.108176 -5.410047 141.453917
353 -27.376898 -5.353572 141.453917
354 -27.561568 -5.344595 141.453917
355 -27.661455 -5.349222 141.516962
371 -28.134845 -9.110099 145.989214
372 -28.179046 -9.633230 145.989214
373 -28.205492 -9.932034 145.989214
374 -28.235623 -10.240534 145.989214
375 -28.256601 -10.775059 146.933899
376 -28.254267 -11.254958 146.933899
377 -28.240987 -11.764685 146.933899
378 -28.244310 -12.054531 147.998685
379 -28.254416 -12.369332 147.998685
380 -28.250833 -12.829225 148.920015
381 -28.236136 -13.313905 148.920015
397 -29.090530 -19.660800 156.050796
398 -29.141840 -20.037057 156.050796
399 -29.145570 -20.302031 156.050796
400 -29.138300 -20.746910 156.938366
401 -29.104484 -21.200642 156.938366
402 -29.105112 -21.410632 156.938366
403 -29.100706 -21.870611 157.995730
404 -29.108904 -22.370508 157.995730
405 -29.100713 -22.580348 157.995730
406 -29.084474 -22.990026 159.032861
407 -29.072551 -23.454847 159.032861
418 -29.049458 -27.396792 163.187901
419 -29.090632 -27.754236 164.141557
420 -29.162347 -28.259102 164.141557
421 -29.156358 -28.391323 164.141557
422 -29.111671 -28.778753 165.177150
423 -29.080773 -29.089635 165.177150
424 -29.051378 -29.380610 165.177150
425 -28.962690 -29.867487 166.131427
426 -28.912578 -30.020373 166.131427
427 -28.767346 -30.403784 166.131427
428 -28.557164 -30.949652 167.166656
439 -28.016970 -35.083925 171.186597
440 -28.054952 -35.300430 171.186597
441 -28.119008 -35.725521 171.186597
442 -28.158169 -36.284006 172.141485
443 -28.152820 -36.768916 172.141485
444 -28.149168 -36.983885 173.196567
445 -28.141992 -37.406324 173.196567
446 -28.135679 -37.824995 173.196567
447 -28.147557 -38.067192 174.211742
448 -28.154260 -38.514629 174.211742
449 -28.139555 -39.011807 174.211742
470 -28.262363 -46.844412 183.308732
471 -28.314421 -47.336074 183.308732
472 -28.377654 -47.791695 183.308732
473 -28.408396 -47.986787 183.308732
474 -28.448617 -48.394672 184.323116
475 -28.462502 -48.949427 184.323116
476 -28.418618 -49.185269 184.323116
477 -28.376362 -49.638047 185.318675
478 -28.380858 -49.767969 185.318675
479 -28.392253 -50.137791 186.440476
480 -28.397017 -50.667713 186.440476
495 -28.391528 -55.935844 191.492170
496 -28.375622 -56.185330 191.492170
497 -28.403450 -56.618877 192.488055
498 -28.482072 -57.087212 192.488055
499 -28.523984 -57.308237 193.502070
500 -28.561083 -57.726397 193.502070
501 -28.559882 -58.038368 193.502070
502 -28.530343 -58.349391 194.479951
503 -28.514377 -58.999165 194.479951
504 -28.515745 -59.210370 194.479951
505 -28.524554 -59.500236 195.622727
520 -28.789591 -65.006300 200.523443
521 -28.842672 -65.291160 200.523443
522 -28.872378 -65.830097 201.719735
523 -28.857462 -65.988801 201.719735
524 -28.825250 -66.347086 201.719735
525 -28.814549 -66.886968 202.716677
526 -28.817753 -67.139398 202.716677
527 -28.828260 -67.479235 202.716677
528 -28.842323 -68.029051 203.729260
529 -28.835209 -68.211279 203.729260
530 -28.819122 -68.620903 204.726186
547 -29.168790 -74.819796 210.954145
548 -29.265626 -75.237670 210.954145
549 -29.252700 -75.575501 210.954145
550 -29.161887 -75.866638 210.954145
551 -29.073613 -76.352912 211.860453
552 -29.081865 -76.606476 212.458870
553 -29.127541 -76.983671 212.458870
554 -29.145575 -77.310543 212.458870
555 -29.148609 -77.625527 213.456252
556 -29.149238 -78.115525 213.456252
557 -29.144090 -78.410327 213.456252
576 -29.969925 -85.318796 220.481318
577 -30.017527 -85.730630 221.493231
578 -30.025246 -86.140450 221.493231
579 -29.995013 -86.388611 221.493231
580 -29.971073 -86.827808 222.505217
581 -29.974702 -87.162675 222.505217
582 -29.963950 -87.492459 222.505217
583 -29.960684 -87.877439 223.603693
584 -29.983601 -88.091206 223.603693
585 -30.005465 -88.540597 223.603693
586 -30.006823 -88.920506 224.588182
622 -31.273103 -99.914576 236.339103
623 -31.191767 -100.368241 236.339103
624 -31.255803 -100.979470 236.389196
625 -31.328847 -101.387960 236.389196
626 -31.346554 -101.602225 236.726280
627 -31.380912 -102.060919 237.761081
629 -31.396939 -102.535538 237.761081
630 -31.379274 -102.840024 237.761081
631 -31.366034 -103.419859 238.746836
632 -31.370938 -103.762100 238.746836
633 -31.388955 -104.226614 238.910552
657 -30.861108 -110.348633 238.910552
658 -30.953725 -110.762129 238.910552
659 -30.950877 -111.141444 238.910552
660 -30.851899 -111.471886 238.910552
661 -30.761871 -111.927716 238.910552
662 -30.725404 -112.255612 238.910552
663 -30.705059 -112.514800 238.910552
664 -30.597813 -113.134951 238.910552
665 -30.418207 -113.628951 238.910552
666 -30.258133 -113.923079 238.910552
667 -30.194139 -114.117816 238.910552
