6 -44.500000 111.000000 0.000000
7 -44.419410 111.016445 20.009249
8 -44.180414 110.944382 20.009249
9 -43.933962 110.564297 20.180437
10 -43.736272 110.048404 20.180437
11 -43.655227 109.882169 20.640010
12 -43.442291 109.485776 20.640010
13 -43.115892 108.955891 21.220038
14 -42.979309 108.758693 21.220038
15 -42.770742 108.477734 21.914608
16 -42.562206 108.019835 21.914608
17 -42.503438 107.807834 21.914608
18 -42.445595 107.621617 22.610839
19 -42.404125 107.598682 22.610839
20 -42.084649 107.575819 22.881653
21 -41.610041 107.899524 22.881653
22 -41.386999 108.340251 23.326595
23 -41.326017 108.509549 23.326595
24 -41.129523 108.996345 23.771622
25 -40.873697 109.499952 23.771622
26 -40.515019 110.017116 23.771622
27 -40.117317 110.492666 23.940970
28 -39.687920 110.980618 24.232417
29 -39.416140 111.270599 24.232417
30 -39.254873 111.468108 24.588006
31 -39.002529 111.909111 24.588006
32 -38.890625 112.334457 24.588006
33 -38.867227 112.502811 24.588006
34 -38.763642 112.940578 24.588006
35 -38.644656 113.431336 24.588006
36 -38.585016 113.585110 24.588006
37 -38.391102 113.957594 24.588006
38 -38.208077 114.411567 24.588006
39 -38.153711 114.622159 24.444427
40 -38.053331 114.986051 24.444427
41 -38.023030 115.070768 24.444427
42 -37.987913 115.317746 24.444427
43 -38.081933 115.832692 24.444427
44 -38.485352 116.331117 24.444427
45 -39.052657 116.647281 26.031712
46 -39.628054 116.949366 26.031712
47 -40.105780 117.286027 26.031712
48 -40.625886 117.776199 26.031712
49 -41.119353 118.293558 26.031712
50 -41.512769 118.726489 26.031712
51 -41.856776 119.106350 26.031712
52 -41.906006 119.286113 26.031712
53 -41.724833 119.630276 26.031712
54 -41.151487 120.038629 26.031712
55 -40.513529 120.361353 26.239093
56 -39.995305 120.632662 26.873966
57 -39.433591 120.959528 26.873966
58 -38.901085 121.331925 27.835410
59 -38.381638 121.722653 27.835410
60 -37.915618 122.088149 28.332491
61 -37.589083 122.514073 28.941493
62 -37.417008 123.030429 28.941493
63 -37.417008 123.030429 28.941493
64 -37.417008 123.030429 28.941493
65 -37.448007 123.055498 28.941493
66 -37.484728 123.070006 28.941493
67 -37.523907 123.065057 28.941493
68 -37.601072 123.020657 28.941493
69 -37.667794 122.868233 28.941493
70 -37.629528 122.573796 28.941493
71 -37.570154 122.076524 28.941493
72 -37.618002 121.849236 28.941493
73 -37.761104 121.380659 28.941493
74 -37.865475 120.961488 28.941493
75 -37.859494 120.703020 28.941493
76 -37.810996 120.595205 28.941493
77 -37.749848 120.513004 29.966815
78 -37.669528 120.417256 29.966815
79 -37.475647 120.208455 29.966815
80 -37.137078 119.941352 29.966815
81 -36.530016 119.732139 30.042138
82 -35.892874 119.632225 30.042138
83 -35.250786 119.531506 31.063323
84 -34.555011 119.367842 31.844152
85 -33.995501 119.197266 31.844152
86 -33.444828 118.999926 31.784431
87 -32.769489 118.765191 31.784431
88 -32.085196 118.558190 31.950744
89 -31.552289 118.318817 31.950744
90 -31.009958 117.961278 31.950744
91 -30.510236 117.546121 31.784431
92 -30.037604 117.099915 31.784431
93 -29.573764 116.644651 31.784431
94 -29.227283 116.270428 31.950744
95 -29.021522 116.031997 31.950744
96 -29.021522 116.031997 31.950744
97 -29.025636 116.022883 31.950744
98 -29.103458 115.983922 31.950744
99 -29.223948 116.057311 31.950744
100 -29.280125 116.397906 31.950744
101 -29.232485 116.889884 31.784431
102 -29.116624 117.319349 31.784431
103 -29.063577 117.745783 31.784431
104 -29.054987 118.240556 31.784431
105 -29.063194 118.495424 31.784431
106 -29.078933 119.035187 31.784431
107 -29.087336 119.475106 31.784431
108 -29.097894 120.000000 31.784431
109 -29.136617 120.443111 32.262207
110 -29.156748 120.877555 32.262207
111 -29.204237 121.244469 33.229054
112 -29.210560 121.421855 33.229054
113 -29.266552 121.933623 33.229054
114 -29.334013 122.363322 34.198977
115 -29.366408 122.596054 34.198977
116 -29.467006 123.095940 34.198977
117 -29.686303 123.760454 34.982424
118 -29.725894 123.892074 34.982424
119 -29.758924 124.071540 35.092592
120 -29.785567 124.580479 35.092592
121 -29.771875 124.769985 35.092592
122 -29.758285 125.184633 35.092592
123 -29.773712 125.709387 35.092592
124 -29.775503 125.984313 35.092592
125 -29.780971 126.339232 35.189914
126 -29.794552 126.801533 35.189914
127 -29.799937 126.993957 35.288100
128 -29.820500 127.728670 35.288100
129 -29.824795 127.953597 35.288100
130 -29.822001 128.186081 35.387145
131 -29.816803 128.618549 35.387145
132 -29.801034 129.039456 35.387145
133 -29.805731 129.489376 35.487040
134 -29.801816 129.914326 35.487040
135 -29.827993 130.049213 35.933411
136 -29.876635 130.455844 35.933411
137 -29.886122 130.965711 35.933411
138 -29.872791 131.150230 36.307713
139 -29.872088 131.749036 36.076170
140 -29.875827 131.771223 36.076170
141 -29.910101 131.848426 36.076170
142 -30.052213 131.946795 36.076170
143 -30.457085 131.986616 36.076170
144 -31.085851 131.947603 36.076170
145 -31.795642 131.941626 36.076170
146 -32.377411 131.967727 36.076170
147 -33.023097 132.041191 36.076170
148 -33.660636 132.138808 36.076170
149 -34.296740 132.245519 36.076170
150 -35.512963 132.444990 36.076170
151 -35.577190 132.454986 36.076170
152 -35.641422 132.464948 36.076170
153 -35.720241 132.373304 36.076170
154 -35.699631 131.940619 36.076170
155 -35.298603 131.547947 36.076170
156 -34.685293 131.356698 36.076170
157 -34.044537 131.247689 35.920051
158 -33.410130 131.106392 35.920051
159 -32.783169 130.944740 35.920051
160 -32.223209 130.776237 35.920051
161 -31.326983 129.878433 35.920051
162 -31.326983 129.878433 35.920051
163 -31.303098 129.741503 35.920051
164 -31.308973 129.311684 35.920051
165 -31.338652 128.797574 35.920051
166 -31.372174 128.341344 35.920051
167 -31.372596 128.178845 35.920051
168 -31.373030 127.736346 35.920051
169 -31.375053 127.302661 35.920051
170 -31.389099 127.068123 35.920051
171 -31.395645 126.613173 35.920051
172 -31.374132 125.938516 35.920051
173 -31.374132 125.938516 35.920051
174 -31.364330 125.433617 35.920051
175 -31.375310 125.253954 35.920051
176 -31.383616 124.849088 35.920051
177 -31.393282 124.339280 35.920051
178 -31.389392 124.109312 35.920051
179 -31.382373 123.694372 36.045666
180 -31.392879 123.127352 36.045666
181 -31.485692 122.642035 36.045666
182 -31.788156 122.105823 36.045666
183 -32.712364 121.289482 35.920051
184 -32.763256 121.249047 35.920051
185 -33.228843 120.895026 35.920051
186 -33.812500 120.482041 35.920051
187 -34.400737 120.075621 35.920051
188 -34.870158 119.726592 35.920051
189 -35.371752 119.313251 35.920051
190 -35.867716 118.893113 35.920051
191 -36.359035 118.467585 35.920051
192 -36.824511 118.014156 35.920051
193 -37.248465 117.524984 35.920051
195 -37.954978 116.558662 35.920051
195 -37.954978 116.558662 35.920051
196 -38.301231 116.112226 35.920051
197 -38.688697 115.604499 35.920051
198 -38.935917 115.210756 35.920051
199 -39.279034 114.676477 35.920051
200 -39.438691 114.478154 35.920051
201 -39.726272 114.151845 35.920051
202 -40.058996 113.686620 35.920051
203 -40.354651 113.144596 35.920051
204 -40.475563 112.998203 35.920051
205 -41.017630 112.195965 35.920051
206 -41.057963 112.144993 35.920051
207 -41.099834 112.095275 35.920051
208 -41.099834 112.095275 35.920051
209 -41.106119 112.114236 35.920051
210 -41.049015 112.242068 35.920051
211 -40.707897 112.286969 35.920051
212 -40.181753 111.986135 35.920051
213 -39.725526 111.526082 35.920051
214 -39.315247 111.031653 35.920051
215 -38.940897 110.588644 35.920051
216 -37.974304 109.630321 35.920051
217 -37.925299 109.587619 35.920051
218 -37.875780 109.545513 35.920051
219 -37.875780 109.545513 35.920051
220 -37.827760 109.574307 35.920051
221 -37.770142 109.643036 35.920051
222 -37.761957 109.661278 35.920051
223 -37.773179 109.724332 35.920051
224 -37.923537 109.833694 35.920051
225 -38.369792 109.851644 35.920051
226 -39.001298 109.819026 35.920051
228 -40.483515 109.889822 35.920051
229 -40.622594 109.905834 35.920051
230 -40.637541 109.892579 35.920051
231 -40.694789 109.646753 35.920051
232 -40.425193 109.192002 35.920051
233 -39.928182 108.773187 35.920051
234 -39.465260 108.415538 35.920051
235 -38.920509 107.952947 35.920051
236 -38.421043 107.441475 35.920051
237 -38.027299 107.008895 35.920051
238 -37.603841 106.525758 35.920051
240 -36.737658 105.490301 35.920051
241 -36.572607 105.309853 35.920051
242 -36.253310 105.219029 35.920051
243 -35.627753 105.290895 35.920051
244 -35.054328 105.357360 35.920051
245 -34.404588 105.370622 35.920051
246 -33.757044 105.318974 35.920051
247 -33.115741 105.213117 35.920051
248 -32.475016 105.104793 35.920051
249 -31.899763 104.818260 35.920051
250 -31.569965 104.367450 35.920051
252 -31.396970 103.731827 35.920051
253 -31.282676 103.224575 35.920051
254 -31.127454 102.687414 35.920051
255 -30.972565 102.297078 35.920051
256 -30.851052 101.984920 35.920051
257 -30.719489 101.406492 35.920051
258 -30.705030 101.109616 35.920051
259 -30.731578 100.830949 35.920051
260 -30.780179 100.303247 35.920051
261 -30.784513 100.077259 35.920051
262 -30.772825 99.692436 35.920051
265 -30.742091 98.805999 36.280161
266 -30.693804 98.374864 36.280161
267 -30.705121 97.874998 36.280161
268 -30.681012 97.686578 36.864754
269 -30.639477 97.218598 36.864754
270 -30.628707 96.793783 36.864754
271 -30.567291 96.391175 37.841909
272 -30.502336 96.239638 37.841909
273 -30.337324 95.897382 37.841909
274 -30.163946 95.444765 38.667429
275 -30.116779 95.194182 38.667429
278 -29.895751 94.076496 39.370676
279 -29.846995 93.614514 39.933571
280 -29.865941 93.135017 39.933571
281 -29.908676 92.899290 39.933571
282 -29.957468 92.542912 41.256395
283 -29.969563 92.008429 41.256395
284 -29.941081 91.699759 41.256395
285 -29.924859 91.275127 42.249380
286 -29.934947 91.105426 42.249380
287 -29.950613 90.655726 42.249380
288 -29.953296 90.223260 43.186689
291 -29.918615 88.963895 44.001024
292 -29.945869 88.497496 44.001024
293 -30.004175 88.338145 45.032101
294 -30.132227 87.907683 45.032101
295 -30.157174 87.364286 46.000110
296 -30.115812 86.835939 46.000110
297 -30.082640 86.618663 46.000110
298 -30.034364 86.262177 46.850935
299 -30.009934 85.775339 46.850935
300 -30.014804 85.520411 47.752802
301 -30.008909 85.070452 47.752802
304 -29.997534 83.645635 49.562588
305 -30.011558 83.197140 49.562588
306 -30.248639 82.670990 49.562588
307 -30.645808 82.163675 50.440560
308 -31.057843 81.674070 50.440560
309 -31.412487 81.227889 51.262171
310 -31.785154 80.767504 51.262171
311 -31.955438 80.508488 51.894606
312 -32.240781 80.091870 51.894606
313 -32.637516 79.583502 52.588688
314 -33.066670 79.095395 52.588688
318 -35.096085 77.084592 53.121089
319 -35.201421 76.992377 53.121089
320 -35.201421 76.992377 53.121089
321 -35.201421 76.992377 53.121089
322 -35.208172 77.021505 53.121089
323 -35.115580 77.162000 53.121089
324 -34.753709 77.220486 53.121089
325 -34.222615 77.229610 53.121089
326 -33.575337 77.178206 53.121089
327 -32.956839 76.983883 53.121089
328 -32.382285 76.680529 53.121089
334 -31.191010 74.486712 57.952482
335 -31.183106 74.437341 57.952482
336 -31.271218 74.348805 57.952482
337 -31.427931 74.370466 58.584385
338 -31.570101 74.660004 58.584385
339 -31.580815 75.144592 58.721803
340 -31.597663 75.648517 58.721803
341 -31.817942 76.196564 58.721803
342 -32.234216 76.602621 58.721803
343 -32.874558 76.917706 58.721803
344 -33.547239 77.143776 58.721803
350 -36.085251 75.556282 58.721803
351 -36.090174 75.526689 58.721803
352 -36.090174 75.526689 58.721803
353 -35.981673 75.512770 58.721803
354 -35.867705 75.526894 58.721803
355 -35.808837 75.538572 58.721803
356 -35.808837 75.538572 58.721803
357 -35.808837 75.538572 58.721803
358 -35.808837 75.538572 58.721803
359 -35.808837 75.538572 58.721803
360 -35.925336 75.514861 58.721803
366 -33.719465 77.114033 58.810630
367 -33.163531 76.934001 58.810630
368 -32.633160 76.693779 58.810630
369 -32.063230 76.270089 58.810630
370 -31.705428 75.799240 58.810630
371 -31.559393 75.496847 58.810630
372 -31.495451 75.213996 58.810630
373 -31.430620 74.733597 58.810630
374 -31.412676 74.479372 58.810630
375 -31.369910 74.006491 58.810630
376 -31.335608 73.784466 58.810630
383 -30.907103 71.312671 61.090181
384 -30.747251 70.928291 61.090181
385 -30.768026 70.294492 61.090181
386 -30.847646 69.964115 61.911632
387 -30.887511 69.661808 61.911632
388 -30.908819 69.272511 61.911632
389 -30.889306 69.023280 61.911632
390 -30.853062 68.579772 63.404497
391 -30.846879 68.259832 63.404497
392 -30.842298 68.007374 63.404497
393 -30.835625 67.507461 64.321771
400 -30.774307 64.880942 67.231616
401 -30.758029 64.606992 67.231616
402 -30.806681 64.114417 67.231616
403 -30.833191 63.765545 67.231616
404 -30.827652 63.505604 68.298245
405 -30.810894 63.050961 68.298245
406 -30.786515 62.797133 69.269403
407 -30.769383 62.307503 69.269403
408 -30.770837 61.892586 69.269403
409 -30.768957 61.482709 70.287767
410 -30.741291 61.209117 70.287767
417 -30.681314 58.522455 73.206900
418 -30.693793 58.313114 73.206900
419 -30.818356 58.108637 73.206900
420 -31.288829 57.955031 74.226210
421 -31.868111 57.897791 74.226210
422 -32.575887 57.841927 74.483087
423 -33.279645 57.718211 74.483087
424 -33.844231 57.565474 74.483087
425 -34.469074 57.386442 74.483087
426 -35.089526 57.192835 74.483087
427 -35.700139 56.970276 74.483087
436 -40.860906 54.674149 74.483087
437 -40.860906 54.674149 74.483087
438 -40.860906 54.674149 74.483087
439 -40.753923 54.558981 74.483087
440 -40.409852 54.554408 74.483087
441 -39.758754 54.758490 74.483087
442 -39.092544 55.017914 74.483087
443 -38.545485 55.225125 74.483087
444 -37.937022 55.453686 74.483087
445 -37.322514 55.665443 74.483087
446 -36.702849 55.861683 74.483087
455 -31.345215 56.447654 74.483087
456 -31.289515 56.247303 75.264137
457 -31.312285 55.873153 75.264137
458 -31.331233 55.363573 76.034796
459 -31.304712 54.957459 76.034796
460 -31.283457 54.711094 76.034796
461 -31.267422 54.381596 77.135532
462 -31.145048 53.800693 77.135532
463 -30.990827 53.394064 77.135532
464 -30.753403 52.799740 78.074389
465 -30.673285 52.560406 79.054477
475 -30.181918 48.543777 83.065578
476 -30.192702 47.974727 83.065578
477 -30.215171 47.698226 83.065578
478 -30.246056 47.409964 84.195786
479 -30.245383 46.995229 84.195786
480 -30.207398 46.649931 84.195786
481 -30.202737 46.442485 85.215552
482 -30.178479 45.898051 85.215552
483 -30.162280 45.628562 85.215552
484 -30.138685 45.324484 86.235319
485 -30.128297 44.974738 86.235319
495 -30.022369 40.711715 90.190079
496 -30.039324 40.382627 90.190079
497 -30.071546 40.034144 91.209486
498 -30.095834 39.705098 91.209486
499 -30.090332 39.215225 92.195284
500 -30.055253 38.651391 92.195284
501 -30.046890 38.396588 92.195284
502 -30.035559 38.031796 93.262481
503 -30.007599 37.462482 93.262481
504 -30.011143 37.327531 93.262481
505 -29.998857 36.917804 94.234019
517 -29.817553 32.345548 95.891868
518 -29.825526 32.327223 95.928361
519 -29.994841 32.243509 95.928361
520 -30.316445 32.288532 95.965256
521 -30.909544 32.394384 95.965256
522 -31.551515 32.450701 95.965256
523 -32.199990 32.411992 95.965256
524 -32.841402 32.307415 95.965256
525 -33.476005 32.179171 95.965256
526 -34.046981 32.051859 95.965256
527 -34.745594 31.911941 95.965256
540 -40.676703 30.442564 96.199014
541 -40.650113 30.409506 96.199014
542 -40.463275 30.295994 96.199014
543 -40.141160 30.236364 96.199014
544 -39.791669 30.397215 96.199014
545 -39.689022 30.589429 96.199014
546 -39.699981 30.550960 96.199014
547 -39.699981 30.550960 96.199014
548 -39.699981 30.550960 96.199014
549 -39.699981 30.550960 96.199014
550 -39.699981 30.550960 96.199014
564 -33.315355 30.791047 96.199014
565 -32.738013 30.696725 96.199014
566 -32.097990 30.599069 96.199014
567 -31.502056 30.350353 96.199014
568 -31.051692 29.892107 96.199014
569 -30.921428 29.619881 96.199014
570 -30.832386 29.297423 96.430754
571 -30.792918 28.764420 96.470775
572 -30.799253 28.286976 96.470775
573 -30.810161 27.684575 96.470775
574 -30.824732 27.272410 96.470775
589 -31.514593 21.656541 101.119782
590 -31.530606 21.609174 101.119782
591 -31.530606 21.609174 103.301745
592 -31.577685 21.652648 103.301745
593 -31.556903 21.796807 102.927987
594 -31.262305 21.942888 103.123472
595 -30.693460 21.967857 103.123472
596 -30.051087 21.910692 103.123472
597 -29.404481 21.844419 103.123472
598 -28.766712 21.749153 103.123472
599 -28.076704 21.582391 103.123472
616 -19.680732 19.095652 105.770367
617 -19.476453 19.112689 105.770367
618 -19.007829 19.214129 105.770367
619 -18.382278 19.380996 105.770367
620 -17.679894 19.499440 105.992691
621 -17.102059 19.572590 105.992691
622 -16.462597 19.688584 106.157103
623 -15.831221 19.842790 107.093279
624 -15.200541 20.000065 107.093279
625 -14.629947 20.129002 108.717664
626 -13.931297 20.281011 108.717664
635 -8.092744 21.585251 116.089494
636 -8.092744 21.585251 116.089494
637 -8.089218 21.575893 116.089494
638 -8.132314 21.472038 116.089494
639 -8.407167 21.358743 116.089494
640 -9.021786 21.315268 116.089494
641 -9.734420 21.371309 116.089494
642 -10.312009 21.423824 116.089494
643 -10.958951 21.448682 116.089494
644 -11.605781 21.421832 116.089494
645 -12.184932 21.390764 116.089494
663 -24.016506 20.712691 116.089494
664 -24.576664 20.880895 116.089494
665 -25.200269 21.063853 116.089494
666 -25.831548 21.218628 116.089494
667 -26.465780 21.348844 116.089494
668 -27.074425 21.567144 116.089494
669 -27.535546 22.010258 116.089494
670 -27.689917 22.293209 116.089494
671 -27.781511 22.593347 116.089494
672 -27.828398 23.166155 116.089494
673 -27.872678 23.638994 116.089494
693 -28.007464 31.272093 116.089494
694 -28.033210 31.711172 116.089494
695 -28.063667 32.059805 116.089494
696 -28.087595 32.393944 116.089494
697 -28.111099 32.818187 116.089494
698 -28.111998 33.043185 116.089494
699 -28.113986 33.540681 116.089494
700 -28.105259 33.942942 116.089494
701 -28.061366 34.158517 116.089494
702 -28.001867 34.634534 116.089494
703 -27.986822 35.084127 116.089494
723 -21.688536 39.250546 116.089494
724 -21.688536 39.250546 116.089494
725 -21.658191 39.275588 116.089494
726 -21.643185 39.369221 116.089494
727 -21.723662 39.466574 116.089494
728 -22.118805 39.543783 116.089494
729 -22.752362 39.540537 116.089494
730 -23.329115 39.459150 116.089494
731 -24.036839 39.377709 116.089494
732 -24.745675 39.338425 116.089494
733 -25.326897 39.302401 116.089494
753 -27.738698 32.333779 116.089494
754 -27.808433 32.089211 116.089494
755 -27.911883 31.646497 116.089494
756 -27.925403 31.489582 116.089494
757 -27.962371 31.061264 116.089494
758 -28.064841 30.582486 116.089494
759 -28.080410 30.448435 116.089494
760 -28.141613 30.093720 116.089494
761 -28.189265 29.481046 116.089494
762 -28.175211 29.304105 116.089494
763 -28.135709 28.913605 116.089494
783 -25.996197 20.756984 116.089494
784 -25.365950 20.598209 116.089494
785 -24.796035 20.466354 116.089494
786 -24.103809 20.297626 116.089494
787 -23.416536 20.110031 116.089494
788 -22.853528 19.951168 116.089494
789 -22.231491 19.771598 116.089494
790 -21.618809 19.562194 116.089494
791 -21.009598 19.342858 116.089494
792 -20.405214 19.110549 116.089494
793 -19.857634 18.904737 116.089494
813 -11.834395 13.256201 120.940525
814 -11.716488 12.848470 120.940525
815 -11.730462 12.280572 121.856680
816 -11.794511 12.080432 121.856680
817 -11.933790 11.727024 122.824471
818 -12.032750 11.253156 122.824471
819 -12.007545 10.999482 122.824471
820 -11.978193 10.545575 123.599072
821 -11.980654 10.388094 123.599072
822 -11.987373 9.958146 123.599072
823 -11.994108 9.375687 124.617377
834 -11.901482 5.016716 128.593820
835 -11.959701 4.769390 128.593820
836 -12.060263 4.331079 128.888055
837 -12.109932 3.813738 128.888055
838 -12.106188 3.538907 128.888055
839 -12.090588 3.129204 128.935064
840 -12.086835 2.899280 128.935064
841 -12.080746 2.539365 128.935064
842 -12.068178 2.015051 128.935064
843 -12.152895 1.785701 128.935064
844 -12.337274 1.402807 128.935064
856 -13.110471 -2.910299 129.216139
857 -13.110471 -2.910299 129.216139
858 -13.110471 -2.910299 129.216139
859 -13.110471 -2.910299 129.216139
860 -13.081097 -2.908644 129.216139
861 -12.958133 -2.767011 129.216139
862 -12.911130 -2.310964 129.216139
863 -12.951441 -1.783067 129.216139
864 -13.013108 -1.317137 129.216139
865 -13.031013 -1.072793 129.216139
866 -13.062299 -0.568800 129.216139
888 -12.310598 8.859112 129.216139
889 -12.322179 9.063583 129.216139
890 -12.333459 9.423386 129.160561
891 -12.343458 9.738192 129.160561
892 -12.347562 10.053164 129.160561
893 -12.355666 10.633108 129.160561
894 -12.351560 10.968030 129.160561
895 -12.365863 11.307282 129.160561
896 -12.410625 11.659349 129.160561
897 -12.431004 12.233888 129.160561
898 -12.423413 12.358657 129.160561
921 -19.957448 19.138632 129.160561
922 -20.515978 19.312540 129.160561
923 -21.189513 19.544912 129.160561
924 -21.742337 19.736209 129.160561
925 -22.361668 19.933472 129.160561
926 -22.974613 20.149700 129.160561
927 -23.575141 20.384825 129.160561
928 -24.115417 20.609079 129.160561
929 -24.779253 20.867853 129.160561
930 -25.387368 21.090079 129.160561
931 -26.010013 21.276158 129.160561
954 -28.049955 29.932282 129.160561
955 -28.057470 30.211511 129.160561
956 -28.156113 30.552364 129.160561
957 -28.257992 31.114991 129.160561
958 -28.260957 31.264961 129.160561
959 -28.281597 31.699462 129.160561
960 -28.284871 31.889281 129.160561
961 -28.279839 32.331689 129.160561
962 -28.309365 32.767754 129.160561
963 -28.322934 32.952077 129.160561
964 -28.333815 33.276880 129.160561
987 -29.605659 42.065884 129.160561
988 -29.660288 42.471980 129.160561
989 -29.670638 42.886693 129.160561
990 -29.688041 43.226000 129.160561
991 -29.760511 43.542736 129.160561
992 -29.835756 44.107492 129.160561
993 -29.869708 44.516048 129.160561
994 -29.911342 44.730101 129.160561
995 -30.030429 45.096199 129.160561
996 -30.187870 45.570758 129.160561
997 -30.262698 45.824779 129.160561
1021 -39.015545 52.295585 129.160561
1022 -39.575379 52.464848 129.160561
1023 -40.189391 52.677898 129.160561
1024 -40.798053 52.898738 129.160561
1025 -41.416809 53.097720 129.160561
1026 -42.035042 53.290104 129.160561
1027 -42.652540 53.484816 129.160561
1028 -43.337848 53.688558 129.160561
1029 -43.901322 53.845770 129.160561
1030 -44.520527 54.043137 129.160561
1031 -45.134740 54.255713 129.160561
1055 -46.594858 54.893771 129.160561
1056 -46.411679 54.709259 129.160561
1057 -46.006609 54.341232 129.160561
1058 -45.479806 54.002194 129.160561
1059 -44.858743 53.835768 129.160561
1060 -44.213990 53.777344 129.160561
1061 -43.569328 53.762325 129.160561
1062 -42.920628 53.798779 129.160561
1063 -42.278030 53.895470 129.160561
1064 -41.638513 54.011689 129.160561
1065 -41.005692 54.159213 129.160561
1089 -31.478095 61.779119 129.160561
1090 -31.472565 62.214084 129.160561
1091 -31.465764 62.749041 129.160561
1092 -31.457971 63.188933 129.160561
1093 -31.446242 63.588675 129.160561
1094 -31.453886 63.883575 129.160561
1095 -31.466294 64.443430 129.160561
1096 -31.474421 64.683147 129.160561
1097 -31.502231 65.001877 129.160561
1098 -31.513637 65.481631 129.160561
1099 -31.508481 65.711572 129.160561
1123 -31.290493 75.354131 129.160561
1124 -31.325448 75.767644 129.160561
1125 -31.362545 76.356400 129.160561
1126 -31.376927 76.836168 129.160561
1127 -31.386399 77.361079 129.160561
1128 -31.380762 77.795985 129.160561
1129 -31.393384 78.063057 129.160561
1130 -31.419456 78.472205 129.160561
1131 -31.421533 78.772114 129.160561
1132 -31.415871 79.087063 129.160561
1133 -31.408436 79.614474 129.160561
1158 -31.455998 89.063465 129.160561
1159 -31.468907 89.470736 129.160561
1160 -31.462353 89.815558 129.160561
1161 -31.470986 90.122898 129.160561
1162 -31.472139 90.542849 129.160561
1163 -31.461633 90.767600 129.160561
1164 -31.449291 91.267427 129.160561
1165 -31.452823 91.522230 129.160561
1166 -31.465287 91.856950 129.160561
1167 -31.479696 92.366738 129.160561
1168 -31.490476 92.744045 129.160561
1193 -33.339980 91.741489 129.160561
1194 -33.339980 91.741489 129.160561
1195 -33.339980 91.741489 129.160561
1196 -33.312191 91.758280 129.160561
1197 -33.189128 91.954012 129.160561
1198 -33.154598 92.412021 129.160561
1199 -33.184010 92.820695 129.160561
1200 -33.234897 93.106187 129.160561
1201 -33.357306 93.600920 129.160561
1202 -33.421237 93.725374 129.160561
1203 -33.620320 94.100732 129.160561
1228 -42.760089 96.181304 129.160561
1229 -42.760089 96.181304 129.160561
1230 -42.768305 96.175602 129.160561
1231 -42.786855 96.140225 129.160561
1232 -42.764080 96.069381 129.160561
1233 -42.623730 95.970864 129.160561
1234 -42.198019 95.925948 129.160561
1235 -41.563086 95.923867 129.160561
1236 -40.915823 95.906367 129.160561
1237 -40.271758 95.850087 129.160561
1238 -39.752167 95.597729 129.160561
1263 -39.771559 91.159425 129.160561
1264 -39.596876 90.987641 129.160561
1265 -39.276055 90.694230 129.160561
1266 -38.806502 90.432798 129.160561
1267 -38.106229 90.322491 129.160561
1268 -37.407800 90.458657 129.160561
1269 -36.907599 90.737799 129.160561
1270 -36.587580 91.058920 129.160561
1296 -36.442555 91.315624 129.160561
1297 -36.442555 91.315624 129.160561
1298 -36.404960 91.328729 129.160561
1299 -36.305579 91.534913 129.160561
1300 -36.371263 91.958893 129.160561
1301 -36.443248 92.347237 129.160561
1302 -36.460810 92.571538 129.160561
1303 -36.493701 93.065335 129.160561
1304 -36.488332 93.200227 129.160561
1305 -36.485516 93.610211 129.160561
1306 -36.462984 94.074507 129.160561
1333 -30.313090 89.644310 129.160561
1334 -30.304354 89.125585 129.160561
1335 -30.359275 88.555757 129.160561
1336 -30.386418 88.166818 129.160561
1337 -30.342571 87.563645 129.160561
1338 -30.262646 87.141667 129.160561
1339 -30.094200 86.628817 129.160561
1340 -29.959387 86.278916 129.160561
1341 -29.863412 86.010567 129.160561
1342 -29.737146 85.625944 129.160561
1343 -29.675785 85.284116 129.160561
1369 -29.218973 75.040472 129.160561
1370 -29.249033 74.924712 129.160561
1371 -29.382672 74.479624 129.160561
1372 -29.405583 74.306710 129.160561
1373 -29.365280 73.923892 129.160561
1374 -29.330675 73.320008 129.160561
1375 -29.329911 72.985066 129.160561
1376 -29.320683 72.610350 129.160561
1377 -29.285975 72.307355 129.160561
1378 -29.267297 71.767784 129.160561
1379 -29.274155 71.252942 129.160561
1406 -29.154462 60.984981 129.160561
1407 -29.201933 60.497435 129.160561
1408 -29.244941 60.019448 129.160561
1409 -29.250303 59.484675 129.160561
1410 -29.225865 58.965256 129.160561
1411 -29.187820 58.562105 129.160561
1412 -29.181378 58.139659 129.160561
1413 -29.153273 57.977109 129.160561
1414 -29.120516 57.596315 129.160561
1415 -29.112578 57.070131 129.160561
1416 -29.129430 56.815689 129.160561
1442 -28.978573 46.167388 129.160561
1443 -28.993612 45.683329 129.160561
1444 -29.055213 45.212692 129.160561
1445 -29.077366 44.954364 129.160561
1446 -29.050928 44.575318 129.160561
1447 -29.019561 44.081433 129.160561
1448 -29.011067 43.576591 129.160561
1449 -29.010520 43.294118 129.160561
1450 -29.007172 42.916741 129.160561
1451 -28.985274 42.577519 129.160561
1452 -28.941650 42.306058 129.160561
1479 -28.798038 32.458117 129.160561
1480 -28.825855 31.973973 129.160561
1481 -28.858088 31.495057 129.160561
1482 -28.876247 31.005482 129.160561
1483 -28.853910 30.801744 129.160561
1484 -28.827122 30.332670 129.160561
1485 -28.827780 30.110202 129.160561
1486 -28.825238 29.750245 129.160561
1487 -28.801796 29.135725 129.160561
1488 -28.763774 28.957275 129.160561
1489 -28.715711 28.545525 129.160561
1515 -22.357238 20.469331 129.160561
1516 -21.709315 20.445302 129.160561
1517 -21.075225 20.580591 129.160561
1518 -20.483433 20.847678 129.160561
1519 -19.922947 21.176668 129.160561
1520 -19.520737 21.447317 129.160561
1521 -19.171895 21.808426 129.160561
1522 -19.036232 22.147520 129.160561
1523 -19.033658 22.394870 129.160561
1524 -19.062918 22.878970 129.160561
1525 -19.107754 23.412086 129.160561
1551 -19.188535 33.332909 129.160561
1552 -19.188535 33.332909 129.160561
1553 -19.216404 33.377251 129.160561
1554 -19.269356 33.422493 129.160561
1555 -19.308482 33.429745 129.160561
1556 -19.308482 33.429745 129.160561
1557 -19.412694 33.310390 129.160561
1558 -19.520208 32.933771 129.160561
1559 -19.496161 32.459980 129.160561
1560 -19.433164 32.265135 129.160561
1561 -19.328164 31.741710 129.160561
1588 -19.999364 21.322897 129.160561
1589 -20.592929 21.058139 129.160561
1590 -21.162922 20.756529 129.160561
1591 -21.747399 20.482574 129.160561
1592 -22.432312 20.298479 129.160561
1593 -23.007160 20.190018 129.160561
1594 -23.647065 20.075951 129.160561
1595 -24.282074 19.949461 129.160561
1596 -24.919627 19.836422 129.160561
1597 -25.558339 19.715896 129.160561
1598 -26.193963 19.592592 129.160561
1625 -41.234771 12.591384 129.160561
1626 -41.733290 12.174634 129.160561
1627 -42.206729 11.831267 129.160561
1628 -42.826184 11.474842 129.160561
1629 -43.463211 11.150240 129.160561
1630 -43.991803 10.899692 129.160561
1631 -44.581539 10.626379 129.160561
1632 -45.169036 10.348563 129.160561
1633 -45.678677 10.066591 129.160561
1634 -46.312807 9.742868 129.160561
1635 -46.916145 9.501384 129.160561
1663 -48.773273 8.721836 129.160561
1664 -48.773273 8.721836 129.160561
1665 -48.764417 8.726481 129.160561
1666 -48.690273 8.834926 129.160561
1667 -48.702381 9.285911 129.160561
1668 -48.884662 9.617983 129.160561
1669 -49.084093 9.831902 129.160561
1670 -49.441839 10.281549 129.160561
1671 -49.724002 10.706204 129.160561
1672 -49.937730 11.050208 129.160561
1673 -50.089168 11.279738 129.160561
1703 -53.027062 17.134519 129.160561
1704 -52.804806 16.846674 129.160561
1705 -52.640214 16.477356 129.160561
1706 -52.590120 16.304471 129.160561
1707 -52.445496 15.804996 129.160561
1708 -52.334482 15.462666 129.160561
1709 -52.230778 15.202580 129.160561
1710 -52.011204 14.693044 129.160561
1711 -51.799347 14.276362 129.160561
1712 -51.704724 14.039622 129.160561
1713 -51.463256 13.567907 129.160561
1743 -36.095074 17.916243 129.160561
1744 -35.672452 18.320724 129.160561
1745 -35.197949 18.764952 129.160561
1746 -34.761239 19.154179 129.160561
1747 -34.217123 19.618031 129.160561
1748 -33.722268 20.039479 129.160561
1749 -33.224325 20.457266 129.160561
1750 -32.727362 20.872336 129.160561
1751 -32.217685 21.265360 129.160561
1752 -31.807044 21.595723 129.160561
1753 -31.483687 22.045366 129.160561
1784 -30.863801 33.481386 129.160561
1785 -30.899286 33.950031 129.160561
1786 -30.920756 34.434525 129.160561
1787 -30.918802 34.664516 129.160561
1788 -30.914426 35.179498 129.160561
1789 -30.922194 35.644291 129.160561
1790 -30.948986 36.068445 129.160561
1791 -30.947666 36.273437 129.160561
1792 -30.949615 36.698433 129.160561
1793 -30.961924 36.970654 129.160561
1794 -30.978663 37.480350 129.160561
1824 -31.112112 49.253820 129.160561
1825 -31.112112 49.253820 129.160561
1826 -31.112112 49.253820 129.160561
1827 -31.166526 49.257493 129.160561
1828 -31.267326 49.181685 129.160561
1829 -31.319791 48.733117 129.160561
1830 -31.279513 48.241081 129.160561
1831 -31.241447 47.982917 129.160561
1832 -31.207879 47.599739 129.160561
1833 -31.213170 47.295451 129.160561
1834 -31.264727 46.974576 129.160561
1865 -46.688175 42.601113 129.160561
1866 -46.645064 42.488639 129.160561
1867 -46.337765 42.375149 129.160561
1868 -45.816525 42.441275 129.160561
1869 -45.121771 42.608999 129.160561
1870 -44.428931 42.785408 129.160561
1871 -43.856847 42.894191 129.160561
1872 -43.215956 42.986417 129.160561
1873 -42.574259 43.072880 129.160561
1874 -41.933630 43.166917 129.160561
1875 -41.293526 43.264481 129.160561
1905 -31.530384 51.181517 129.160561
1906 -31.533094 51.531499 129.160561
1907 -31.547717 51.793427 129.160561
1908 -31.570927 52.162589 129.160561
1909 -31.565242 52.682114 129.160561
1910 -31.515313 52.913342 129.160561
1911 -31.384044 53.369213 129.160561
1912 -31.345170 53.736820 129.160561
1913 -31.345546 54.008993 129.160561
1914 -31.360962 54.373620 129.160561
1915 -31.372534 54.870982 129.160561
1946 -31.483818 66.274423 129.160561
1947 -31.466982 66.689066 129.160561
1948 -31.476894 67.073654 129.160561
1949 -31.505920 67.522417 129.160561
1950 -31.506936 67.889841 129.160561
1951 -31.494335 68.379619 129.160561
1952 -31.488676 68.994559 129.160561
1953 -31.483040 69.199479 129.160561
1954 -31.488844 69.609423 129.160561
1955 -31.489597 70.079347 129.160561
1956 -31.480785 70.584225 129.160561
1987 -41.851192 76.659533 129.160561
1988 -42.430294 76.723274 129.160561
1989 -43.047639 76.918131 129.160561
1990 -43.648174 77.166225 129.160561
1991 -44.178717 77.412690 129.160561
1992 -44.828134 77.705744 129.160561
1993 -45.487874 77.981206 129.160561
1994 -46.035769 78.186178 129.160561
1995 -46.650939 78.395970 129.160561
1996 -47.270247 78.593330 129.160561
1997 -47.888493 78.793978 129.160561
2029 -55.062253 79.991783 129.160561
2030 -55.062253 79.991783 129.160561
2031 -55.062253 79.991783 129.160561
2032 -55.062253 79.991783 129.160561
2033 -55.062253 79.991783 129.160561
2034 -55.062253 79.991783 129.160561
2035 -55.062253 79.991783 129.160561
2036 -54.978818 80.115056 129.160561
2037 -54.636977 80.213378 129.160561
2038 -54.030057 80.210565 129.160561
2039 -53.330724 80.064357 129.160561
2072 -47.030215 69.955876 129.160561
2073 -47.012189 69.764966 129.160561
2074 -47.216930 69.419366 129.160561
2075 -47.706068 68.913221 129.160561
2076 -48.220060 68.416588 129.160561
2077 -48.612683 67.982931 129.160561
2078 -49.049448 67.504945 129.160561
2079 -49.502565 67.038921 129.160561
2080 -49.957418 66.578093 129.160561
2081 -50.298218 66.195777 129.160561
2082 -50.457650 65.971755 129.160561
2116 -50.569116 65.758601 129.160561
2117 -50.569116 65.758601 129.160561
2118 -50.569116 65.758601 129.160561
2119 -50.569116 65.758601 129.160561
2120 -50.648554 65.814756 129.160561
2121 -50.664766 66.147152 129.160561
2122 -50.347745 66.637252 129.160561
2123 -49.826195 67.115532 129.160561
2124 -49.282073 67.471072 129.160561
2125 -48.834815 67.842545 129.160561
2126 -48.566416 68.168164 129.160561
2161 -39.575449 76.431677 129.160561
2162 -38.929647 76.477545 129.160561
2163 -38.351739 76.526751 129.160561
2164 -37.645246 76.563590 129.160561
2165 -36.999867 76.610859 129.160561
2166 -36.362434 76.735285 129.160561
2167 -35.742881 76.931437 129.160561
2168 -35.128928 77.127826 129.160561
2169 -34.488071 77.233111 129.160561
2170 -33.903997 77.222152 129.160561
2171 -33.215851 77.039418 129.160561
2206 -31.337816 63.203964 129.160561
2207 -31.388427 62.751794 129.160561
2208 -31.432664 62.561937 129.160561
2209 -31.476986 62.149719 129.160561
2210 -31.481704 61.584813 129.160561
2211 -31.448449 61.367363 129.160561
2212 -31.397047 60.940602 129.160561
2213 -31.375975 60.436104 129.160561
2214 -31.381519 60.266222 129.160561
2215 -31.368085 59.816437 129.160561
2216 -31.341756 59.339716 129.160561
2251 -31.205061 46.725188 129.160561
2252 -31.224132 46.290638 129.160561
2253 -31.246326 45.756123 129.160561
2254 -31.251780 45.316164 129.160561
2255 -31.238048 45.136688 129.160561
2256 -31.219316 44.622105 129.160561
2257 -31.221887 44.207143 129.160561
2258 -31.201918 44.018228 129.160561
2259 -31.166496 43.549627 129.160561
2260 -31.135633 43.015547 129.160561
2261 -31.134634 42.740581 129.160561
2295 -30.831717 29.313668 129.160561
2296 -30.836199 28.873821 129.160561
2297 -30.850850 28.559212 129.160561
2298 -30.878969 28.167725 129.160561
2299 -30.889035 27.785497 129.160561
2300 -30.895161 27.305621 129.160561
2301 -30.892133 27.084583 129.160561
2302 -30.873367 26.705086 129.160561
2303 -30.867359 26.225153 129.160561
2304 -30.884600 25.915930 129.160561
2305 -30.931992 25.526369 129.160561
2340 -36.380348 11.317202 129.160561
2341 -36.441327 11.116761 129.160561
2342 -36.534968 10.728391 129.160561
2343 -36.573152 10.315505 129.160561
2344 -36.543070 10.032101 129.160561
2345 -36.522013 9.565191 129.160561
2346 -36.519320 9.229077 129.160561
2347 -36.534769 8.999599 129.160561
2348 -36.551731 8.509925 129.160561
2349 -36.541786 8.070112 129.160561
2350 -36.549650 7.837755 129.160561
2385 -32.510198 3.214124 129.160561
2386 -32.510198 3.214124 129.160561
2387 -32.623682 3.113804 129.160561
2388 -33.005054 3.094408 129.160561
2389 -33.624239 3.203354 129.160561
2390 -34.249597 3.380619 129.160561
2391 -34.880082 3.538081 129.160561
2392 -35.492669 3.744402 129.160561
2393 -36.024970 4.089564 129.160561
2394 -36.246176 4.406086 129.160561
2395 -36.292401 4.618235 129.160561
2430 -34.947852 18.727502 129.160561
2431 -34.937889 18.726639 129.160561
2432 -34.837381 18.646951 129.160561
2433 -34.866469 18.239644 129.160561
2434 -35.227682 17.694184 129.160561
2435 -35.681730 17.385794 129.160561
2436 -36.077709 17.262681 129.160561
2437 -36.285707 17.191540 129.160561
2438 -36.370618 17.154846 129.160561
2439 -36.437869 17.121884 129.160561
2440 -36.551518 17.004106 129.160561
2476 -35.588994 2.735145 129.160561
2477 -35.137678 2.267372 129.160561
2478 -34.634147 1.759782 129.160561
2479 -34.173181 1.301518 129.160561
2480 -33.766908 0.880613 129.160561
2481 -33.319973 0.408660 129.160561
2482 -32.879058 -0.068926 129.160561
2483 -32.432320 -0.541020 129.160561
2484 -31.958082 -0.977787 129.160561
2485 -31.532314 -1.398236 129.160561
2486 -31.269185 -1.857050 129.160561
2522 -29.172389 -9.414853 141.209386
2523 -29.172389 -9.414853 141.209386
2524 -29.172389 -9.414853 141.209386
2525 -29.172389 -9.414853 141.209386
2526 -29.172389 -9.414853 141.164623
2527 -29.172389 -9.414853 141.209386
2528 -29.172389 -9.414853 141.209386
2529 -29.206715 -9.378688 141.209386
2530 -29.216503 -9.376644 141.209386
2531 -29.298128 -9.392583 141.209386
2532 -29.421524 -9.606842 141.209386
2551 -31.572104 -16.815626 147.565615
2552 -31.689017 -17.207231 147.565615
2553 -31.620669 -17.797021 147.565615
2554 -31.399238 -18.272730 147.565615
2555 -31.271981 -18.533301 148.418903
2556 -31.132849 -18.804710 148.418903
2557 -30.934811 -19.316405 149.121463
2558 -30.900706 -19.485328 149.121463
2559 -30.827951 -19.863389 150.099337
2560 -30.741397 -20.365927 150.099337
2561 -30.680409 -20.684466 150.099337
2599 -29.007269 -32.915526 164.281012
2600 -28.943389 -33.112184 164.281012
2601 -28.932344 -33.576553 164.281012
2602 -28.968861 -33.817885 164.460728
2603 -29.035164 -34.176559 164.460728
2604 -29.070833 -34.735195 164.897699
2605 -29.055531 -35.214834 164.897699
2606 -29.024578 -35.698842 164.897699
2607 -28.990911 -36.262815 165.780008
2608 -28.991450 -36.692814 165.780008
2609 -28.991746 -36.882814 166.758061
2633 -28.738129 -46.236284 176.139862
2634 -28.786996 -46.370119 177.238063
2635 -29.106919 -46.516646 177.238063
2636 -29.690482 -46.581988 177.238063
2637 -30.271985 -46.615893 177.734102
2638 -30.981046 -46.705100 177.734102
2639 -31.677929 -46.863938 177.950361
2640 -32.238931 -47.029758 177.950361
2641 -32.866297 -47.199626 177.990143
2642 -33.499079 -47.348211 177.990143
2643 -34.124325 -47.524909 178.052608
2671 -39.415691 -51.749687 178.264890
2672 -39.252515 -51.911744 178.264890
2673 -38.920834 -52.372736 178.264890
2674 -38.769580 -52.726565 178.264890
2675 -38.699461 -52.935086 178.264890
2676 -38.546400 -53.389980 178.264890
2677 -38.322326 -53.886486 180.127319
2678 -37.969143 -54.467330 180.127319
2679 -37.642935 -54.925517 180.127319
2680 -37.326513 -55.399559 180.782552
2681 -37.048098 -55.835607 180.782552
2735 -28.535077 -66.041693 196.878367
2736 -28.370424 -66.111500 196.878367
2737 -27.743630 -66.101462 196.878367
2738 -27.165299 -66.013428 196.878367
2739 -26.523074 -65.931149 197.489674
2740 -25.878419 -65.871196 197.489674
2741 -25.231712 -65.839569 197.489674
2742 -24.587327 -65.811432 197.489674
2743 -23.942888 -65.784549 197.489674
2744 -23.231068 -65.753428 197.489674
2745 -22.649026 -65.730550 197.489674
2776 -14.713132 -65.748828 197.477217
2777 -14.713132 -65.748828 197.477217
2778 -14.732363 -65.774889 197.477217
2779 -14.976013 -65.838019 197.477217
2780 -15.540201 -65.819848 197.477217
2781 -16.247680 -65.760089 197.477217
2782 -16.831604 -65.725995 197.489674
2783 -17.476554 -65.726801 197.489674
2784 -18.123760 -65.745385 197.489674
2785 -18.770491 -65.776925 197.489674
2786 -19.347341 -65.804291 197.489674
2845 -30.295021 -83.071451 213.836974
2846 -30.227754 -83.338067 213.836974
2847 -29.986716 -83.918365 213.836974
2848 -29.598640 -84.497435 213.836974
2849 -29.436387 -84.710011 214.458788
2850 -29.203975 -85.010649 214.458788
2851 -28.846207 -85.516820 215.445705
2852 -28.686858 -85.737479 215.445705
2853 -28.509748 -85.997632 216.244426
2854 -28.163326 -86.559404 216.244426
2855 -28.039817 -86.756378 216.244426
2890 -24.465338 -91.345348 218.519866
2891 -24.465338 -91.345348 218.519866
2892 -24.428653 -91.319652 218.519866
2893 -24.349218 -91.036985 218.519866
2894 -24.530152 -90.581377 218.519866
2895 -24.892961 -90.054213 218.519866
2896 -25.240534 -89.602474 218.519866
2897 -25.595781 -89.144112 218.519866
2898 -25.921819 -88.670535 218.519866
2899 -26.349929 -88.110408 218.519866
2900 -26.733351 -87.668956 218.519866
2966 -28.167129 -62.327129 218.519866
2967 -28.179365 -62.095555 218.519866
2968 -28.272141 -61.758215 218.519866
2969 -28.338566 -61.207699 218.519866
2970 -28.349317 -60.807896 218.519866
2971 -28.352629 -60.365485 218.519866
2972 -28.353672 -59.930602 218.519866
2973 -28.360627 -59.650709 218.519866
2974 -28.348898 -59.110839 218.519866
2975 -28.334275 -58.841270 218.519866
2976 -28.311567 -58.406878 218.519866
3046 -18.648631 -44.321924 218.519866
3047 -18.648631 -44.321924 218.519866
3048 -18.578953 -44.285045 218.519866
3049 -18.499120 -44.081793 218.519866
3050 -18.655284 -43.838026 218.519866
3051 -19.187090 -43.708300 218.519866
3052 -19.769082 -43.761067 218.519866
3053 -20.469962 -43.888794 218.519866
3054 -21.173780 -43.998923 218.519866
3055 -21.752927 -44.061302 218.519866
3056 -22.395052 -44.122061 218.519866
3129 -27.841867 -69.464759 218.519866
3130 -27.849016 -69.939700 218.519866
3131 -27.845132 -70.194504 218.519866
3132 -27.831393 -70.524202 218.519866
3133 -27.815933 -70.883844 218.519866
3134 -27.814015 -71.163838 218.519866
3135 -27.809343 -71.688816 218.519866
3136 -27.811780 -72.078767 218.519866
3137 -27.825495 -72.408482 218.519866
3138 -27.837816 -72.778262 218.519866
3139 -27.834546 -73.008238 218.519866
3214 -30.121484 -101.710070 231.590699
3215 -30.157454 -101.810429 232.532690
3216 -30.403136 -101.938141 232.532690
3217 -30.889365 -101.994617 232.532690
3218 -31.598923 -102.019364 232.969380
3219 -32.310432 -102.085006 232.969380
3220 -32.882266 -102.206810 232.969380
3221 -33.508706 -102.380156 233.123255
3222 -34.134884 -102.554459 233.123255
3223 -34.754598 -102.750358 233.123255
3224 -35.311421 -102.929683 233.123255
