7 -55.000000 65.000000 -0.154960
8 -55.000000 64.825000 4.263801
9 -54.999921 64.650000 4.263801
10 -54.999884 64.580000 4.263801
11 -54.944235 64.470086 4.263801
12 -54.585712 64.327586 4.263801
13 -53.963977 64.378329 13.017681
14 -53.356684 64.457834 13.017681
15 -52.999040 64.498952 13.345412
16 -52.706225 64.534665 14.066272
17 -52.199278 64.698082 14.066272
18 -51.723478 65.048608 14.066272
19 -51.306635 65.365148 14.300350
20 -50.697384 65.568429 14.300350
21 -50.055355 65.649805 14.300350
22 -49.412468 65.701950 14.300350
23 -48.769101 65.747290 17.507142
24 -48.292191 65.771026 22.963014
25 -48.082451 65.781465 22.963014
26 -47.925791 65.789662 23.853302
27 -47.816918 65.796085 23.853302
28 -47.757237 65.801596 23.853302
29 -47.675627 65.861003 23.853302
30 -47.582056 66.163179 23.853302
31 -47.567562 66.507598 24.191321
32 -47.582819 66.801773 24.191321
33 -47.515262 67.270434 24.191321
34 -47.397642 67.626243 24.540986
35 -47.261783 67.888086 24.540986
36 -47.016870 68.352399 25.101793
37 -46.857344 68.708124 25.101793
38 -46.823414 68.930418 25.101793
39 -46.712990 69.402053 26.101724
40 -46.577772 69.740801 26.101724
41 -46.424474 69.992811 26.101724
42 -46.149304 70.422052 27.101661
43 -45.988719 70.746746 27.101661
44 -45.890636 71.000886 28.223749
45 -45.685179 71.467661 28.223749
46 -45.492217 71.915071 28.223749
47 -45.324969 72.378202 28.662519
48 -45.203791 72.717002 28.662519
49 -45.109096 72.990830 28.785066
50 -44.993418 73.352501 28.785066
51 -44.937411 73.590864 28.785066
52 -44.803063 74.056741 29.032740
53 -44.694229 74.549852 29.032740
54 -44.588920 75.028360 29.032740
55 -44.494022 75.401417 29.410543
56 -44.397681 75.626648 29.410543
57 -44.238058 76.009704 29.925575
58 -44.118601 76.223592 29.925575
59 -43.880835 76.685958 29.925575
60 -43.483893 77.175618 33.537144
61 -43.004538 77.614556 33.537144
62 -42.516731 78.044119 34.008529
63 -42.025336 78.469594 34.008529
64 -41.543226 78.905490 34.823269
65 -41.071431 79.348905 35.562059
66 -40.612527 79.809179 35.562059
67 -40.149998 80.265869 36.303444
68 -39.686611 80.721675 36.303444
69 -39.205525 81.158720 37.120615
70 -38.866595 81.462282 37.793386
71 -38.866595 81.462282 37.793386
72 -38.777013 81.369149 37.793386
73 -38.768543 80.979548 37.793386
74 -38.849022 80.504064 37.793386
75 -38.941993 79.997626 37.793386
76 -38.971681 79.639196 38.010789
77 -38.901269 79.353199 38.010789
78 -38.740559 78.842926 38.010789
79 -38.587153 78.340841 38.010789
80 -38.435963 77.859033 38.799228
81 -38.334738 77.539738 38.986409
82 -38.357130 77.495363 38.986409
83 -38.646195 77.389061 38.986409
84 -39.196217 77.607153 38.986409
85 -39.713057 77.999004 38.986409
86 -40.208444 78.419614 38.986409
87 -40.741017 78.791836 39.015126
88 -41.289317 79.140919 39.057138
89 -41.847142 79.474495 39.057138
90 -42.411980 79.796123 39.057138
91 -42.958671 80.147384 39.057138
92 -43.481191 80.533946 39.057138
93 -44.017352 80.875808 39.057138
94 -44.620768 81.102335 39.057138
95 -45.242139 81.293040 39.057138
96 -45.858153 81.492419 39.057138
97 -46.473134 81.702737 39.057138
98 -47.078270 81.939939 39.057138
99 -47.672375 82.187761 39.057138
100 -48.281067 82.415046 39.057138
101 -48.905787 82.574804 39.057138
102 -49.542172 82.707049 39.057138
103 -50.233943 82.866764 39.057138
104 -50.243674 82.869067 39.057138
105 -50.243674 82.869067 39.057138
106 -50.243674 82.869067 39.057138
107 -50.261678 82.822536 39.057138
108 -50.256734 82.772918 39.057138
109 -50.216548 82.698977 39.057138
110 -50.012754 82.606877 39.057138
111 -49.496189 82.606458 39.057138
112 -48.849039 82.626567 39.057138
113 -48.199893 82.603319 39.057138
114 -47.495175 82.484368 39.057138
115 -46.929331 82.336087 39.057138
116 -46.309836 82.139615 39.057138
117 -45.691854 81.938167 39.057138
118 -45.076886 81.727771 39.057138
119 -44.470275 81.494685 39.057138
120 -43.878851 81.225094 39.057138
121 -43.284630 80.961784 39.057138
122 -42.662069 80.788158 39.057138
123 -42.017046 80.740238 39.057138
124 -41.369556 80.741109 39.057138
125 -40.659575 80.746107 39.057138
126 -40.659575 80.746107 39.057138
127 -40.659575 80.746107 39.057138
128 -40.654563 80.765453 39.057138
129 -40.729172 80.891137 39.057138
130 -41.136097 80.991925 39.057138
131 -41.774250 80.989292 39.057138
132 -42.414104 80.908754 39.057138
133 -43.056206 80.807773 39.057138
134 -43.699348 80.713693 39.057138
135 -44.341241 80.628680 39.057138
136 -45.045949 80.542255 39.057138
137 -45.626935 80.504130 39.057138
138 -46.274298 80.491612 39.057138
139 -46.922298 80.442379 39.057138
140 -47.568297 80.370453 39.057138
141 -48.210993 80.291983 39.057138
142 -48.854318 80.199086 39.057138
143 -49.498264 80.110593 39.057138
144 -50.140600 80.011237 39.057138
145 -50.778628 79.901218 39.057138
146 -51.420117 79.796559 39.057138
147 -52.124831 79.692373 39.057138
148 -52.124831 79.692373 39.057138
149 -52.124831 79.692373 39.057138
150 -52.124831 79.692373 39.057138
151 -52.124831 79.692373 39.057138
152 -52.024370 79.635407 39.057138
153 -51.687532 79.656213 39.057138
154 -51.090131 79.743389 39.057138
155 -50.445557 79.804172 39.057138
156 -49.802172 79.849019 39.057138
157 -49.155127 79.872801 39.057138
158 -48.442731 79.884440 39.057138
159 -48.377733 79.884886 39.057138
160 -48.329198 79.919899 39.057138
161 -48.290963 79.965868 39.057138
162 -48.281041 80.014375 39.057138
163 -48.337743 80.150864 39.057138
164 -48.694781 80.329799 39.057138
165 -49.308587 80.304196 39.057138
166 -49.945922 80.192309 39.057138
167 -50.575835 80.032163 39.057138
168 -51.208248 79.882040 39.057138
169 -51.903095 79.724494 39.057138
170 -52.457447 79.539847 39.057138
171 -52.999600 79.185642 39.057138
172 -53.416882 78.725828 39.057138
173 -53.627831 78.408887 39.057138
174 -53.680741 78.119725 39.057138
175 -53.718019 77.781998 39.057138
176 -53.833865 77.521910 39.057138
177 -53.985369 77.046824 39.057138
178 -54.068599 76.686654 39.057138
179 -54.200177 76.474298 39.057138
180 -54.572455 75.870024 39.057138
181 -54.572455 75.870024 39.057138
182 -54.572455 75.870024 39.057138
183 -54.416294 75.799106 39.057138
184 -54.214283 75.867171 39.057138
185 -54.039612 76.267385 39.057138
186 -54.009803 76.588427 39.057138
187 -53.988639 76.860028 39.057138
188 -53.912169 77.305761 39.057138
189 -53.774199 77.757323 39.057138
190 -53.459403 78.262644 39.057138
191 -52.887291 78.876648 39.057138
192 -52.547239 79.175000 39.057138
193 -51.988497 79.491803 39.057138
194 -51.358282 79.632977 39.057138
195 -50.711656 79.659628 39.057138
196 -50.064158 79.661237 39.057138
197 -49.416660 79.662846 39.057138
198 -48.769162 79.664455 39.057138
199 -48.124164 79.666058 39.057138
200 -47.476667 79.667906 39.057138
201 -46.829306 79.680963 39.057138
202 -45.989571 79.702059 39.057138
203 -45.540669 79.730791 39.057138
204 -44.898877 79.816482 39.057138
205 -44.255167 79.885230 39.057138
206 -43.608430 79.915847 39.057138
207 -42.961203 79.934663 39.057138
208 -42.313982 79.953649 39.057138
209 -41.666900 79.976842 39.057138
210 -41.022359 80.001183 39.057138
211 -40.375236 80.023016 39.057138
212 -39.727842 80.034344 39.057138
213 -38.887872 80.040587 39.057138
214 -38.433058 80.052868 39.057138
215 -37.788150 80.054077 39.057138
216 -37.142237 80.011317 39.057138
217 -36.497104 79.932570 39.291985
218 -35.854441 79.835898 39.291985
219 -35.218929 79.711995 39.718259
220 -34.585579 79.577440 40.859027
221 -33.953286 79.438010 40.859027
222 -33.314966 79.315465 41.872426
223 -32.675713 79.212542 41.872426
224 -31.845281 79.071013 43.724822
225 -31.763155 79.050474 43.724822
226 -31.630556 78.850979 43.724822
227 -31.683185 78.351464 44.684002
228 -31.806540 77.882490 45.068171
229 -31.903665 77.510101 45.068171
230 -31.908329 77.265230 45.068171
231 -31.859273 76.768464 45.068171
232 -31.762661 76.421902 45.068171
233 -31.625544 76.160760 45.068171
234 -31.460126 75.664532 45.068171
235 -31.428189 75.176842 45.068171
236 -31.430764 75.131915 45.316002
237 -31.462519 75.108985 45.316002
238 -31.594687 75.194452 45.316002
239 -31.699564 75.615926 45.316002
240 -31.688993 76.097315 45.316002
241 -31.615284 76.510765 45.316002
242 -31.573423 76.706281 45.316002
243 -31.531750 77.179131 45.316002
244 -31.530607 77.633993 45.316002
245 -31.550153 78.043519 45.316002
246 -31.554791 78.578499 45.372459
247 -31.555268 78.633497 45.372459
248 -31.555268 78.633497 45.372459
249 -31.555268 78.633497 45.372459
250 -31.472066 78.533556 45.372459
251 -31.400887 78.095387 45.372459
252 -31.442250 77.608762 45.372459
253 -31.511307 77.270886 45.372459
254 -31.546613 76.978013 45.508022
255 -31.578298 76.609464 45.508022
256 -31.595821 76.380285 45.508022
258 -31.540416 75.677773 45.508022
258 -31.539185 75.667849 45.508022
259 -31.458264 75.459212 45.508022
260 -31.184372 75.020271 45.508022
261 -30.819692 74.503604 45.508022
262 -30.429683 73.999360 45.508022
263 -30.024955 73.503601 45.508022
264 -29.696216 73.097555 45.508022
265 -29.541907 72.907284 45.508022
266 -29.231788 72.471458 45.508022
267 -28.908881 72.007933 45.508022
269 -28.208160 71.099406 45.508022
269 -28.201672 71.091797 45.508022
270 -28.039651 70.908050 45.508022
271 -27.663960 70.527246 45.508022
272 -27.191056 70.081446 45.508022
273 -26.660948 69.707147 45.508022
274 -26.094446 69.388460 45.508022
275 -25.526028 69.073327 45.508022
276 -24.988966 68.707926 45.508022
277 -24.477895 68.306338 45.508022
278 -23.966135 67.905600 45.508022
280 -23.009900 67.124311 45.508022
280 -23.009900 67.124311 45.508022
281 -23.009900 67.124311 45.508022
282 -22.960057 67.156686 45.508022
283 -22.884534 67.457397 45.508022
284 -23.193804 67.950531 45.508022
285 -23.761259 68.260512 45.508022
286 -24.373727 68.478063 45.508022
287 -24.971554 68.732091 45.508022
288 -25.541691 69.043919 45.508022
289 -26.091025 69.391200 45.508022
291 -27.111905 70.174724 45.508022
292 -27.360187 70.457364 45.508022
293 -27.542460 70.744181 45.508022
294 -27.665314 71.081270 45.508022
295 -27.690908 71.377371 45.508022
296 -27.692177 71.717267 45.508022
297 -27.674039 72.011687 45.508022
298 -27.662427 72.466499 45.508022
299 -27.657650 72.936313 45.508022
300 -27.664305 73.406213 45.508022
301 -27.675045 73.865946 45.508022
303 -27.705640 74.855112 45.508022
304 -27.693316 75.319872 45.508022
305 -27.629581 75.783898 45.508022
306 -27.325617 76.296484 45.508022
307 -26.793666 76.650621 45.508022
308 -26.160965 76.777379 45.508022
309 -25.513893 76.785444 45.508022
310 -24.866963 76.758292 49.628420
311 -24.219629 76.745218 50.431142
312 -23.574633 76.746209 50.431142
313 -22.927143 76.749719 51.540470
315 -21.504683 76.759210 51.784361
316 -20.857478 76.778661 51.784361
317 -20.210315 76.799548 51.784361
318 -19.563276 76.823409 51.784361
319 -18.920914 76.918524 51.784361
320 -18.298335 77.102239 51.784361
321 -17.692921 77.338379 51.784361
322 -17.064137 77.489235 51.784361
323 -16.418869 77.538013 51.784361
324 -15.773895 77.542602 51.784361
325 -15.126425 77.548839 51.784361
328 -13.572586 77.534365 51.784361
329 -13.545492 77.516545 51.784361
330 -13.467673 77.258045 51.784361
331 -13.530283 76.771585 51.784361
332 -13.628978 76.604367 51.784361
333 -13.846705 76.211389 51.784361
334 -13.970789 75.708899 51.784361
335 -13.942835 75.185019 51.784361
336 -13.885952 74.758814 51.784361
337 -13.880025 74.558904 51.784361
338 -13.857615 74.069417 51.784361
340 -13.853178 73.324570 51.784361
341 -13.858120 73.315877 51.784361
342 -14.071198 73.217509 51.784361
343 -14.467441 73.421669 51.784361
344 -14.628735 73.981285 51.784361
345 -14.651139 74.460474 51.784361
346 -14.717584 74.914951 51.784361
347 -14.783680 75.092125 51.784361
348 -14.991537 75.485489 51.784361
349 -15.112778 75.703589 51.784361
350 -15.317360 75.981363 51.784361
353 -16.701641 77.259509 51.784361
354 -17.195004 77.403577 51.784361
355 -17.836134 77.492745 51.784361
356 -18.478308 77.575518 51.784361
357 -19.119081 77.668455 51.784361
358 -19.756340 77.783114 51.784361
359 -20.396488 77.895754 51.784361
360 -21.036290 78.010278 51.784361
361 -21.672273 78.131780 51.784361
362 -22.306530 78.261994 51.784361
363 -22.941697 78.399941 51.784361
366 -24.839522 78.845260 51.784361
367 -25.472894 78.975547 51.784361
368 -26.050395 79.267011 51.784361
369 -26.470460 79.736852 51.784361
370 -26.719005 80.178317 51.784361
371 -26.812003 80.418020 51.784361
372 -26.936202 80.782409 51.784361
373 -27.185740 81.321411 51.784361
374 -27.328430 81.571002 51.784361
375 -27.490967 81.863898 51.784361
376 -27.668981 82.377691 51.784361
379 -27.703223 83.403179 51.784361
380 -27.706131 83.705292 51.784361
381 -27.801546 83.994752 51.784361
382 -27.909943 84.517686 51.784361
383 -27.930615 84.991926 51.784361
384 -27.930786 85.466851 51.784361
385 -27.943269 85.926551 51.784361
386 -27.953119 86.386352 51.784361
387 -27.964369 86.856130 51.784361
388 -27.971080 87.320966 51.784361
389 -27.985370 87.770578 51.784361
392 -28.012565 89.234657 51.784361
393 -28.015689 89.294576 51.784361
394 -28.015689 89.294576 51.784361
395 -28.008171 89.287982 51.895472
396 -27.959701 89.087034 51.895472
397 -27.992006 88.578328 51.895472
398 -27.990034 88.330578 51.895472
399 -27.889386 87.959076 51.895472
400 -27.714741 87.453555 51.895472
401 -27.494600 87.005721 51.895472
402 -27.087103 86.661775 51.895472
405 -24.908025 86.636665 52.392558
406 -24.259212 86.612748 52.392558
407 -23.619362 86.499958 53.500842
408 -22.986265 86.353227 54.427384
409 -22.359674 86.180588 54.427384
410 -21.738822 86.005770 54.317033
411 -21.106712 85.854563 54.317033
412 -20.470798 85.720171 54.317033
413 -19.884891 85.603983 54.317033
414 -19.557183 85.496815 54.317033
415 -19.405627 85.434862 54.167334
419 -19.318984 85.400430 54.167334
420 -19.346327 85.429539 54.167334
421 -19.346327 85.429539 54.167334
422 -19.346327 85.429539 54.093439
423 -19.363832 85.439161 54.093439
424 -19.421421 85.541882 54.100093
425 -19.333904 85.664899 54.100093
426 -18.940042 85.792637 54.100093
427 -18.309229 85.813875 54.100093
428 -17.664758 85.751387 54.100093
429 -17.017804 85.743619 54.100093
433 -14.627333 85.858347 54.167334
434 -13.982504 85.778907 54.167334
435 -13.348115 85.638974 54.167334
436 -12.732482 85.430927 54.177671
437 -12.133787 85.178213 54.255876
438 -11.542878 84.907475 54.255876
439 -10.958931 84.622056 54.167334
440 -10.515283 84.408211 54.167334
441 -10.302546 84.308375 54.167334
444 -10.121577 84.229954 54.167334
445 -10.121577 84.229954 54.167334
446 -10.140503 84.192209 54.167334
447 -10.400086 84.103009 54.167334
448 -10.962851 84.216866 54.167334
449 -11.566316 84.457524 54.167334
450 -12.160197 84.721713 54.167334
451 -12.758185 84.976460 54.167334
452 -13.361300 85.218816 54.167334
453 -13.941942 85.509958 54.167334
454 -14.521808 85.790685 54.167334
458 -17.022924 86.004443 54.167334
459 -17.670001 86.025006 54.167334
460 -18.316762 86.055928 54.167334
461 -18.961181 86.083235 54.167334
462 -19.608167 86.109051 54.167334
463 -20.255215 86.133203 54.167334
464 -20.902115 86.160498 54.167334
465 -21.545939 86.199328 54.167334
466 -22.191813 86.245043 54.167334
467 -22.836817 86.301380 54.167334
468 -23.477726 86.373897 54.167334
472 -25.931267 86.571801 54.167334
473 -26.446117 86.644776 54.167334
474 -27.061176 86.840759 54.167334
475 -27.449448 87.234335 54.167334
476 -27.686040 87.732671 54.167334
477 -27.710961 88.050753 54.167334
478 -27.656760 88.366091 54.167334
479 -27.614486 88.869125 54.167334
480 -27.608951 89.148880 54.167334
481 -27.625536 89.503485 54.167334
482 -27.630202 89.813328 54.167334
486 -27.673229 91.112884 54.167334
487 -27.727942 91.478814 54.167334
488 -27.789258 91.645215 54.167334
489 -27.882477 92.104698 54.167334
490 -27.911270 92.578788 54.167334
491 -27.904432 92.758656 54.167334
492 -27.898064 93.233602 54.331023
493 -27.902496 93.653553 54.331023
494 -27.946333 93.884377 54.331023
495 -28.004614 94.335377 55.361539
496 -28.003926 94.515376 55.361539
500 -28.178492 96.077282 56.704321
501 -28.186075 96.257118 56.704321
502 -28.231827 96.729728 56.704321
503 -28.296601 97.190189 57.422818
504 -28.304390 97.370019 57.422818
505 -28.334615 97.839046 57.422818
506 -28.363397 98.318169 58.300772
507 -28.356427 98.498033 58.300772
508 -28.354292 98.967949 58.300772
509 -28.381871 99.145761 59.182599
510 -28.424981 99.613461 59.182599
512 -28.406695 100.552578 60.068128
513 -28.396802 100.572767 60.068128
514 -28.238354 100.640942 61.048342
515 -27.816153 100.434782 61.048342
516 -27.733893 100.293527 61.673495
517 -27.631890 99.875942 61.673495
518 -27.482241 99.392456 61.673495
519 -27.098664 98.877237 61.673495
520 -26.547924 98.535257 61.673495
521 -25.956975 98.264599 61.673495
522 -25.363201 98.000248 61.673495
527 -22.615718 96.688206 61.673495
528 -22.615718 96.688206 61.673495
529 -22.538820 96.732745 61.673495
530 -22.445751 97.041491 61.673495
531 -22.733954 97.555013 61.673495
532 -23.294172 97.872492 61.673495
533 -23.913187 98.061769 61.673495
534 -24.537942 98.240950 61.673495
535 -25.157693 98.436772 61.673495
536 -25.772172 98.648613 61.673495
537 -26.379930 98.879086 61.673495
541 -28.400567 100.443602 61.673495
542 -28.669772 100.771986 61.673495
543 -28.997480 101.289245 61.673495
544 -29.071000 101.419955 61.673495
545 -29.285971 101.820960 61.673495
546 -29.612330 102.347827 61.673495
547 -29.982598 102.845010 62.477036
548 -30.347897 103.336574 62.477036
549 -30.700707 103.843313 63.371445
550 -30.993618 104.296912 63.371445
551 -31.352858 104.805227 63.996406
557 -33.711544 107.200626 66.322998
558 -33.836358 107.261769 66.322998
559 -34.203973 107.219752 66.322998
560 -34.493319 106.857395 66.502481
561 -34.525093 106.644874 66.502481
562 -34.620981 106.164357 66.502481
563 -34.716994 105.694154 66.502481
564 -34.836613 105.302206 66.502481
565 -34.981465 105.080449 66.502481
566 -35.303411 104.628422 66.502481
567 -35.574700 104.141667 66.502481
572 -37.786619 101.772710 66.502481
573 -37.786619 101.772710 66.502481
574 -37.865488 101.797590 66.502481
575 -37.946728 102.057623 66.502481
576 -37.649748 102.523324 66.502481
577 -37.087555 102.848587 66.502481
578 -36.491335 103.106380 66.502481
579 -35.887099 103.345881 66.502481
580 -35.303819 103.631665 66.502481
581 -34.775013 104.007935 66.502481
582 -34.290548 104.440991 66.502481
589 -30.350287 105.614427 66.502481
590 -30.350287 105.614427 66.502481
591 -30.266146 105.761307 66.502481
592 -30.326518 106.202851 66.502481
593 -30.774282 106.655210 66.502481
594 -31.366344 106.920612 66.502481
595 -31.980305 107.133988 66.502481
596 -32.589527 107.360566 66.962228
597 -33.192755 107.602615 66.962228
598 -33.789339 107.860610 67.314932
599 -34.377266 108.137591 67.576475
603 -36.516417 109.577638 67.576475
604 -36.805287 109.912157 67.576475
605 -37.068892 110.327956 67.576475
606 -37.162968 110.543259 67.576475
607 -37.316301 110.928881 67.576475
608 -37.408882 111.144858 67.488814
609 -37.557962 111.516036 67.488814
610 -37.673055 111.720890 67.488814
611 -37.928211 112.173954 67.576475
612 -38.125071 112.564627 67.576475
613 -38.200672 112.787133 67.576475
620 -39.587098 115.717955 68.079512
621 -39.897534 116.198977 68.079512
622 -40.196371 116.669603 67.797493
623 -40.543835 117.137057 67.797493
624 -40.913796 117.567342 70.348419
625 -41.294630 118.062892 70.348419
626 -41.619421 118.459295 70.348419
627 -41.747209 118.656507 70.348419
628 -42.034810 119.095710 70.348419
629 -42.399477 119.597031 70.348419
630 -42.815454 120.079991 70.348419
637 -45.405771 123.069850 70.436496
638 -45.405771 123.069850 70.436496
639 -45.387266 123.104159 70.436496
640 -45.141408 123.117035 70.436496
641 -44.687676 122.826702 70.436496
642 -44.257112 122.351837 70.436496
643 -44.073372 122.093347 70.436496
644 -43.913329 121.804758 70.436496
645 -43.678368 121.463889 70.436496
646 -43.171354 121.179393 70.436496
647 -42.527231 121.144729 70.436496
655 -37.627930 121.561759 70.436496
656 -36.984637 121.634486 70.436496
657 -36.343255 121.723276 70.436496
658 -35.701721 121.788754 70.436496
659 -35.055750 121.833216 70.436496
660 -34.409495 121.873322 70.945754
661 -33.636322 121.953667 71.115259
662 -33.123261 122.021270 71.115259
663 -32.478378 122.102078 72.410635
664 -31.853988 122.278229 72.410635
665 -31.285672 122.591216 73.778724
673 -27.282208 125.985305 81.732368
674 -27.178989 126.131463 81.589828
675 -27.139999 126.606357 81.589828
676 -27.242325 127.028545 81.589828
677 -27.334012 127.244886 81.589828
678 -27.544911 127.714694 81.589828
679 -27.628059 127.973174 81.589828
680 -27.706877 128.349971 81.589828
681 -27.766894 128.861066 81.589828
682 -27.794715 129.355283 81.589828
683 -27.835468 129.838470 81.589828
688 -27.975054 131.774420 81.589828
689 -28.011275 131.872903 81.589828
690 -28.037241 131.926709 81.589828
691 -28.229749 132.056176 81.589828
692 -28.759108 132.111980 81.589828
693 -29.405394 132.074036 81.589828
694 -30.052523 132.057621 81.589828
695 -30.697100 132.079636 81.589828
696 -31.343046 132.124159 81.589828
697 -31.986822 132.193295 81.589828
698 -32.627739 132.265747 81.589828
707 -38.417968 132.851152 81.589828
708 -38.931900 132.929275 81.589828
709 -39.565458 133.073605 81.589828
710 -40.188612 133.257769 81.589828
711 -40.796942 133.486664 81.589828
712 -41.394569 133.742225 81.589828
713 -41.987068 134.009394 81.589828
714 -42.563197 134.310210 81.589828
715 -43.110564 134.660356 81.589828
716 -43.630817 135.049914 81.589828
717 -44.151056 135.439591 81.589828
727 -44.991070 136.090107 81.589828
728 -44.812930 135.921910 81.589828
729 -44.410057 135.562615 81.589828
730 -43.865523 135.209892 81.589828
731 -43.283346 134.920914 81.589828
732 -42.701548 134.631095 81.589828
733 -42.118262 134.344317 81.589828
734 -41.533858 134.059924 81.589828
735 -40.935122 133.807001 81.589828
736 -40.348200 133.552752 81.589828
737 -39.716093 133.419849 81.589828
747 -38.043644 135.141157 81.589828
748 -37.999560 135.237626 81.589828
749 -37.681826 135.350012 81.589828
750 -37.404190 135.220341 81.589828
751 -37.289046 135.051974 81.589828
752 -37.035791 134.656062 81.589828
753 -36.761063 134.326723 81.589828
754 -36.245654 134.072311 81.589828
755 -35.600203 134.013957 81.589828
756 -34.953669 134.048618 81.589828
757 -34.308023 134.097440 81.589828
767 -29.260505 135.936122 81.990853
768 -29.240256 135.950750 81.990853
769 -29.052276 135.966413 81.990853
770 -28.898660 135.776176 81.990853
771 -28.818936 135.287758 81.804279
772 -28.799392 135.093833 81.804279
773 -28.731101 134.654652 81.804279
774 -28.521104 134.132321 81.804279
775 -28.140225 133.622131 81.804279
776 -27.710819 133.154697 81.804279
777 -27.176824 132.804844 81.876615
788 -20.509254 132.794029 81.804279
789 -20.509254 132.794029 81.804279
790 -20.509254 132.794029 81.804279
791 -20.464121 132.859443 81.804279
792 -20.459842 132.899137 81.804279
793 -20.528987 133.023792 81.804279
794 -20.840319 133.104811 81.804279
795 -21.381460 133.042885 81.804279
796 -22.019853 132.921191 81.804279
797 -22.653857 132.789705 81.804279
798 -23.290142 132.669753 81.804279
808 -28.550403 129.878157 81.804279
809 -28.731518 129.530149 81.804279
810 -28.873699 129.266014 81.804279
811 -29.130519 128.743188 81.804279
812 -29.245323 128.529872 81.804279
813 -29.470995 128.175666 81.804279
814 -29.742629 127.655785 81.804279
815 -29.795766 127.499604 81.804279
816 -29.976463 127.060327 81.804279
817 -30.188634 126.580184 81.804279
818 -30.279286 126.355370 81.804279
829 -32.064960 121.944369 81.804279
830 -32.583210 121.552719 81.804279
831 -33.116955 121.181763 81.804279
832 -33.652120 120.812862 81.804279
833 -34.167971 120.417662 81.804279
834 -34.660055 119.993034 81.804279
835 -35.144487 119.559648 81.804279
836 -35.632445 119.130268 81.804279
837 -36.124953 118.706088 81.804279
838 -36.608044 118.271285 81.804279
839 -37.057672 117.805444 81.804279
850 -40.602099 112.694691 81.804279
851 -41.002263 112.188874 81.804279
852 -41.482249 111.758560 81.804279
853 -42.047067 111.442097 81.804279
854 -42.613035 111.122502 81.804279
855 -43.222204 110.915388 81.804279
856 -43.871322 110.907832 81.804279
857 -44.501964 111.050608 81.804279
858 -45.097300 111.308692 81.804279
859 -45.642416 111.662200 81.804279
860 -46.162552 112.051855 81.804279
870 -47.245091 113.062472 81.804279
871 -47.079702 112.913647 81.804279
872 -46.718001 112.575784 81.804279
873 -46.250097 112.124603 81.804279
874 -45.784312 111.671235 81.804279
875 -45.320968 111.215374 81.804279
876 -44.859885 110.757226 81.804279
877 -44.396133 110.301779 81.804279
878 -43.932694 109.846016 81.804279
879 -43.478866 109.384179 81.804279
880 -43.034799 108.916586 81.804279
892 -44.339998 104.530260 81.804279
893 -44.339998 104.530260 81.804279
894 -44.326641 104.515402 81.804279
895 -44.258019 104.504411 81.804279
896 -44.238020 104.504344 81.804279
897 -44.120270 104.569450 81.804279
898 -44.053858 104.614052 81.804279
899 -44.005157 104.676942 81.804279
900 -43.979663 104.810945 81.804279
901 -43.966422 105.205633 81.804279
902 -43.913636 105.645389 81.804279
913 -37.163316 107.372042 81.804279
914 -36.595690 107.513489 81.804279
915 -35.967282 107.679483 81.804279
916 -35.339486 107.847792 81.804279
917 -34.710508 108.011708 81.804279
918 -34.079272 108.166738 81.804279
919 -33.445953 108.312874 81.804279
920 -32.816391 108.473867 81.804279
921 -32.200719 108.682066 81.804279
922 -31.587479 108.889811 81.804279
923 -30.974004 109.104526 81.804279
934 -24.188821 111.722072 81.804279
935 -24.188821 111.722072 81.804279
936 -24.069283 111.593292 81.804279
937 -24.154188 111.156368 81.804279
938 -24.628065 110.725412 81.804279
939 -25.211319 110.443354 81.804279
940 -25.835915 110.263510 81.804279
941 -26.452420 110.058606 81.804279
942 -27.038318 109.778368 81.804279
943 -27.522588 109.375909 81.804279
944 -27.776389 108.921160 81.804279
955 -27.722575 105.079954 81.804279
956 -27.735830 104.906410 81.804279
957 -27.835478 104.555386 81.804279
958 -27.913149 104.006373 81.804279
959 -27.919290 103.556516 81.804279
960 -27.950131 103.340191 81.804279
961 -28.098252 102.974075 81.804279
962 -28.255154 102.437449 81.804279
963 -28.300497 101.920480 81.804279
964 -28.262213 101.452187 81.804279
965 -28.250143 101.232700 81.804279
977 -28.101021 96.645954 81.804279
978 -28.130950 96.161935 81.804279
979 -28.148544 95.802482 81.804279
980 -28.135731 95.527781 81.804279
981 -28.120524 95.018047 81.804279
982 -28.118578 94.533140 81.804279
983 -28.126521 94.208237 81.804279
984 -28.134464 93.883334 81.804279
985 -28.137134 93.398453 81.804279
986 -28.122266 93.073991 81.804279
987 -28.085453 92.751211 81.804279
998 -27.891145 88.518347 81.804279
999 -27.897807 88.489161 81.804279
1000 -28.086277 88.350945 81.804279
1001 -28.458738 88.460438 81.804279
1002 -28.692574 89.003715 81.804279
1003 -28.748833 89.452020 81.804279
1004 -28.816857 89.947048 81.804279
1005 -28.972257 90.457881 81.804279
1006 -29.170992 90.913930 81.804279
1007 -29.463762 91.443883 81.804279
1008 -29.642787 91.711786 81.804279
1020 -31.628498 95.252513 81.804279
1021 -31.674880 95.323738 81.804279
1022 -31.721513 95.382111 81.804279
1023 -31.906253 95.499433 81.804279
1024 -32.394418 95.588638 81.804279
1025 -32.939064 95.358982 81.804279
1026 -33.211338 94.871556 81.804279
1027 -33.226458 94.672188 81.804279
1028 -33.246095 94.227649 81.804279
1029 -33.264560 93.843226 81.804279
1040 -33.303411 93.467731 81.804279
1041 -33.303411 93.467731 81.804279
1042 -33.303411 93.467731 81.804279
1043 -33.323363 93.466773 81.804279
1044 -33.462065 93.571215 81.804279
1045 -33.509006 93.794706 81.804279
1046 -33.506953 93.854659 81.804279
1047 -33.458985 94.206303 81.804279
1048 -33.297511 94.703360 81.804279
1049 -32.860243 95.163759 81.804279
1050 -32.238361 95.311381 81.804279
1062 -29.333035 91.035243 81.804279
1063 -29.070045 90.570013 81.804279
1064 -28.911861 90.167670 81.804279
1065 -28.840138 89.912567 81.804279
1066 -28.699806 89.464194 81.804279
1067 -28.538056 89.068482 81.804279
1068 -28.436310 88.823802 81.804279
1069 -28.248165 88.393160 81.804279
1070 -28.018991 87.907028 81.804279
1071 -27.752927 87.397722 81.804279
1072 -27.337357 86.899496 81.804279
1083 -20.618959 84.018647 81.804279
1084 -20.618959 84.018647 81.804279
1085 -20.560905 84.076354 81.804279
1086 -20.522141 84.196097 81.804279
1087 -20.522079 84.216094 81.804279
1088 -20.521620 84.196103 81.804279
1089 -20.521620 84.196103 81.804279
1090 -20.521620 84.196103 81.804279
1091 -20.521620 84.196103 81.804279
1092 -20.521620 84.196103 81.804279
1093 -20.590780 84.078342 81.804279
1105 -27.070379 85.913270 81.804279
1106 -27.485092 85.775575 81.804279
1107 -27.765388 85.463174 81.804279
1108 -27.848222 85.190524 81.804279
1109 -27.836610 84.796041 81.804279
1110 -27.804437 84.437594 81.804279
1111 -27.769201 84.145057 81.804279
1112 -27.767081 83.670228 81.804279
1113 -27.788711 83.371452 81.804279
1114 -27.870610 82.959784 81.804279
1115 -27.891027 82.678166 81.804279
1127 -27.721491 78.500001 81.804279
1128 -27.742231 78.080530 81.804279
1129 -27.764744 77.681185 81.804279
1130 -27.788181 77.377104 81.804279
1131 -27.802477 76.887420 81.804279
1132 -27.795103 76.507541 81.804279
1133 -27.821068 76.248843 81.804279
1134 -27.837926 75.789417 81.804279
1135 -27.811401 75.250111 81.804279
1136 -27.772160 74.852061 81.804279
1137 -27.771583 74.652070 81.804279
1148 -27.777202 69.777943 81.804279
1149 -27.736153 69.391217 81.804279
1150 -27.777998 68.858054 81.804279
1151 -27.830929 68.355907 81.804279
1152 -27.855099 67.831523 81.804279
1153 -27.849972 67.621778 81.804279
1154 -27.824107 67.207588 81.804279
1155 -27.820016 66.990325 81.804279
1156 -27.820210 66.575345 81.804279
1157 -27.834342 66.050614 81.804279
1158 -27.829710 65.545682 81.804279
1170 -28.013334 61.003826 81.804279
1171 -28.095921 60.695047 81.804279
1172 -28.446378 60.191877 81.804279
1173 -29.016816 59.887438 81.804279
1174 -29.689440 59.652819 81.804279
1175 -30.220291 59.407460 81.804279
1176 -30.883012 58.997441 81.804279
1177 -31.398375 58.601415 81.804279
1178 -31.913192 58.204601 81.804279
1179 -32.439674 57.823582 81.804279
1180 -32.982071 57.465449 81.804279
1193 -36.790954 53.816182 81.804279
1194 -36.790954 53.816182 81.804279
1195 -36.790954 53.816182 81.804279
1196 -36.790954 53.816182 81.804279
1197 -36.790954 53.816182 81.804279
1198 -36.790954 53.816182 81.804279
1199 -36.790954 53.816182 81.804279
1200 -36.798699 53.847637 81.804279
1201 -37.023033 54.016406 81.804279
1202 -37.553854 54.034632 81.804279
1203 -38.197833 53.969550 81.804279
1216 -46.623681 53.607175 81.804279
1217 -46.667721 53.583739 81.804279
1218 -46.761102 53.456983 81.804279
1219 -46.764142 53.033282 81.804279
1220 -46.564077 52.532804 81.804279
1221 -46.308452 52.057238 81.804279
1222 -46.088542 51.578208 81.804279
1223 -45.959509 51.207626 81.804279
1224 -45.879165 50.923790 81.804279
1225 -45.775586 50.589673 81.804279
1226 -45.634087 50.330886 81.804279
1240 -44.877845 48.644931 81.804279
1241 -44.877845 48.644931 81.804279
1242 -44.877845 48.644931 81.804279
1243 -44.906879 48.637788 81.804279
1244 -45.005074 48.696367 81.804279
1245 -45.094641 49.018941 81.804279
1246 -45.105820 49.392722 81.804279
1247 -45.058294 49.670975 81.804279
1248 -44.915564 50.170902 81.804279
1249 -44.766106 50.595335 81.804279
1250 -44.601007 51.032703 81.804279
1263 -36.971675 51.325999 81.804279
1264 -36.919433 51.326617 81.804279
1265 -36.808639 51.398976 81.804279
1266 -36.689528 51.769150 81.804279
1267 -36.689550 52.023850 81.804279
1268 -36.666834 52.417906 81.804279
1269 -36.589308 52.931841 81.804279
1270 -36.530577 53.053191 81.804279
1271 -36.332944 53.451878 81.804279
1272 -36.160757 53.965688 81.804279
1273 -36.050340 54.360497 81.804279
1288 -31.310472 60.457139 81.804279
1289 -31.315327 60.521012 81.804279
1290 -31.137173 60.645174 81.804279
1291 -30.678207 60.492326 81.804279
1292 -30.438846 59.928798 81.804279
1293 -30.429224 59.794142 81.804279
1294 -30.377776 59.352367 81.804279
1295 -30.321616 59.171718 81.804279
1296 -30.153564 58.759688 81.804279
1297 -30.088895 58.565396 81.804279
1298 -29.950750 58.190152 81.804279
1312 -25.483698 52.794379 81.804279
1313 -25.483698 52.794379 81.804279
1314 -25.396329 52.852427 81.804279
1315 -25.339527 53.206609 81.804279
1316 -25.695822 53.699504 81.804279
1317 -26.278951 53.980498 81.804279
1318 -26.875411 54.238077 81.804279
1319 -27.305501 54.514321 81.804279
1320 -27.469095 54.675980 81.804279
1321 -27.687361 54.978353 81.804279
1322 -27.774550 55.315272 81.804279
1337 -28.754421 61.349728 81.804279
1338 -28.825252 61.664099 81.804279
1339 -28.866646 62.026549 81.804279
1340 -28.878679 62.506291 81.804279
1341 -28.883595 62.996077 81.804279
1342 -28.902619 63.375570 81.804279
1343 -28.899313 63.618042 81.804279
1344 -28.909142 64.070295 81.804279
1345 -28.945323 64.381329 81.804279
1346 -29.014322 64.672841 81.804279
1347 -29.056657 65.065446 81.804279
1362 -30.113085 70.767076 81.804279
1363 -30.169681 71.071858 81.804279
1364 -30.244926 71.302286 81.804279
1365 -30.353838 71.804822 81.804279
1366 -30.397240 72.242630 81.804279
1367 -30.475593 72.756560 81.804279
1368 -30.584266 73.213794 81.804279
1369 -30.707539 73.604815 81.804279
1370 -30.774431 73.840504 81.804279
1371 -30.929057 74.342171 81.804279
1372 -31.132989 74.825910 81.804279
1386 -38.880626 77.082887 81.804279
1387 -39.527034 77.072932 81.804279
1388 -40.176481 77.096990 81.804279
1389 -40.824204 77.048643 81.804279
1390 -41.467916 76.959156 81.804279
1391 -42.103734 76.824807 81.804279
1392 -42.733236 76.662956 81.804279
1393 -43.361064 76.494824 81.804279
1394 -43.962078 76.250904 81.804279
1395 -44.459773 75.836914 81.804279
1396 -44.809882 75.378440 81.804279
1411 -47.901617 70.222862 81.804279
1412 -48.060319 69.877665 81.804279
1413 -48.177903 69.640366 81.804279
1414 -48.356486 69.299347 81.804279
1415 -48.505909 68.994201 81.804279
1416 -48.669261 68.702011 81.804279
1417 -48.897803 68.174562 81.804279
1418 -49.320845 67.702479 81.804279
1419 -49.931746 67.489994 81.804279
1420 -50.568494 67.373930 81.804279
1421 -51.210174 67.287646 81.804279
1436 -57.260853 65.916767 81.804279
1437 -57.106234 65.828753 81.804279
1438 -56.631438 65.837633 81.804279
1439 -56.000706 65.982364 81.804279
1440 -55.381365 66.179519 81.804279
1441 -54.758564 66.365105 81.804279
1442 -54.127987 66.522572 81.804279
1443 -53.490647 66.649972 81.804279
1444 -52.851995 66.770692 81.804279
1445 -52.218534 66.916327 81.804279
1446 -51.590778 67.084511 81.804279
1461 -46.246690 71.970116 81.804279
1462 -46.127127 72.212158 81.804279
1463 -45.958015 72.453849 81.804279
1464 -45.677019 72.908587 81.804279
1465 -45.516809 73.252991 81.804279
1466 -45.373494 73.507842 81.804279
1467 -45.102681 73.963365 81.804279
1468 -44.950969 74.253444 81.804279
1469 -44.786657 74.498436 81.804279
1470 -44.482683 74.938625 81.804279
1471 -44.280288 75.306488 81.804279
1486 -38.494449 77.990044 81.804279
1487 -37.890627 78.230649 81.804279
1488 -37.285763 78.468576 81.804279
1489 -36.679935 78.704052 81.804279
1490 -36.069226 78.926525 81.804279
1491 -35.454239 79.136941 81.804279
1492 -34.844966 79.363332 81.804279
1493 -34.241868 79.605748 81.804279
1494 -33.649108 79.872239 81.804279
1495 -33.073650 80.174358 81.804279
1496 -32.519565 80.513972 81.804279
1510 -31.475559 86.540539 81.804279
1511 -31.483429 86.740342 81.804279
1512 -31.450371 87.183985 81.804279
1513 -31.404264 87.686872 81.804279
1514 -31.361096 88.134715 81.804279
1515 -31.365189 88.559581 81.804279
1516 -31.393984 89.083777 81.804279
1517 -31.397898 89.503719 81.804279
1518 -31.412755 90.028483 81.804279
1519 -31.407394 90.448402 81.804279
1520 -31.417943 90.973287 81.804279
1535 -31.496159 97.804547 81.804279
1536 -31.496159 97.804547 81.804279
1537 -31.496159 97.804547 81.804279
1538 -31.405407 97.745130 81.804279
1539 -31.305264 97.405002 81.804279
1540 -31.303515 96.905343 81.804279
1541 -31.371345 96.604666 81.804279
1542 -31.485109 96.354401 81.804279
1543 -31.596441 95.858649 81.804279
1544 -31.590331 95.334317 81.804279
1545 -31.565031 94.860100 81.804279
1560 -31.446686 89.752775 81.804279
1561 -31.446686 89.752775 81.804279
1562 -31.476581 89.752254 81.804279
1563 -31.564791 89.825700 81.804279
1564 -31.588959 90.181916 81.804279
1565 -31.530175 90.622619 81.804279
1566 -31.487527 90.924400 81.804279
1567 -31.474463 91.229120 81.804279
1568 -31.460965 91.573837 81.804279
1569 -31.449414 91.878588 81.804279
1570 -31.446125 92.383568 81.804279
1585 -31.323595 99.157153 81.804279
1586 -31.313000 99.632008 81.804279
1587 -31.325818 100.101664 81.804279
1588 -31.311825 100.465969 81.804279
1589 -31.237049 100.836786 81.804279
1590 -31.059046 101.143748 81.804279
1591 -30.814138 101.606978 81.804279
1592 -30.708836 102.078925 81.804279
1593 -30.721905 102.547406 81.804279
1594 -30.777550 102.828794 81.804279
1595 -30.907704 103.159062 81.804279
1610 -36.373358 109.665123 81.804279
1611 -36.373358 109.665123 81.804279
1612 -36.373358 109.665123 81.804279
1613 -36.303745 109.737595 81.804279
1614 -36.079179 109.691297 81.804279
1615 -36.063727 109.679608 81.804279
1616 -36.004459 109.569552 81.804279
1617 -35.799281 109.185989 81.804279
1618 -35.558326 108.733677 81.804279
1619 -35.496883 108.507148 81.804279
1620 -35.325411 108.011653 81.804279
1635 -31.004745 102.072418 81.804279
1636 -30.912362 101.619303 81.804279
1637 -30.870766 101.208964 81.804279
1638 -30.855067 100.934415 81.804279
1639 -30.830878 100.410009 81.804279
1640 -30.814472 99.930289 81.804279
1641 -30.811785 99.415307 81.804279
1642 -30.799870 99.190624 81.804279
1643 -30.779019 98.726106 81.804279
1644 -30.781735 98.501122 81.804279
1645 -30.787287 98.041156 81.804279
1660 -30.685950 90.745622 81.804279
1661 -30.703575 90.211296 81.804279
1662 -30.770674 89.695658 81.804279
1663 -30.830486 89.217008 81.804279
1664 -30.855093 88.702681 81.804279
1665 -30.857876 88.172701 81.804279
1666 -30.853078 87.652723 81.804279
1667 -30.824873 87.171049 81.804279
1668 -30.795113 86.661918 81.804279
1669 -30.790269 86.264456 81.804279
1670 -30.795928 86.019523 81.804279
1684 -30.630818 78.520203 81.804279
1685 -30.633330 78.090246 81.804279
1686 -30.647182 77.605513 81.804279
1687 -30.632667 77.075763 81.804279
1688 -30.599900 76.591930 81.804279
1689 -30.577686 76.057422 81.804279
1690 -30.562606 75.527636 81.804279
1691 -30.561226 75.042688 81.804279
1692 -30.556371 74.512711 81.804279
1693 -30.541996 74.333290 81.804279
1694 -30.522673 73.848766 81.804279
1709 -30.389888 66.458107 81.804279
1710 -30.433479 65.985995 81.804279
1711 -30.486476 65.609855 81.804279
1712 -30.515080 65.286117 81.804279
1713 -30.545545 64.737016 81.804279
1714 -30.541154 64.197247 81.804279
1715 -30.509281 63.713393 81.804279
1716 -30.482812 63.179079 81.804279
1717 -30.479428 62.699177 81.804279
1718 -30.492865 62.224433 81.804279
1719 -30.500683 61.699509 81.804279
1734 -30.328073 54.980215 81.804279
1735 -30.355144 54.541861 81.804279
1736 -30.418483 54.040849 81.804279
1737 -30.475728 53.561782 81.804279
1738 -30.494880 53.290075 81.804279
1739 -30.500771 52.895128 81.804279
1740 -30.492660 52.415321 81.804279
1741 -30.461252 51.931421 81.804279
1742 -30.433064 51.407209 81.804279
1743 -30.428777 50.927346 81.804279
1744 -30.431958 50.447437 81.804279
1759 -30.249466 43.678266 81.804279
1760 -30.260340 43.650481 81.804279
1761 -30.475869 43.558706 81.804279
1762 -31.015384 43.630518 81.804279
1763 -31.634162 43.820363 81.804279
1764 -32.246971 44.036932 81.804279
1765 -32.869346 44.223918 81.804279
1766 -33.501747 44.373655 81.804279
1767 -34.137131 44.498133 81.804279
1768 -34.771858 44.612646 81.804279
1769 -35.413607 44.715842 81.804279
1785 -37.256590 44.518756 81.804279
1786 -37.141305 44.455380 81.804279
1787 -36.755091 44.426887 81.804279
1788 -36.133012 44.525721 81.804279
1789 -35.492163 44.617234 81.804279
1790 -34.846177 44.659559 81.804279
1791 -34.199105 44.683095 81.804279
1792 -33.554531 44.706539 81.804279
1793 -32.907318 44.725358 81.804279
1794 -32.259891 44.734493 81.804279
1795 -31.612431 44.741644 81.804279
1812 -21.561874 45.076194 81.804279
1813 -21.561874 45.076194 81.804279
1814 -21.561874 45.076194 81.804279
1815 -21.557364 45.105813 81.804279
1816 -21.602681 45.200845 81.804279
1817 -21.914486 45.325954 81.804279
1818 -22.499011 45.296752 81.804279
1819 -23.139931 45.224424 81.804279
1820 -23.784516 45.163824 81.804279
1821 -24.431127 45.130144 81.804279
1822 -25.075522 45.050193 81.804279
1839 -36.008417 44.435749 81.804279
1840 -36.655703 44.419468 81.804279
1841 -37.303159 44.412017 81.804279
1842 -37.950513 44.399072 81.804279
1843 -38.594806 44.370023 81.804279
1844 -39.241899 44.308896 81.804279
1845 -39.885352 44.236610 81.804279
1846 -40.525441 44.157491 81.804279
1847 -41.160390 44.019235 81.804279
1848 -41.774830 43.818205 81.804279
1849 -42.358541 43.562207 81.804279
1867 -47.229963 43.239510 81.804279
1868 -47.229963 43.239510 81.804279
1869 -47.229963 43.239510 81.804279
1870 -47.229963 43.239510 81.804279
1871 -47.229963 43.239510 81.804279
1872 -47.244027 43.253695 81.804279
1873 -47.155110 43.395551 81.804279
1874 -46.709483 43.532824 81.804279
1875 -46.069345 43.548782 81.804279
1876 -45.429240 43.469911 81.804279
1877 -44.788343 43.397695 81.804279
1894 -33.287837 43.883475 81.804279
1895 -32.640482 43.892801 81.804279
1896 -32.005515 43.787817 81.804279
1897 -31.526213 43.368284 81.804279
1898 -31.326104 42.906012 81.804279
1899 -31.252585 42.417021 81.804279
1900 -31.242728 42.242439 81.804279
1901 -31.209791 41.818932 81.804279
1902 -31.121093 41.301580 81.804279
1903 -31.004076 40.820674 81.804279
1904 -30.970977 40.648972 81.804279
1922 -30.251689 33.599181 81.804279
1923 -30.282781 33.539832 81.804279
1924 -30.491110 33.453188 81.804279
1925 -30.747783 33.663545 81.804279
1926 -30.861943 34.173855 81.804279
1927 -30.873246 34.671094 81.804279
1928 -30.918025 35.166204 81.804279
1929 -30.969343 35.387376 81.804279
1930 -31.100490 35.791614 81.804279
1931 -31.367804 36.355111 81.804279
1932 -31.765612 36.792132 81.804279
1952 -39.111410 37.095360 81.804279
1953 -38.989129 37.040083 81.804279
1954 -38.550996 37.029964 81.804279
1955 -37.912147 37.097985 81.804279
1956 -37.267159 37.154771 81.804279
1957 -36.623298 37.189976 81.804279
1958 -35.975843 37.185335 81.804279
1959 -35.328588 37.168638 81.804279
1960 -34.681514 37.145171 81.804279
1961 -34.034523 37.119551 81.804279
1962 -33.388693 37.075643 81.804279
1982 -37.386572 31.804763 81.804279
1983 -38.023492 31.691112 81.804279
1984 -38.665054 31.624782 81.804279
1985 -39.309027 31.537228 81.804279
1986 -39.947413 31.415133 81.804279
1987 -40.582027 31.274640 81.804279
1988 -41.210173 31.117710 81.804279
1989 -41.836007 30.942144 81.804279
1990 -42.461786 30.766417 81.804279
1991 -43.086725 30.587692 81.804279
1992 -43.709409 30.419619 81.804279
2013 -47.054676 29.413390 81.804279
2014 -46.924617 29.339682 81.804279
2015 -46.596571 29.282391 81.804279
2016 -46.008414 29.413188 81.804279
2017 -45.390679 29.615387 81.804279
2018 -44.769955 29.807983 81.804279
2019 -44.139032 29.964010 81.804279
2020 -43.500887 30.087515 81.804279
2021 -42.862523 30.209877 81.804279
2022 -42.221435 30.300515 81.804279
2023 -41.577926 30.391900 81.804279
2045 -30.885763 27.787869 81.804279
2046 -30.935794 27.360793 81.804279
2047 -30.996227 27.154526 81.804279
2048 -31.070249 26.665809 81.804279
2049 -31.059317 26.486212 81.804279
2050 -31.032741 26.012022 81.804279
2051 -31.019775 25.532205 81.804279
2052 -31.030905 25.352549 81.804279
2053 -31.049358 24.877939 81.804279
2054 -31.054848 24.407973 81.804279
2055 -31.079603 23.913593 81.804279
2077 -32.036074 19.063723 81.804279
2078 -31.876579 18.944062 81.804279
2079 -31.435635 18.829126 81.804279
2080 -30.801678 18.922726 81.804279
2081 -30.169367 19.061852 81.804279
2082 -29.530076 19.163350 81.804279
2083 -28.884376 19.209441 81.804279
2084 -28.239645 19.227739 81.804279
2085 -27.592301 19.241952 81.804279
2086 -26.944936 19.255139 81.804279
2087 -26.297605 19.269796 81.804279
2111 -19.265732 19.306239 81.804279
2112 -19.265732 19.306239 81.804279
2113 -19.265732 19.306239 81.804279
2114 -19.265732 19.306239 81.804279
2115 -19.265732 19.306239 81.804279
2116 -19.276876 19.344424 81.804279
2117 -19.470248 19.459983 81.804279
2118 -19.997060 19.477176 81.804279
2119 -20.636769 19.397534 81.804279
2120 -21.277290 19.302961 81.804279
2121 -21.920327 19.227524 81.804279
2147 -38.128814 15.880550 81.804279
2148 -38.611553 15.449061 81.804279
2149 -39.103575 15.024327 81.804279
2150 -39.600907 14.605811 81.804279
2151 -40.092273 14.180334 81.804279
2152 -40.565567 13.734905 81.804279
2153 -41.015862 13.273149 81.804279
2154 -41.453723 12.799607 81.804279
2155 -41.726555 12.424085 81.804279
2156 -41.835575 12.210325 81.804279
2171 -41.877425 12.044218 81.804279
2172 -41.843294 11.918531 81.804279
2173 -42.039055 11.603244 81.804279
2174 -42.569070 11.454169 81.804279
2175 -43.214593 11.494588 81.804279
2176 -43.857872 11.568387 81.804279
2177 -44.503988 11.608215 81.804279
2178 -45.151442 11.612637 81.804279
2179 -45.796407 11.605996 81.804279
2180 -46.443866 11.598681 81.804279
2181 -47.091324 11.591366 81.804279
2208 -49.509916 11.288625 81.804279
2209 -49.509916 11.288625 81.804279
2210 -49.509916 11.288625 81.804279
2211 -49.509916 11.288625 81.804279
2212 -49.509916 11.288625 81.804279
2213 -49.509916 11.288625 81.804279
2214 -49.505721 11.367375 81.804279
2215 -49.267564 11.556203 81.804279
2216 -48.682546 11.660298 81.804279
2217 -48.050644 11.573636 81.804279
2218 -47.419120 11.430849 81.804279
2246 -31.497095 18.373489 81.804279
2247 -30.862096 18.499673 81.804279
2248 -30.228773 18.645950 81.804279
2249 -29.593020 18.781096 81.804279
2250 -28.952634 18.892020 81.804279
2251 -28.314432 19.001162 81.804279
2252 -27.675136 19.118528 81.804279
2253 -27.037449 19.244398 81.804279
2254 -26.399901 19.370974 81.804279
2255 -25.763754 19.504421 81.804279
2256 -25.127240 19.636022 81.804279
2285 -20.254130 27.833496 81.804279
2286 -20.290834 27.867208 81.804279
2287 -20.379212 27.913854 81.804279
2288 -20.409149 27.913196 81.804279
2289 -20.542958 27.827382 81.804279
2290 -20.624253 27.419225 81.804279
2291 -20.611014 26.931530 81.804279
2292 -20.479097 26.427483 81.804279
2293 -20.373662 26.059200 81.804279
2294 -20.341492 25.826464 81.804279
2295 -20.252929 25.436430 81.804279
2324 -25.160347 19.782656 81.804279
2325 -25.675418 19.737093 81.804279
2326 -26.322267 19.709685 81.804279
2327 -26.968662 19.643434 81.804279
2328 -27.607170 19.522740 81.804279
2329 -28.244658 19.395833 81.804279
2330 -28.880029 19.271147 81.804279
2331 -29.581620 19.133401 81.804279
2332 -30.213520 18.981350 81.804279
2333 -30.845227 18.828255 81.804279
2334 -31.477533 18.677725 81.804279
2364 -48.462118 11.521419 81.804279
2365 -49.107116 11.578168 81.804279
2366 -49.743929 11.698266 81.804279
2367 -50.268564 12.048449 81.804279
2368 -50.583220 12.531405 81.804279
2369 -50.713657 12.940938 81.804279
2370 -50.858367 13.399856 81.804279
2371 -51.081992 13.953461 81.804279
2372 -51.347241 14.390504 81.804279
2373 -51.461761 14.551410 81.804279
2374 -51.742464 14.965146 81.804279
2404 -52.684247 16.699541 81.804279
2405 -52.520549 16.538180 81.804279
2406 -52.277426 16.138520 81.804279
2407 -52.220683 15.946740 81.804279
2408 -52.087415 15.532679 81.804279
2409 -52.047337 15.336744 81.804279
2410 -51.923429 14.852568 81.804279
2411 -51.752275 14.388148 81.804279
2412 -51.642520 14.180456 81.804279
2413 -51.421165 13.715577 81.804279
2414 -51.223071 13.297660 81.804279
2444 -35.382518 17.544936 81.804279
2445 -35.382518 17.544936 81.804279
2446 -35.336995 17.467859 81.804279
2447 -35.381555 17.366791 81.804279
2448 -35.405906 17.347210 81.804279
2449 -35.415748 17.348978 81.804279
2450 -35.675468 17.386597 81.804279
2451 -36.233073 17.369647 81.804279
2452 -36.834201 17.130578 81.804279
2453 -37.356825 16.745574 81.804279
2454 -37.838871 16.309577 81.804279
2485 -50.767549 6.788223 81.804279
2486 -50.767549 6.788223 81.804279
2487 -50.821954 6.787403 81.804279
2488 -50.933012 6.907468 81.804279
2489 -50.955325 7.344770 81.804279
2490 -50.841005 7.866460 81.804279
2491 -50.494199 8.376834 81.804279
2492 -50.019073 8.816247 81.804279
2493 -49.435770 9.100830 81.804279
2494 -48.822731 9.316510 81.804279
2495 -48.205223 9.519331 81.804279
2525 -30.943507 17.790148 81.804279
2526 -30.300278 17.833522 81.804279
2527 -29.656987 17.907190 81.804279
2528 -29.013362 17.977485 81.804279
2529 -28.366857 18.012338 81.804279
2530 -27.722110 18.030261 81.804279
2531 -27.077343 18.047593 81.804279
2532 -26.430062 18.064448 81.804279
2533 -25.782790 18.081610 81.804279
2534 -25.138026 18.099079 81.804279
2535 -24.490764 18.116615 81.804279
2566 -4.763368 18.642921 81.804279
2567 -4.756082 18.636072 81.804279
2568 -4.721861 18.433925 81.804279
2569 -4.976985 17.995058 81.804279
2570 -5.218558 17.709298 82.178953
2571 -5.491367 17.514969 82.178953
2572 -5.925520 17.095215 82.178953
2573 -6.299729 16.588751 82.178953
2574 -6.438669 16.363967 82.178953
2575 -6.589386 16.020608 82.178953
2576 -6.824855 15.545921 82.178953
2594 -9.296251 9.256015 82.340879
2595 -9.296251 9.256015 82.340879
2596 -9.279770 9.244715 82.340879
2597 -9.067668 9.216089 83.150108
2598 -8.787960 9.423851 83.150108
2599 -8.664561 9.830986 83.150108
2600 -8.643713 10.095136 83.942959
2601 -8.581683 10.570948 83.942959
2602 -8.516264 10.775667 83.942959
2603 -8.344625 11.250516 83.590552
2604 -8.151259 11.727755 83.590552
2636 7.492793 20.639477 90.448772
2637 8.074782 20.660534 90.448772
2638 8.722181 20.672012 90.448772
2639 9.562072 20.685049 92.518649
2641 10.339557 20.689828 92.518649
2642 11.117031 20.696146 92.518649
2643 11.827000 20.702753 92.518649
2644 12.669272 20.720640 94.452636
2646 13.573763 20.750966 94.452636
2647 14.412359 20.797946 96.257262
2648 15.379798 20.916845 96.257262
2669 17.025336 21.021813 101.930665
2671 18.110176 21.105096 101.930665
2673 19.260073 21.285595 101.930665
2675 20.424211 21.314078 102.022843
2676 21.719049 21.297974 102.022843
2678 22.945878 21.265482 103.532123
2680 24.110591 21.269147 103.532123
2682 25.275081 21.303521 105.498154
2684 26.569452 21.343300 105.947631
2686 27.860320 21.408208 105.947631
2688 29.090082 21.383642 106.585273
2710 30.871736 21.356988 106.498923
2712 30.615332 21.510400 106.498923
2714 29.351107 21.435670 106.498923
2716 28.074355 21.235359 106.498923
2718 26.795224 21.033363 106.498923
2720 25.513249 20.833276 106.498923
2722 24.299348 20.635790 106.498923
2724 23.020611 20.402384 106.498923
2726 21.926278 20.124932 106.498923
2728 21.285903 19.446392 106.498923
2729 21.153516 18.453875 106.498923
2770 20.714051 10.152482 107.622027
2772 20.564782 9.353623 107.622027
2774 20.507052 8.706188 107.622027
2775 20.615338 7.853328 107.622027
2777 20.720772 7.140609 108.777298
2779 21.110874 6.374325 108.777298
2781 21.436509 5.599021 110.651980
2783 21.376588 4.992296 110.651980
2785 21.343720 3.947898 110.966394
2787 21.353500 3.288250 110.966394
2789 21.347697 2.578310 112.000449
2813 21.768607 -1.923739 113.193377
2815 21.768607 -1.923739 113.193377
2817 21.579869 -1.695036 113.193377
2818 21.543640 -1.181836 113.193377
2820 21.709287 -0.453982 113.193377
2822 21.718648 0.260162 113.193377
2823 21.679057 0.748492 113.193377
2825 21.663346 1.573311 113.193377
2827 21.666141 2.438216 113.193377
2828 21.650285 3.087926 113.193377
2830 21.634561 3.652625 113.193377
2875 17.186181 20.506701 113.193377
2877 16.149259 20.475777 113.193377
2879 15.048218 20.419424 113.193377
2880 13.949184 20.375129 113.193377
2882 12.914381 20.355069 113.193377
2884 11.814590 20.333614 113.193377
2885 10.844889 20.309658 113.193377
2887 9.745186 20.284621 113.193377
2888 8.710366 20.266070 113.193377
2890 7.610689 20.239438 113.193377
2892 6.511376 20.200590 113.193377
2938 -10.961182 5.863230 113.193377
2940 -11.272846 5.197605 113.193377
2942 -11.568139 4.572243 113.193377
2944 -11.831775 3.836733 113.193377
2946 -12.046980 3.061710 113.193377
2947 -12.285048 2.552547 113.193377
2949 -12.475421 2.003435 113.193377
2951 -12.677028 1.255831 113.193377
2953 -12.792498 0.601057 113.193377
2955 -12.868115 -0.320814 113.193377
2956 -13.041614 -1.274807 113.193377
3005 -14.122233 -4.897871 113.193377
3006 -13.151237 -4.860596 113.193377
3008 -11.991875 -4.750169 113.193377
3010 -10.892564 -4.711868 113.193377
3012 -9.663142 -4.674483 113.193377
3014 -8.498353 -4.654725 113.193377
3015 -7.336895 -4.751669 113.193377
3017 -6.118639 -4.891547 113.193377
3019 -4.827987 -4.835609 113.193377
3021 -3.665845 -4.754794 113.193377
3023 -2.375728 -4.680513 113.193377
3075 -0.366922 -5.017530 113.193377
3077 0.533002 -4.786388 113.193377
3079 1.822203 -4.715697 113.193377
3081 3.109161 -4.866325 113.193377
3083 4.373093 -5.153222 113.193377
3085 5.797212 -5.117146 113.193377
3087 7.076842 -4.891263 113.193377
3089 8.413334 -4.626525 113.193377
3091 9.804422 -4.298009 113.193377
3093 11.005234 -3.951240 113.193377
3095 11.527082 -3.807632 113.193377
3150 11.584953 -3.791791 113.193377
3152 11.584953 -3.791791 113.193377
3154 11.507417 -3.654542 113.193377
3156 10.393420 -3.637355 113.193377
3158 9.118282 -3.887414 113.193377
3160 7.790440 -4.202263 113.193377
3163 6.469568 -4.704246 113.193377
3165 5.214647 -5.023576 113.193377
3167 3.794297 -5.084921 113.193377
3169 2.434075 -5.020274 113.193377
3171 1.043842 -4.699813 113.193377
3227 -2.276706 0.919752 113.193377
3229 -0.871851 1.286765 113.193377
3231 0.437336 1.576339 113.193377
3233 1.172826 1.485779 113.193377
3236 1.668667 0.579428 113.193377
3238 1.789129 -0.209788 113.193377
3240 2.051536 -1.246976 113.193377
3242 2.295021 -2.149209 113.193377
3244 2.739111 -3.088267 113.193377
3246 3.458927 -4.078478 113.193377
3249 4.643439 -4.836409 113.193377
3305 8.929864 6.822685 113.193377
3307 8.832419 6.836517 113.193377
3309 9.137435 7.626655 113.193377
3311 10.368607 8.336967 113.193377
3314 11.547390 9.022200 113.193377
3316 12.686944 9.986727 113.193377
3318 13.803939 10.749256 113.193377
3320 15.039831 11.327413 113.193377
3322 16.316186 12.222218 113.193377
3325 17.354349 13.004592 113.193377
3327 18.569392 13.866826 113.193377
3384 -6.473818 22.272677 113.193377
3386 -6.586067 23.102323 113.193377
3388 -6.482793 23.930743 113.193377
3390 -6.021985 24.829189 113.193377
3392 -5.579415 25.852181 113.193377
3395 -5.358663 26.582854 113.193377
3397 -5.043561 27.031786 113.193377
3454 -4.909896 26.620395 113.193377
3456 -5.385252 25.577131 113.193377
3459 -5.759819 24.906779 113.193377
3461 -6.385354 23.951195 113.193377
3463 -6.516383 23.170557 113.193377
3465 -6.478200 22.584250 113.193377
3467 -6.462172 21.774509 113.193377
3470 -6.449147 21.527363 113.193377
3472 -6.436020 21.448608 113.193377
3474 -6.454445 21.471988 113.193377
3476 -6.368758 21.725105 113.193377
3534 26.992078 23.868123 113.193377
3536 26.992523 24.602972 113.193377
3538 26.992669 25.777872 113.193377
3540 26.996042 26.827468 113.193377
3542 26.981040 27.637167 113.193377
3545 26.977423 28.606858 113.193377
3547 26.962409 29.339037 113.193377
3549 27.087099 30.044794 113.193377
3551 27.107006 30.438689 113.193377
3609 27.238115 29.995042 113.193377
3611 27.056632 28.922305 113.193377
3613 26.989289 28.090734 113.193377
3616 27.049616 27.426051 113.193377
3618 27.067819 26.648190 113.193377
3620 27.107741 25.929258 113.193377
3622 27.143335 24.860328 113.193377
3624 27.255693 23.682221 113.193377
3627 28.031891 22.665584 113.193377
3629 29.207918 21.979266 113.193377
3631 30.608924 21.294148 113.193377
3689 36.833661 16.552924 113.193377
3691 35.867485 16.548215 113.193377
3693 34.444018 16.533080 113.193377
3696 33.064023 16.082267 113.193377
3698 32.709908 15.201136 113.193377
3700 32.843861 14.383167 113.193377
3702 32.844523 14.343172 113.193377
3704 32.844523 14.343172 113.193377
3707 32.844523 14.343172 113.193377
3709 32.844523 14.343172 113.193377
3711 32.844523 14.343172 113.193377
3770 32.644304 8.114633 113.193377
3772 32.717115 8.841842 113.193377
3774 32.547121 9.820618 113.193377
3776 32.525085 10.626141 113.193377
3779 32.518408 11.335658 113.193377
3781 32.524210 12.177699 113.193377
3783 32.502379 13.109494 113.193377
3785 32.482352 13.936527 113.193377
3787 32.461000 15.021253 113.193377
3790 32.497975 15.695135 113.193377
3792 32.569454 16.625613 113.193377
3851 20.811501 6.620014 113.193377
3854 20.539389 6.801034 113.193377
3856 20.539098 7.560658 113.193377
3858 20.633940 8.171520 113.193377
3860 20.630888 8.990689 113.193377
3862 20.529985 9.681426 113.193377
3864 20.543339 10.536319 113.193377
3866 20.599051 11.200903 113.193377
3868 20.651133 11.848706 113.193377
3870 20.722453 12.925893 113.193377
3872 20.908891 13.491955 113.193377
3932 39.830460 27.724600 113.193377
3934 39.126882 26.672424 113.193377
3936 38.331863 25.570682 113.193377
3938 38.021352 24.986118 113.193377
3940 37.520254 24.046710 113.193377
3942 36.531922 23.078741 113.193377
3944 35.256598 22.927483 113.193377
3946 33.896807 22.946630 113.193377
3948 32.605952 22.885331 113.193377
3950 31.183723 22.762949 113.193377
3952 29.895558 22.657196 113.193377
4012 -7.099752 14.668426 113.193377
4014 -7.483933 13.929694 113.193377
4016 -7.997767 13.120420 113.193377
4018 -8.398754 12.526719 113.193377
4020 -8.728729 11.859905 113.193377
4022 -9.163241 10.904292 113.193377
4024 -9.580151 10.351060 113.193377
4027 -9.853824 9.723836 113.193377
4029 -10.179870 8.868102 113.193377
4031 -10.605775 8.161705 113.193377
4033 -10.913976 7.531360 113.193377
4093 -31.722878 2.008960 113.193377
4095 -31.769353 1.427993 113.193377
4097 -31.743601 0.765954 113.193377
4099 -31.418741 -0.147204 113.193377
4101 -31.206491 -0.734912 113.193377
4102 -30.939047 -1.394983 113.193377
4104 -30.728373 -2.020140 113.193377
4106 -30.513693 -2.883042 113.193377
4108 -30.435443 -3.547759 113.193377
4110 -30.358706 -4.504584 113.193377
4112 -30.316528 -5.151641 113.193377
4174 -29.340232 -14.508729 113.193377
4175 -29.436161 -14.580208 113.193377
4177 -30.106665 -14.340729 113.193377
4178 -30.817495 -13.681102 113.193377
4179 -31.392980 -13.025415 113.193377
4181 -32.178788 -12.490419 113.193377
4182 -32.994113 -12.295325 113.193377
4184 -33.830521 -12.194810 113.193377
4185 -34.792700 -12.038878 113.193377
4187 -35.683765 -11.854285 113.193377
4188 -36.633834 -11.635665 113.193377
4223 -37.890871 -11.461444 113.193377
4224 -37.890871 -11.461444 113.193377
4225 -37.890871 -11.461444 113.193377
4227 -37.953502 -11.382432 113.193377
4228 -37.954708 -11.362494 113.193377
4229 -37.783218 -11.182374 113.193377
4231 -36.949758 -11.104744 113.193377
4232 -36.110249 -11.124351 113.193377
4233 -35.204941 -11.063557 113.193377
4235 -34.370925 -10.964759 113.193377
4236 -33.540902 -10.806653 113.193377
4303 -23.157941 -4.638141 113.193377
4304 -23.277734 -4.821928 113.193377
4305 -23.979105 -4.884116 113.193377
4307 -24.883831 -4.868172 113.193377
4308 -25.784403 -4.963084 113.193377
4309 -26.543713 -5.129724 113.193377
4311 -27.359649 -5.480163 113.193377
4312 -27.731755 -6.058795 113.193377
4313 -27.876470 -6.656366 113.193377
4315 -27.913709 -7.171072 113.193377
4316 -27.984929 -7.628049 113.193377
4382 -29.186769 -31.159082 118.307146
4383 -29.202879 -31.200801 118.307146
4384 -29.377264 -31.299646 118.307146
4385 -29.600430 -31.167742 118.629258
4386 -29.730682 -30.678450 118.629258
4387 -29.754056 -30.187052 118.629258
4388 -29.783698 -29.982486 118.629258
4389 -29.908632 -29.545028 118.672072
4390 -30.005395 -29.131708 118.672072
4391 -30.077816 -28.851469 118.672072
4392 -30.212085 -28.522898 118.672072
4430 -39.880730 -24.446828 118.698360
4431 -39.880730 -24.446828 118.698360
4432 -39.880730 -24.446828 118.698360
4433 -39.941848 -24.398500 118.698360
4434 -39.933331 -24.287401 118.698360
4436 -39.549830 -24.140962 118.698360
4437 -38.902405 -24.145182 118.698360
4438 -38.129748 -24.231767 118.698360
4439 -37.356822 -24.286909 118.698360
4440 -36.644541 -24.302542 118.698360
4441 -35.867404 -24.280271 118.698360
4515 -39.717535 -18.745031 118.698360
4516 -39.717535 -18.745031 118.698360
4517 -39.717535 -18.745031 118.698360
4518 -39.782340 -18.701774 118.698360
4519 -39.756876 -18.547192 118.698360
4521 -39.329945 -18.424661 118.698360
4522 -38.504980 -18.467788 118.698360
4523 -37.730081 -18.530009 118.698360
4525 -36.825434 -18.542260 118.698360
4526 -36.113924 -18.506017 118.698360
4527 -35.208573 -18.443864 118.698360
4602 -30.421057 -43.449656 128.504400
4603 -30.516920 -43.520651 128.504400
4604 -30.673304 -43.396915 128.504400
4605 -30.772973 -42.837650 129.808246
4607 -30.715532 -42.238356 129.808246
4608 -30.663092 -41.739034 129.808246
4609 -30.655171 -41.334198 130.470613
4610 -30.675749 -41.060392 130.470613
4611 -30.753759 -40.714084 130.470613
4612 -30.860227 -40.159459 130.507091
4613 -30.959179 -39.700103 130.507091
4655 -37.091329 -38.215325 130.507091
4656 -37.091329 -38.215325 130.507091
4657 -37.091329 -38.215325 130.507091
4658 -37.159750 -38.196362 130.507091
4659 -37.201611 -38.089128 130.507091
4660 -37.031565 -37.953306 130.507091
4662 -36.512235 -37.851475 130.507091
4663 -35.877928 -37.910385 130.507091
4664 -35.174543 -38.023906 130.507091
4665 -34.406651 -38.128106 130.507091
4666 -33.761467 -38.182010 130.507091
4747 -37.127640 -52.908814 132.433911
4748 -37.100721 -53.116162 132.433911
4749 -37.420657 -53.501060 132.433911
4750 -37.958695 -53.862858 132.433911
4751 -38.691348 -54.126272 132.433911
4752 -39.317290 -54.301130 132.433911
4753 -39.921072 -54.540732 132.433911
4754 -40.554626 -54.871482 132.433911
4755 -41.053222 -55.177446 132.433911
4757 -41.719110 -55.583607 132.433911
4757 -42.227199 -55.873525 132.433911
4804 -46.349953 -58.220660 132.402194
4805 -46.177806 -58.306048 132.402194
4806 -45.709380 -58.243864 132.402194
4807 -45.168309 -57.888057 132.402194
4808 -44.646325 -57.500730 132.402194
4809 -44.113374 -57.128689 132.402194
4810 -43.564617 -56.780398 132.473774
4811 -43.010204 -56.441117 132.473774
4812 -42.458861 -56.096857 132.473774
4813 -41.903075 -55.759824 132.473774
4814 -41.349414 -55.419480 132.831400
4907 -16.854704 -45.666165 133.836695
4908 -16.854704 -45.666165 133.836695
4909 -16.751446 -45.583217 133.836695
4910 -16.714361 -45.291882 133.836695
4911 -17.079522 -44.976601 133.836695
4912 -17.700425 -44.918701 133.836695
4913 -18.347643 -44.906809 133.836695
4914 -18.991622 -44.821193 133.836695
4915 -19.627014 -44.684601 133.836695
4916 -20.244245 -44.515468 133.836695
4917 -20.878871 -44.390695 133.836695
5010 -23.880755 -52.640365 136.587045
5011 -23.880755 -52.640365 136.587045
5012 -23.880755 -52.640365 136.587045
5013 -23.880755 -52.640365 136.587045
5014 -23.964675 -52.609207 136.587045
5015 -23.990918 -52.511784 136.587045
5016 -23.834087 -52.366227 136.587045
5017 -23.360308 -52.294655 136.587045
5018 -22.722632 -52.351673 136.587045
5019 -22.088280 -52.481371 136.587045
5020 -21.453171 -52.607156 136.616620
5116 -11.815185 -53.895021 136.616620
5117 -11.815185 -53.895021 136.616620
5118 -11.815185 -53.895021 136.616620
5119 -11.815185 -53.895021 136.616620
5120 -11.884780 -53.852877 136.616620
5121 -11.980373 -53.523443 136.616620
5122 -11.985388 -53.481240 136.616620
5123 -11.978532 -53.267352 136.616620
5124 -11.797100 -52.813119 136.616620
5125 -11.479817 -52.273062 136.616620
5126 -11.099934 -51.799049 136.616620
5224 -8.455792 -46.582316 136.616620
5225 -8.387540 -46.808755 136.616620
5226 -8.514871 -47.325057 136.616620
5227 -8.831384 -47.873808 136.616620
5228 -9.201806 -48.358410 136.616620
5229 -9.549740 -48.863706 136.616620
5230 -9.816125 -49.350382 136.616620
5231 -10.012673 -49.766246 136.616620
5232 -10.127062 -50.005276 136.616620
5233 -10.374964 -50.501713 136.616620
5234 -10.514327 -50.792397 136.616620
5334 -28.768953 -66.069161 152.597841
5335 -28.498912 -66.131243 152.597841
5336 -27.955771 -66.087912 152.597841
5337 -27.310881 -66.030058 152.597841
5338 -26.665314 -65.980134 152.597841
5339 -26.018551 -65.950042 152.627721
5340 -25.373730 -65.934949 152.627721
5341 -24.726504 -65.916155 152.627721
5342 -24.079290 -65.896915 152.627721
5343 -23.497047 -65.879607 152.627721
5344 -23.472058 -65.878851 152.627721
5396 -14.050865 -65.772984 152.627721
5397 -14.050865 -65.772984 152.627721
5398 -14.050865 -65.772984 152.627721
5399 -14.050865 -65.772984 152.627721
5400 -14.050865 -65.772984 152.627721
5401 -14.107359 -65.664964 152.627721
5402 -14.400824 -65.592695 152.627721
5403 -14.989641 -65.629723 152.627721
5404 -15.635354 -65.677786 152.627721
5405 -16.281847 -65.712702 152.627721
5406 -16.926612 -65.729543 152.627721
5510 -34.052633 -78.903741 162.200682
5511 -33.883346 -78.907881 162.200682
5513 -33.793429 -78.863790 162.200682
5514 -33.611812 -78.134460 162.200682
5516 -33.580381 -77.667597 162.200682
5518 -33.390527 -77.057716 162.200682
5519 -32.582471 -76.614640 162.200682
5521 -31.552414 -76.651107 162.200682
5523 -30.388623 -76.743865 162.200682
5524 -29.357583 -76.742929 162.200682
5526 -28.325921 -76.660182 162.200682
5584 -21.683268 -77.848393 162.898561
5586 -21.985785 -77.956231 162.898561
5587 -22.963604 -77.648661 162.898561
5589 -23.788420 -77.015775 162.898561
5591 -24.701268 -76.396479 162.898561
5592 -25.678265 -75.880479 162.898561
5594 -26.582953 -75.381197 162.898561
5596 -27.368097 -74.739274 162.898561
5597 -27.619035 -74.155393 162.898561
5599 -27.715236 -73.417615 162.898561
5601 -27.742278 -72.928415 162.898561
5715 -24.455546 -33.037250 162.924833
5716 -24.419215 -33.178214 162.924833
5717 -24.964578 -33.630650 162.924833
5719 -25.871456 -33.696972 162.924833
5720 -26.824778 -33.854641 162.924833
5722 -27.511281 -34.337545 162.924833
5723 -27.633732 -34.716294 162.924833
5725 -27.634665 -35.371145 162.924833
5726 -27.619875 -36.020881 162.924833
5727 -27.599763 -36.394968 162.924833
5729 -27.597767 -36.989869 162.924833
5844 -41.555435 -76.097182 162.924833
5845 -42.282805 -76.156915 162.924833
5847 -43.251293 -76.210397 162.924833
5848 -44.215910 -76.346804 162.924833
5849 -45.089138 -76.601502 162.924833
5851 -46.064182 -76.963005 162.924833
5852 -46.715686 -77.293020 162.924833
5968 -46.917339 -77.626292 162.924833
5969 -46.156809 -77.561691 162.924833
5971 -45.234538 -77.089019 162.924833
5973 -44.315530 -76.476500 162.924833
5974 -43.271536 -76.153924 162.924833
5976 -42.306110 -76.061328 162.924833
5978 -41.144985 -75.967267 162.924833
5979 -40.115484 -75.839328 162.924833
5981 -39.088089 -75.695138 162.924833
5983 -37.930794 -75.541410 162.924833
5984 -36.968343 -75.402106 162.924833
6100 -20.688889 -62.301219 162.924833
6102 -21.220201 -62.877794 162.924833
6103 -22.137554 -63.202498 162.924833
6105 -23.143003 -63.649486 162.924833
6106 -23.790798 -64.359486 162.924833
6108 -24.415892 -65.154719 162.924833
6110 -25.318915 -65.781688 162.924833
6111 -26.225249 -66.140585 162.924833
6113 -27.117686 -66.566779 162.924833
6114 -27.639290 -67.241820 162.924833
6116 -27.643122 -67.676041 162.924833
6232 -25.252515 -90.800430 173.002489
6234 -25.086459 -90.584552 173.002489
6235 -25.422520 -89.820147 173.002489
6237 -26.227144 -89.305597 173.002489
6239 -26.697495 -89.232643 173.002489
6240 -26.818610 -89.194670 173.002489
6242 -27.136070 -89.210477 173.002489
6243 -27.441167 -89.306781 173.316651
6245 -27.613571 -89.373823 173.316651
6247 -27.674973 -89.388291 173.316651
6249 -27.674973 -89.388291 173.316651
6311 -30.209829 -101.493415 187.735190
6313 -30.209829 -101.493415 187.735190
6314 -30.209829 -101.493415 187.735190
6316 -30.235306 -101.437135 187.735190
6317 -30.735837 -101.359485 187.735190
6319 -31.682092 -101.487042 187.735190
6320 -32.584254 -101.549400 187.735190
6322 -33.618873 -101.527713 187.735190
6323 -34.570948 -101.644525 187.735190
6325 -35.651720 -101.843897 187.735190
6326 -36.620365 -101.809830 187.209032
