6 -47.500000 111.000000 0.000000
7 -47.587578 110.933656 4.327817
8 -47.900258 110.841960 4.327817
9 -48.262811 110.977830 4.327817
10 -48.405079 111.115742 7.523962
11 -48.473116 111.430471 7.523962
12 -48.464706 111.848537 7.561085
13 -48.392867 112.066811 7.561085
14 -48.348049 112.141129 18.797075
15 -48.093348 112.221883 18.797075
16 -47.554126 112.179885 18.926437
17 -46.924833 112.017966 18.926437
18 -46.314057 111.796546 18.926437
19 -45.655323 111.525044 19.918083
20 -45.122573 111.283651 21.044002
21 -44.544147 110.992672 21.044002
22 -43.956774 110.720415 22.146106
23 -43.344166 110.511634 23.131148
24 -42.722949 110.329047 23.131148
25 -42.095064 110.171473 24.150570
26 -41.519340 110.067823 24.150570
27 -40.819889 109.932388 25.207341
28 -40.123569 109.781461 26.226895
29 -39.553197 109.663272 26.226895
30 -38.920294 109.515822 27.236924
31 -38.290913 109.353422 28.270303
32 -37.662600 109.187164 28.270303
33 -37.103101 109.025129 29.329338
34 -36.422491 108.831989 29.329338
35 -35.796430 108.666882 30.292739
36 -35.465694 108.577909 30.391611
37 -35.465694 108.577909 30.391611
38 -35.472082 108.558983 30.549142
39 -35.596958 108.470691 30.549142
40 -36.038383 108.617967 30.549142
41 -36.357975 109.092952 30.549142
42 -36.471985 109.326608 30.549142
43 -36.677990 109.743314 30.549142
44 -36.740741 109.947942 30.549142
45 -36.813884 110.356391 30.549142
46 -36.856658 110.804206 30.549142
47 -36.859151 110.959186 30.549142
48 -36.859151 110.959186 30.549142
49 -36.850044 110.963317 30.549142
50 -36.695853 110.938840 30.549142
51 -36.592066 110.802645 30.549142
52 -36.598432 110.831910 30.549142
53 -36.612777 110.717808 30.549142
54 -36.644895 110.324273 30.549142
55 -36.545686 109.716602 30.549142
56 -36.142260 109.220435 30.549142
57 -35.551070 108.974462 30.549142
58 -34.974417 108.921363 30.549142
59 -34.965894 108.926594 30.549142
60 -34.903977 109.003399 30.549142
61 -34.905044 109.038357 30.549142
62 -34.974966 109.211996 30.549142
63 -35.139918 109.307040 30.549142
64 -35.426868 109.271036 30.549142
65 -36.006385 109.411085 30.549142
66 -36.450183 109.778500 30.549142
67 -36.751790 110.293912 30.549142
68 -36.848084 110.681554 30.549142
69 -36.874815 110.972684 30.549142
70 -36.919803 111.400211 30.549142
71 -36.981617 111.936605 30.549142
72 -36.991204 112.121356 30.549142
73 -37.015158 112.595750 30.549142
74 -37.025656 113.015538 30.549142
75 -37.010636 113.305144 30.549142
76 -36.999266 113.779991 30.549142
77 -37.012059 114.184789 30.549142
78 -37.010043 114.429781 30.549142
79 -37.006463 114.864766 30.549142
80 -36.993371 115.274519 30.549142
81 -36.993371 115.274519 30.549142
82 -36.993371 115.274519 30.549142
83 -37.003371 115.274499 30.549142
84 -37.074755 115.238029 30.549142
85 -37.177631 114.917469 30.549142
86 -37.187520 114.492745 30.549142
87 -37.117022 113.962520 30.549142
88 -37.077814 113.524320 30.549142
89 -37.077212 113.389322 30.549142
90 -37.062666 112.979586 30.549142
91 -37.046651 112.564895 30.549142
92 -37.072454 112.512493 30.549142
93 -37.170392 112.475814 30.549142
94 -37.277071 112.578979 30.549142
95 -37.387237 112.957760 30.549142
96 -37.400975 113.324212 30.549142
97 -37.315813 113.542500 30.549142
98 -37.178030 114.013920 30.549142
99 -37.130480 114.422292 30.549142
100 -37.165038 114.644378 30.549142
101 -37.218377 115.141188 30.549142
102 -37.231324 115.671003 30.549142
103 -37.225440 115.915932 30.549142
104 -37.214719 116.365804 30.549142
105 -37.195953 116.795360 30.549142
106 -37.202303 117.210255 30.549142
107 -37.207542 117.445197 30.549142
108 -37.217687 117.900083 30.549142
109 -37.214146 118.100052 30.549142
110 -37.206760 118.569993 31.730900
111 -37.192184 119.004713 31.730900
112 -37.192235 119.477138 31.730900
113 -37.210982 119.901723 32.773923
114 -37.218257 120.054049 32.773923
115 -37.330270 120.156223 33.294595
116 -37.672390 120.196727 33.294595
117 -38.289191 120.170531 33.294595
118 -38.935111 120.125328 33.294595
119 -39.581613 120.090097 33.294595
120 -40.226358 120.072269 33.294595
121 -40.873783 120.062544 33.294595
122 -41.453550 120.065839 33.294595
123 -42.160457 120.131325 33.294595
124 -42.934907 120.157411 33.294595
125 -43.027171 120.154252 33.294595
126 -43.094967 120.109599 33.018934
127 -43.123196 120.068461 33.018934
128 -43.114854 119.875204 33.018934
129 -42.947232 119.554273 33.018934
130 -42.469255 119.063941 33.018934
131 -41.975803 118.546835 33.018934
132 -41.559051 118.064576 33.018934
133 -41.331930 117.729415 33.018934
134 -40.979148 117.190970 33.018934
135 -40.806933 116.909508 33.018934
136 -40.771535 116.849118 33.018934
137 -40.790683 116.800761 33.018934
138 -40.982688 116.732025 33.173032
139 -41.416406 117.039364 33.173032
140 -41.520934 117.485900 33.173032
141 -41.535661 117.735465 33.173032
142 -41.597913 118.241416 33.173032
143 -41.731503 118.743446 33.173032
144 -41.916699 119.150680 33.173032
145 -42.187474 119.629244 33.173032
146 -42.368198 119.928907 33.173032
147 -42.538221 120.202939 33.173032
148 -42.959144 120.755255 33.173032
149 -43.450771 121.263411 33.173032
150 -43.852552 121.677864 33.173032
151 -44.127161 122.145510 33.173032
152 -44.243634 122.543256 33.173032
153 -44.280961 122.790306 33.173032
154 -44.412610 123.288028 33.018934
155 -44.437964 123.400194 33.018934
156 -44.587516 123.845479 33.018934
157 -44.757284 124.323656 33.018934
158 -44.768672 124.345911 33.018934
159 -44.768672 124.345911 33.018934
160 -44.768672 124.345911 33.018934
161 -44.656168 124.295198 33.018934
162 -44.587360 123.968231 33.018934
163 -44.604683 123.559339 33.018934
164 -44.627614 123.378291 33.018934
165 -44.631488 122.859327 33.018934
166 -44.576685 122.677684 33.018934
167 -44.420657 122.293154 33.018934
168 -44.227463 121.780984 33.018934
169 -44.136747 121.619754 33.018934
170 -43.891010 121.207600 33.018934
171 -43.498584 120.693067 33.018934
172 -43.058166 120.215121 33.018934
173 -42.668462 119.778931 33.018934
174 -42.516953 119.571302 33.018934
175 -42.280296 119.218309 33.018934
176 -41.915814 118.689217 33.018934
177 -41.533846 118.196221 33.018934
178 -41.137480 117.693814 33.018934
179 -40.748754 117.112008 33.018934
180 -40.565624 116.773469 33.018934
181 -40.468485 116.537710 33.018934
182 -40.263307 116.043661 33.018934
183 -40.021609 115.534464 33.018934
184 -39.709813 115.016099 33.018934
185 -39.465192 114.623630 33.018934
186 -39.176343 114.126486 33.018934
187 -39.105622 113.969150 33.018934
188 -38.905710 113.554987 33.018934
189 -38.626209 113.052546 33.018934
190 -38.445632 112.820172 33.018934
191 -38.209570 112.522573 33.018934
192 -37.984482 112.128039 33.018934
193 -37.897926 111.898892 33.018934
194 -37.700891 111.417675 33.018934
195 -37.566475 111.149976 33.018934
196 -37.352609 110.788612 33.018934
197 -37.085024 110.302412 33.018934
198 -36.815908 109.863347 33.018934
199 -36.444601 109.272936 33.018934
200 -36.030527 108.708955 33.018934
201 -35.507778 108.143983 33.018934
202 -35.177462 107.831105 33.018934
203 -34.689561 107.401656 33.018934
204 -34.203573 106.970018 33.018934
205 -33.720573 106.535039 33.018934
206 -33.233076 106.105125 33.018934
207 -32.701920 105.626510 33.018934
208 -32.284189 105.224219 33.018934
209 -31.853051 104.696433 33.018934
210 -31.634253 104.255760 33.173032
211 -31.445938 103.783199 33.018934
212 -31.265019 103.382129 33.520293
213 -31.144556 103.129371 33.520293
214 -31.003444 102.710494 33.520293
215 -31.002724 102.615938 33.520293
216 -31.028232 102.342130 34.165627
217 -31.029315 101.792475 34.165627
218 -30.979259 101.320347 36.285122
219 -30.903516 101.082224 36.285122
220 -30.787249 100.571247 36.285122
221 -30.748233 100.057813 36.411675
222 -30.726046 99.518300 36.411675
224 -30.703098 98.942877 36.805028
224 -30.697824 98.913345 36.805028
225 -30.650956 98.506597 36.805028
226 -30.707254 97.940073 37.637881
227 -30.751097 97.744963 37.637881
228 -30.803980 97.351272 38.371996
229 -30.826803 96.850579 38.371996
230 -30.822980 96.625624 38.371996
231 -30.805180 96.135948 39.247549
232 -30.811305 95.986076 39.247549
233 -30.810037 95.551098 39.247549
235 -30.775004 94.734828 40.152834
236 -30.772273 94.629865 40.152834
237 -30.872662 94.548022 40.979630
238 -31.243320 94.582752 41.269966
239 -31.503043 94.672875 41.269966
240 -31.655372 94.736030 41.095135
241 -31.739222 94.780685 41.095135
242 -31.800035 94.866297 41.095135
243 -31.810155 94.935448 41.095135
244 -31.839637 95.188728 41.095135
245 -31.900478 95.471857 41.095135
247 -32.012353 95.711696 41.095135
248 -32.018047 95.719917 41.095135
249 -32.076232 95.731368 41.269966
250 -32.159794 95.687567 41.269966
251 -32.218535 95.560155 41.269966
252 -32.225045 95.405824 41.269966
253 -32.219673 95.354226 41.269966
254 -32.219673 95.354226 41.269966
255 -32.219673 95.354226 41.269966
256 -32.219673 95.354226 41.269966
257 -32.219673 95.354226 41.269966
260 -31.989894 95.538813 41.269966
261 -31.952489 95.536140 41.269966
262 -31.952489 95.536140 41.269966
263 -31.970823 95.528210 41.269966
264 -32.106138 95.565461 41.269966
265 -32.232883 95.899595 41.269966
266 -32.178006 96.171933 41.269966
267 -31.960982 96.464887 41.269966
268 -31.696172 96.852250 41.269966
269 -31.542815 97.247683 41.269966
270 -31.516370 97.466070 41.269966
272 -31.479296 98.702684 41.269966
273 -31.491655 98.810982 41.269966
274 -31.503533 98.838527 41.269966
275 -31.503533 98.838527 41.269966
276 -31.503533 98.838527 41.269966
277 -31.591129 98.774522 41.269966
278 -31.680251 98.461704 41.269966
279 -31.658266 97.917480 41.269966
280 -31.617850 97.396775 41.269966
281 -31.645095 97.182011 41.269966
282 -31.759752 96.788549 41.269966
285 -33.052233 96.157785 41.269966
286 -33.634393 96.175496 41.269966
287 -34.343622 96.208589 41.269966
288 -34.925658 96.231691 41.269966
289 -35.573071 96.232024 41.269966
290 -36.219932 96.204286 41.269966
291 -36.866993 96.182279 41.269966
292 -37.511966 96.176398 41.269966
293 -38.224340 96.163402 41.269966
294 -38.806603 96.146856 41.269966
295 -39.518947 96.132442 41.269966
298 -41.266364 96.117242 41.269966
299 -41.393843 96.114938 41.269966
300 -41.417320 96.158519 41.269966
301 -41.357220 96.301208 41.269966
302 -41.066492 96.408495 41.269966
303 -40.508526 96.445093 41.269966
304 -39.868502 96.367441 41.269966
305 -39.228176 96.271339 41.269966
306 -38.583418 96.215353 41.269966
307 -37.938632 96.199689 41.269966
308 -37.356138 96.197978 41.269966
310 -35.478745 96.214157 41.269966
311 -34.896548 96.231506 41.269966
312 -34.252638 96.268978 41.348883
313 -33.603256 96.296010 41.348883
314 -32.955830 96.287419 41.269966
315 -32.333418 96.277470 41.269966
316 -31.933583 96.286709 41.269966
317 -31.730006 96.309399 41.269966
318 -31.621770 96.339595 41.269966
319 -31.540265 96.377342 41.269966
320 -31.406779 96.517296 41.269966
323 -31.393139 97.457159 41.269966
324 -31.496912 97.884044 41.269966
325 -31.522616 98.202568 41.269966
326 -31.511895 98.502376 41.269966
327 -31.502111 99.027275 41.269966
328 -31.500454 99.252268 41.269966
329 -31.500454 99.252268 41.269966
330 -31.500454 99.252268 41.269966
331 -31.500454 99.252268 41.269966
332 -31.500454 99.252268 41.269966
333 -31.500454 99.252268 41.269966
336 -31.667520 99.431167 41.269966
337 -31.690747 99.588347 41.269966
338 -31.641614 99.982774 41.269966
339 -31.560164 100.437779 41.269966
340 -31.461774 100.623086 41.269966
341 -31.231818 101.044408 41.269966
342 -31.060869 101.394601 41.269966
343 -30.979043 101.625523 41.269966
344 -30.874633 102.077609 41.269966
345 -30.884949 102.397128 41.269966
346 -30.954495 102.584258 41.269966
349 -31.254277 103.580558 41.269966
350 -31.362541 104.011964 41.269966
351 -31.513513 104.493787 41.269966
352 -31.800945 104.963199 41.269966
353 -32.359104 105.271908 41.269966
354 -32.996257 105.337564 41.269966
355 -33.643727 105.332075 41.269966
356 -34.355899 105.342906 41.269966
357 -34.936480 105.389256 41.269966
358 -35.578466 105.473049 41.269966
359 -36.217862 105.575069 41.269966
361 -38.004287 105.866042 41.269966
362 -38.132486 105.887602 41.269966
363 -38.132486 105.887602 41.269966
364 -38.132486 105.887602 41.269966
365 -38.123469 105.859074 41.269966
366 -37.986414 105.757239 41.269966
367 -37.534352 105.738632 41.269966
368 -36.892538 105.767474 41.269966
369 -36.247784 105.753857 41.269966
370 -35.665434 105.698768 41.269966
371 -34.957296 105.600088 41.269966
374 -33.111861 105.216698 41.269966
375 -32.543781 105.089031 41.269966
376 -31.980421 104.781001 41.269966
377 -31.671068 104.342428 41.269966
378 -31.483318 103.821320 41.269966
379 -31.401148 103.538250 41.269966
380 -31.239021 103.194633 41.269966
381 -31.065131 102.727330 41.269966
382 -30.984628 102.353446 41.269966
383 -30.935098 102.106133 41.269966
384 -30.910676 101.586984 41.269966
387 -31.001527 100.543056 41.269966
388 -31.024510 100.159064 41.269966
389 -31.115656 99.878550 41.269966
390 -31.201755 99.422119 41.269966
391 -31.230784 98.833140 41.269966
392 -31.212675 98.328789 41.269966
393 -31.195513 98.041965 41.269966
394 -31.199651 97.762001 41.269966
395 -31.200082 97.252003 41.269966
396 -31.193079 96.747134 41.269966
397 -31.180004 96.372396 41.269966
400 -31.195306 95.355152 41.269966
401 -31.211717 94.933031 41.269966
402 -31.253419 94.582351 41.269966
403 -31.316367 94.294420 41.269966
404 -31.358675 93.821486 41.269966
405 -31.343418 93.597052 41.269966
406 -31.319912 93.117691 41.700481
407 -31.324416 92.857730 41.700481
408 -31.340493 92.413033 41.700481
409 -31.350090 91.973147 42.583214
410 -31.334654 91.478388 42.583214
413 -31.352579 90.411305 44.366317
414 -31.353670 89.969001 44.366317
415 -31.405097 89.466665 44.366317
416 -31.457729 88.979672 44.366317
417 -31.446730 88.595070 45.267760
418 -31.369542 88.368241 45.267760
419 -31.204169 87.880815 46.334977
420 -31.083102 87.390581 46.334977
421 -30.972521 86.993182 46.334977
422 -30.907632 86.858058 47.165349
423 -30.727253 86.403998 47.165349
426 -30.481269 85.268153 48.938841
427 -30.488371 85.041252 48.938841
428 -30.537739 84.591480 48.938841
429 -30.578172 84.337263 48.938841
430 -30.637275 83.898898 49.753896
431 -30.656890 83.504732 49.753896
432 -30.593845 83.276024 50.986372
433 -30.493381 82.781872 50.986372
434 -30.470552 82.444165 50.986372
435 -30.480847 82.154348 51.754904
436 -30.484855 81.644459 51.754904
440 -30.412657 80.026872 53.581808
441 -30.363936 79.670207 53.581808
442 -30.231604 79.087839 53.581808
443 -30.142097 78.920343 54.658669
444 -29.952082 78.557099 54.658669
445 -29.748607 78.019962 55.620231
446 -29.668703 77.725690 55.620231
447 -29.553971 77.363530 56.625526
448 -29.389440 76.854559 56.625526
449 -29.320812 76.588261 56.625526
450 -29.216069 76.197052 57.541030
454 -28.858541 74.779846 59.506051
455 -28.770625 74.422326 59.506051
456 -28.833446 73.831677 59.506051
457 -28.876142 73.399270 59.868942
458 -28.867200 73.061990 59.868942
459 -28.838299 72.818742 61.002706
460 -28.820683 72.319116 61.002706
461 -28.814464 71.909195 61.002706
462 -28.828554 71.679627 62.013629
463 -28.845670 71.249987 62.013629
464 -28.849955 70.735078 62.013629
469 -28.802892 68.951185 64.799153
470 -28.823156 68.559821 64.799153
471 -28.897033 67.990229 64.799153
472 -28.959102 67.456369 64.799153
473 -28.991406 66.961216 65.752036
474 -28.989782 66.557469 65.752036
475 -28.995548 66.254452 66.530671
476 -29.000645 65.839496 66.530671
477 -28.983135 65.279797 67.545912
478 -28.958068 65.131920 67.545912
479 -28.921177 64.713889 67.545912
484 -28.938743 62.307995 70.536021
485 -28.956396 61.974299 70.536021
486 -29.024108 61.702620 70.536021
487 -29.091206 61.273176 71.579119
488 -29.095215 61.003206 71.579119
489 -29.096188 60.558252 71.579119
490 -29.087865 60.330905 72.542196
491 -29.072049 59.866179 72.542196
492 -29.069796 59.441254 72.542196
493 -29.082724 58.991481 73.612840
494 -29.094470 58.771802 73.612840
500 -29.034846 56.400693 76.353456
501 -29.069712 55.917329 76.353456
502 -29.126051 55.631196 76.353456
503 -29.210159 55.317478 77.515484
504 -29.251874 54.875148 77.515484
505 -29.216680 54.439177 77.515484
506 -29.204005 54.156966 78.340094
507 -29.181544 53.657479 78.340094
508 -29.180597 53.232598 78.340094
509 -29.184683 52.957647 79.454706
510 -29.177418 52.647732 79.454706
517 -29.137344 49.744358 82.415838
518 -29.151598 49.239583 82.415838
519 -29.149913 48.849672 83.295920
520 -29.130047 48.395142 83.295920
521 -29.102352 47.926224 84.180581
522 -29.103781 47.701239 84.180581
523 -29.100275 47.226252 84.180581
524 -29.096183 46.691268 85.156152
525 -29.094230 46.331288 85.156152
526 -29.100101 46.036354 86.370888
527 -29.096597 45.516459 86.370888
534 -29.298198 42.787478 89.411690
535 -29.343902 42.314844 89.411690
536 -29.382253 42.067810 89.411690
537 -29.427231 41.590332 90.406030
538 -29.405799 41.161474 90.406030
539 -29.334383 40.651581 91.340738
540 -29.286211 40.445256 91.340738
541 -29.158870 40.103201 92.277247
542 -28.960509 39.579575 92.277247
543 -28.841322 39.210885 92.277247
544 -28.794258 38.596905 93.431099
553 -28.831706 34.981364 96.593221
554 -28.844354 34.694365 96.593221
555 -28.879739 34.243277 96.593221
556 -28.894229 33.756143 96.593221
557 -28.889195 33.391238 96.593221
558 -28.899922 33.131477 96.593221
559 -28.904314 32.626508 96.593221
560 -28.900688 32.181557 96.593221
561 -28.887638 31.891851 96.676835
562 -28.870398 31.342151 96.676835
563 -28.861969 30.972309 96.676835
573 -29.776960 26.468704 97.014279
574 -29.781853 26.459983 97.014279
575 -29.869588 26.410061 97.118538
576 -30.012311 26.504061 97.164862
577 -30.020253 26.842369 97.164862
578 -29.845870 27.388444 97.164862
579 -29.677619 27.794559 97.164862
580 -29.577037 28.073193 97.164862
581 -29.479114 28.442827 97.164862
582 -29.321560 28.939690 97.164862
583 -29.131618 29.439722 97.164862
594 -29.018388 33.311180 97.164862
595 -29.027094 33.585686 97.164862
596 -29.061418 33.853425 97.164862
597 -29.081805 34.427965 97.164862
598 -29.079077 34.677892 97.164862
599 -29.075420 35.057835 97.164862
600 -29.089213 35.357269 97.164862
601 -29.119774 35.725861 97.164862
602 -29.132324 36.235702 97.164862
603 -29.137524 36.785676 97.164862
604 -29.136369 37.155612 97.164862
615 -29.171040 41.417156 97.164862
616 -29.185317 41.889439 97.164862
617 -29.200489 42.389209 97.164862
618 -29.215993 42.918982 97.164862
619 -29.230643 43.486288 97.164862
620 -29.229721 43.776229 97.164862
621 -29.221442 44.088619 97.164862
622 -29.208543 44.660970 97.164862
623 -29.209735 44.908227 97.164862
624 -29.255138 45.194596 97.164862
625 -29.281243 45.728734 97.164862
637 -29.301421 49.995086 97.164862
638 -29.314035 50.444909 97.164862
639 -29.304360 50.657183 97.164862
640 -29.297536 51.087117 97.164862
641 -29.298382 51.657114 97.164862
642 -29.296419 52.104494 97.164862
643 -29.334315 52.507679 97.164862
644 -29.349484 52.917361 97.164862
645 -29.365801 53.171836 97.164862
646 -29.382462 53.656497 97.164862
647 -29.372089 53.808644 97.164862
658 -29.420506 58.521172 97.164862
659 -29.421279 58.720981 97.164862
660 -29.406913 59.135669 97.164862
661 -29.415489 59.407810 97.164862
662 -29.457127 59.697220 97.164862
663 -29.474932 60.121679 97.164862
664 -29.474100 60.424044 97.164862
665 -29.484899 60.698795 97.164862
666 -29.487226 61.203738 97.164862
667 -29.490624 61.748485 97.164862
668 -29.501091 62.218276 97.164862
680 -29.712192 67.357196 97.164862
681 -29.740210 67.841350 97.164862
682 -29.754566 68.241076 97.164862
683 -29.807854 68.708016 97.164862
684 -29.820539 68.925141 97.164862
685 -29.872707 69.424842 97.164862
686 -29.934408 69.918469 97.164862
687 -30.024667 70.333532 97.164862
688 -30.103841 70.564891 97.164862
689 -30.273906 70.943422 97.164862
690 -30.404089 71.344929 97.164862
701 -31.296844 75.475350 97.164862
702 -31.463795 75.950323 97.164862
703 -31.837465 76.475805 97.164862
704 -32.360456 76.857685 97.164862
705 -32.961692 77.102253 97.164862
706 -33.570007 77.330988 97.164862
707 -34.173634 77.572066 97.164862
708 -34.841362 77.827690 97.164862
709 -35.389124 78.033053 97.164862
710 -36.062455 78.265714 97.164862
711 -36.622401 78.434867 97.064362
724 -39.770069 79.147844 97.064362
725 -39.770069 79.147844 97.064362
726 -39.772651 79.180042 97.313156
727 -39.868890 79.279697 97.064362
728 -40.255115 79.351847 97.064362
729 -40.861600 79.365579 97.064362
730 -41.504674 79.316058 97.064362
731 -42.216467 79.287634 97.064362
732 -42.796237 79.301766 97.064362
733 -43.507329 79.346166 97.064362
734 -44.090235 79.395184 97.064362
749 -53.604336 80.486460 97.064362
750 -53.604336 80.486460 97.064362
751 -53.685054 80.371736 97.064362
752 -53.650773 79.971032 97.064362
753 -53.163008 79.614529 97.064362
754 -52.522110 79.527505 97.313156
755 -51.943409 79.442367 97.313156
756 -51.244776 79.290818 97.313156
757 -50.630248 79.082292 97.313156
758 -50.074905 78.746617 97.313156
759 -49.571116 78.340300 97.313156
775 -46.834948 72.696549 97.064362
776 -46.834948 72.696549 97.064362
777 -46.869821 72.677471 97.064362
778 -47.002192 72.715117 97.064362
779 -47.110594 73.042110 97.064362
780 -46.818555 73.568406 97.064362
781 -46.344050 74.008894 97.064362
782 -45.784378 74.339277 97.064362
783 -45.233030 74.683414 97.064362
784 -44.753324 75.017987 97.064362
785 -44.222356 75.488602 97.064362
802 -35.758687 79.057299 97.064362
803 -35.212477 79.266739 97.064362
804 -34.544399 79.521459 97.064362
805 -33.884662 79.796938 97.064362
806 -33.360626 80.056463 97.064362
807 -32.798209 80.382191 97.064362
808 -32.243021 80.720216 97.064362
809 -31.806839 81.024112 97.064362
810 -31.500136 81.475005 97.064362
811 -31.436572 81.696300 97.064362
812 -31.439429 82.028744 97.064362
829 -31.494212 89.167438 97.064362
830 -31.491900 89.607119 97.064362
831 -31.507311 89.886687 97.064362
832 -31.515161 90.266566 97.064362
833 -31.503858 90.498781 97.064362
834 -31.496678 90.958710 97.064362
835 -31.495556 91.328686 97.064362
836 -31.495319 91.586172 97.064362
837 -31.498981 91.986155 97.064362
838 -31.478513 92.483080 97.064362
839 -31.500249 92.737101 97.064362
856 -38.016062 96.177371 97.064362
857 -38.659784 96.217555 97.064362
858 -39.241273 96.251709 97.064362
859 -39.953352 96.275516 97.064362
860 -40.665803 96.283220 97.064362
861 -41.245690 96.275593 97.064362
862 -41.891827 96.234412 97.064362
863 -42.539581 96.180462 97.064362
864 -43.247288 96.123712 97.064362
865 -43.831313 96.090001 97.064362
866 -44.477451 96.048741 97.064362
882 -45.702258 95.936004 97.064362
883 -45.751087 95.945948 97.064362
884 -45.781388 96.001199 97.064362
885 -45.736979 96.087754 97.064362
886 -45.493286 96.178193 97.064362
887 -44.901077 96.193366 97.064362
888 -44.193585 96.109170 97.064362
889 -43.613730 96.054170 97.064362
890 -42.967076 96.022171 97.064362
891 -42.319627 96.015906 97.064362
892 -41.674627 96.016555 97.064362
909 -31.577058 94.626717 97.064362
910 -31.547890 94.449097 97.064362
911 -31.508521 93.940878 97.064362
912 -31.502370 93.435944 97.064362
913 -31.511494 93.226142 97.064362
914 -31.527018 92.711389 97.064362
915 -31.534217 92.246474 97.064362
916 -31.543939 92.009176 97.064362
917 -31.551822 91.514251 97.064362
918 -31.551413 91.116762 97.064362
919 -31.541560 90.886973 97.064362
935 -31.530412 84.805719 97.064362
936 -31.544127 84.345972 97.064362
937 -31.527260 83.881304 97.064362
938 -31.531446 83.476327 97.064362
939 -31.537022 83.196433 97.064362
940 -31.544514 82.756604 97.064362
941 -31.520588 82.257232 97.064362
942 -31.488816 81.961490 97.064362
943 -31.448546 81.608793 97.064362
944 -31.433479 81.094367 97.064362
945 -31.435202 80.908125 97.064362
962 -31.440764 74.019686 97.064362
963 -31.436931 73.549704 97.064362
964 -31.439386 73.302358 97.064362
965 -31.450770 72.962573 97.064362
966 -31.450885 72.517640 97.064362
967 -31.437598 72.130410 97.064362
968 -31.437332 71.775410 97.064362
969 -31.437025 71.460410 97.064362
970 -31.432755 71.000431 97.064362
971 -31.412513 70.598695 97.064362
972 -31.353157 70.335430 97.064362
989 -31.376578 63.305345 97.064362
990 -31.401351 62.836161 97.064362
991 -31.469400 62.396536 97.064362
992 -31.503304 61.967985 97.064362
993 -31.525954 61.802096 97.064362
994 -31.530697 61.369817 97.064362
995 -31.526926 60.958584 97.064362
996 -31.541284 60.734048 97.064362
997 -31.554424 60.239251 97.064362
998 -31.515909 59.866500 97.064362
999 -31.476457 59.706314 97.064362
1015 -31.493219 53.377337 97.064362
1016 -31.484749 52.997477 97.064362
1017 -31.466467 52.372836 97.064362
1018 -31.457176 52.173052 97.064362
1019 -31.438990 51.803499 97.064362
1020 -31.431723 51.448812 97.064362
1021 -31.459895 51.145132 97.064362
1022 -31.480410 50.615698 97.064362
1023 -31.465171 50.351712 97.064362
1024 -31.424972 49.968964 97.064362
1025 -31.414529 49.696733 97.064362
1042 -32.721497 44.817996 97.064362
1043 -33.365438 44.783701 97.064362
1044 -34.011849 44.748226 97.064362
1045 -34.592462 44.677616 97.064362
1046 -35.291879 44.530767 97.064362
1047 -35.982614 44.356093 97.064362
1048 -36.545626 44.197279 97.064362
1049 -37.167615 44.008586 97.064362
1050 -37.796753 43.845457 97.064362
1051 -38.365093 43.706888 97.064362
1052 -39.058549 43.532810 97.064362
1068 -46.603046 40.677597 97.064362
1069 -46.459998 40.556752 97.064362
1070 -46.018102 40.606122 97.064362
1071 -45.512195 40.888372 97.064362
1072 -44.906840 41.268794 97.064362
1073 -44.309943 41.652565 97.064362
1074 -43.878722 42.011612 97.064362
1075 -43.375925 42.382589 97.064362
1076 -42.769858 42.605743 97.064362
1077 -42.199242 42.721777 97.064362
1078 -41.433736 42.857677 97.064362
1095 -31.486710 45.413813 97.064362
1096 -31.269022 45.884252 97.064362
1097 -31.241880 46.272490 97.064362
1098 -31.320127 46.836963 97.064362
1099 -31.348378 47.278318 97.064362
1100 -31.352795 47.573285 97.064362
1101 -31.359136 48.023213 97.064362
1102 -31.375766 48.512789 97.064362
1103 -31.386883 48.802381 97.064362
1104 -31.364084 49.136546 97.064362
1105 -31.330008 49.600283 97.064362
1122 -31.465630 56.160511 97.064362
1123 -31.441354 56.419375 97.064362
1124 -31.409918 56.853200 97.064362
1125 -31.383856 57.344859 97.064362
1126 -31.228689 57.877269 97.072604
1127 -31.070655 58.317145 97.072604
1128 -30.999362 58.711408 97.072604
1129 -30.989346 59.134780 97.072604
1130 -31.042881 59.378785 97.072604
1131 -31.086781 59.871392 97.072604
1132 -31.078274 60.236291 97.072604
1149 -31.055740 66.980754 97.072604
1150 -31.006044 67.169301 97.072604
1151 -30.959916 67.635579 97.072604
1152 -31.017820 67.990419 97.072604
1153 -31.097183 68.173757 97.072604
1154 -31.218796 68.558854 97.072604
1155 -31.246677 68.802077 97.072604
1156 -31.264083 69.286692 97.072604
1157 -31.268286 69.671650 97.072604
1158 -31.260984 69.919042 97.072604
1159 -31.252288 70.418960 97.072604
1176 -33.103676 76.896825 97.072604
1177 -33.692114 77.166432 97.072604
1178 -34.253546 77.318165 97.072604
1179 -34.895242 77.378091 97.072604
1180 -35.542391 77.363467 97.072604
1181 -36.188809 77.326056 97.072604
1182 -36.834715 77.280784 97.072604
1183 -37.481376 77.215063 97.072604
1184 -38.125508 77.149119 97.072604
1185 -38.833032 77.065103 97.072604
1186 -39.411398 76.995974 97.072604
1203 -46.608462 72.383618 97.072604
1204 -46.790596 72.061636 97.072604
1205 -47.094624 71.521319 97.072604
1206 -47.267588 71.244292 97.072604
1207 -47.536553 70.975878 97.064362
1208 -47.946064 70.517952 97.064362
1209 -48.196297 70.060230 97.064362
1210 -48.274017 69.870946 97.064362
1211 -48.429695 69.486662 97.064362
1212 -48.665435 68.913979 97.064362
1213 -48.733235 68.627235 97.064362
1231 -50.574524 65.688523 97.064362
1232 -50.452884 65.637977 97.064362
1233 -50.056916 65.678146 97.064362
1234 -49.588071 66.081629 97.064362
1235 -49.218290 66.515399 97.064362
1236 -48.902199 66.934342 97.072604
1237 -48.781595 67.133105 97.072604
1238 -48.552345 67.505717 97.072604
1239 -48.235241 67.982041 97.072604
1240 -47.920785 68.402343 97.072604
1241 -47.781995 68.585727 97.072604
1259 -44.216206 75.105837 97.072604
1260 -44.038415 75.562355 97.072604
1261 -44.042415 75.553190 97.072604
1262 -44.044496 75.728087 97.072604
1263 -43.892319 76.155368 97.072604
1264 -43.428309 76.485509 97.072604
1265 -42.726427 76.585797 97.072604
1266 -42.013025 76.543879 97.072604
1267 -41.432947 76.490820 97.072604
1268 -40.789622 76.445731 97.072604
1269 -40.144730 76.436520 97.072604
1287 -31.588441 74.255466 97.072604
1288 -31.579025 73.875590 97.072604
1289 -31.546734 73.673182 97.072604
1290 -31.520080 73.209153 97.072604
1291 -31.512131 72.714222 97.072604
1292 -31.508852 72.269271 97.072604
1293 -31.524635 72.019780 97.072604
1294 -31.533862 71.544916 97.072604
1295 -31.528747 71.179987 97.072604
1296 -31.505485 70.933582 97.072604
1297 -31.476865 70.439492 97.072604
1315 -31.345694 63.203929 97.072604
1316 -31.344113 62.906433 97.072604
1317 -31.341256 62.626451 97.072604
1318 -31.331427 62.246610 97.072604
1319 -31.343057 61.996884 97.072604
1320 -31.350358 61.501951 97.072604
1321 -31.338144 60.952141 97.072604
1322 -31.315268 60.502765 97.072604
1323 -31.290052 60.176482 97.072604
1324 -31.374919 59.936776 97.072604
1325 -31.581685 59.405691 97.072604
1343 -41.767782 54.090624 97.072604
1344 -42.389886 53.914560 97.072604
1345 -42.968262 53.848673 97.072604
1346 -43.615382 53.845594 97.072604
1347 -44.248910 53.958058 97.072604
1348 -44.862462 54.170377 97.072604
1349 -45.445330 54.451016 97.072604
1350 -45.992530 54.763209 97.072604
1351 -46.340525 54.960435 97.072604
1369 -46.587318 55.087895 97.072604
1370 -46.421519 54.928489 97.072604
1371 -46.049286 54.580016 97.072604
1372 -45.504297 54.228364 97.072604
1373 -44.904500 53.979643 97.072604
1374 -44.279022 53.824000 97.072604
1375 -43.572540 53.765939 97.072604
1376 -42.988770 53.799634 97.072604
1377 -42.345551 53.892083 97.072604
1378 -41.709403 54.025058 97.072604
1379 -41.076690 54.173915 97.072604
1397 -31.347112 59.491440 97.072604
1398 -31.345205 59.848705 97.072604
1399 -31.385436 60.286727 97.072604
1400 -31.434498 60.493397 97.072604
1401 -31.478836 60.965982 97.072604
1402 -31.496466 61.453063 97.072604
1403 -31.497465 61.978060 97.072604
1404 -31.500125 62.445552 97.072604
1405 -31.503212 62.988043 97.072604
1406 -31.500914 63.325399 97.072604
1407 -31.493192 63.625269 97.072604
1425 -31.470483 71.096724 97.072604
1426 -31.463376 71.364128 97.072604
1427 -31.457458 71.834028 97.072604
1428 -31.461391 72.183870 97.072604
1429 -31.448934 72.508603 97.072604
1430 -31.437502 72.903418 97.072604
1431 -31.421083 73.172918 97.072604
1432 -31.413870 73.617734 97.072604
1433 -31.418993 74.107671 97.072604
1434 -31.406846 74.687539 97.072604
1435 -31.405996 75.032487 97.072604
1453 -31.466680 82.261404 97.072604
1454 -31.463428 82.636293 97.072604
1455 -31.469147 82.916234 97.072604
1456 -31.473765 83.446208 97.072604
1457 -31.471505 83.736162 97.072604
1458 -31.469728 84.091136 97.072604
1459 -31.483709 84.640955 97.072604
1460 -31.489546 84.940864 97.072604
1461 -31.495431 85.305815 97.072604
1462 -31.496769 85.730652 97.072604
1463 -31.480836 86.000181 97.072604
1481 -31.417171 92.569860 97.072604
1482 -31.429485 92.952154 97.072604
1483 -31.449807 93.510534 97.072604
1484 -31.450604 93.711751 97.072604
1485 -31.450522 94.141750 97.072604
1486 -31.456331 94.404138 97.072604
1487 -31.472795 94.858836 97.072604
1488 -31.516504 95.197986 97.072604
1489 -31.608661 95.417989 97.072604
1490 -31.922221 95.647667 97.072604
1491 -32.535671 95.741151 97.072604
1510 -39.379569 92.088380 97.072604
1511 -39.532463 91.621606 97.072604
1512 -39.610942 91.356757 97.072604
1513 -39.730185 90.969712 97.072604
1531 -39.822940 90.658239 97.072604
1532 -39.822940 90.658239 97.072604
1533 -39.868711 90.600236 97.072604
1534 -40.177828 90.564346 97.072604
1535 -40.689471 90.668944 97.072604
1536 -41.373247 90.877069 97.072604
1537 -42.038070 91.139632 97.072604
1538 -42.569771 91.358029 97.072604
1539 -43.192616 91.511941 97.072604
1540 -43.837291 91.568243 97.072604
1541 -44.484719 91.572124 97.072604
1560 -48.185674 90.658292 97.072604
1561 -48.019561 90.586044 97.072604
1562 -47.563873 90.608062 97.072604
1563 -46.989722 90.871561 97.072604
1564 -46.454078 91.216100 97.072604
1565 -45.843786 91.426440 97.072604
1566 -45.138404 91.499558 97.072604
1567 -44.555986 91.505805 97.072604
1568 -43.908518 91.499333 97.072604
1569 -43.261129 91.488540 97.072604
1570 -42.614217 91.460983 97.072604
1588 -35.532518 96.161811 97.072604
1589 -34.954170 96.204045 97.072604
1590 -34.244700 96.269441 97.072604
1591 -33.535515 96.298921 97.072604
1592 -32.953505 96.275670 97.072604
1593 -32.306280 96.257315 97.072604
1594 -31.658826 96.255165 97.072604
1595 -31.014146 96.275290 97.072604
1596 -30.367084 96.299078 97.072604
1597 -29.722574 96.324196 97.072604
1598 -29.010614 96.351943 97.072604
1617 -25.199460 93.830583 97.072604
1618 -25.199460 93.830583 97.072604
1619 -25.221514 93.798751 97.072604
1620 -25.460251 93.800315 97.072604
1621 -25.704636 94.140943 97.072604
1622 -25.770930 94.575338 97.072604
1623 -25.753267 94.874789 97.072604
1624 -25.781243 95.378167 97.072604
1625 -25.880236 95.780684 97.072604
1626 -25.983504 96.007807 97.072604
1627 -26.161712 96.242346 97.072604
1645 -27.650441 89.789773 97.072604
1646 -27.700385 89.297603 97.072604
1647 -27.767006 88.847577 97.072604
1648 -27.782849 88.610809 97.072604
1649 -27.831470 88.165996 97.072604
1650 -27.875961 87.783609 97.072604
1651 -27.878676 87.297047 97.072604
1652 -27.852329 87.129456 97.072604
1653 -27.796434 86.799373 97.072604
1654 -27.768329 86.190285 97.072604
1655 -27.779460 85.995741 97.072604
1674 -27.631269 79.191305 97.072604
1675 -27.641824 78.871481 97.072604
1676 -27.649215 78.366543 97.072604
1677 -27.648614 77.996575 97.072604
1678 -27.636378 77.701829 97.072604
1679 -27.619464 77.122105 97.072604
1680 -27.617704 76.637116 97.072604
1681 -27.664428 76.155651 97.072604
1682 -27.743095 75.717712 97.072604
1683 -27.788126 75.365856 97.072604
1684 -27.800894 75.046140 97.072604
1703 -27.662726 67.949412 97.072604
1704 -27.680910 67.630712 97.072604
1705 -27.744386 67.261449 97.072604
1706 -27.814706 66.995751 97.072604
1707 -27.870924 66.494332 97.072604
1708 -27.869315 66.019585 97.072604
1709 -27.831889 65.787668 97.072604
1710 -27.787841 65.304877 97.072604
1711 -27.780979 64.960109 97.072604
1712 -27.794321 64.705468 97.072604
1713 -27.803789 64.100571 97.072604
1732 -27.785949 56.514020 97.072604
1733 -27.818917 56.291458 97.072604
1734 -27.873503 55.804566 97.072604
1735 -27.892395 55.325173 97.072604
1736 -27.880703 54.800342 97.072604
1737 -27.865457 54.435688 97.072604
1738 -27.831061 54.142773 97.072604
1739 -27.815747 53.578048 97.072604
1740 -27.815999 53.263128 97.072604
1741 -27.835851 52.993872 97.072604
1742 -27.852113 52.484163 97.072604
1761 -28.821308 45.569677 97.072604
1762 -28.873979 45.320848 97.072604
1763 -28.982269 44.838414 97.072604
1764 -29.024372 44.420758 97.072604
1765 -29.043698 44.003713 97.072604
1766 -29.088669 43.768050 97.072604
1767 -29.180021 43.276524 97.072604
1768 -29.258562 42.729644 97.072604
1769 -29.347059 42.237830 97.072604
1770 -29.464808 41.803565 97.072604
1771 -29.627208 41.384038 97.072604
1790 -31.373454 34.154048 97.072604
1791 -31.487314 33.893215 97.072604
1792 -31.761434 33.470108 97.072604
1793 -32.312356 33.024078 97.072604
1794 -32.933710 32.852014 97.072604
1795 -33.577543 32.822821 97.072604
1796 -34.224733 32.842422 97.072604
1797 -34.871858 32.864451 97.072604
1798 -35.454077 32.882463 97.072604
1799 -36.166459 32.895004 97.072604
1800 -36.878303 32.873727 97.072604
1819 -42.941274 33.210012 97.072604
1820 -42.930722 33.181998 97.072604
1821 -42.964655 33.073455 97.072604
1822 -43.246734 32.972491 97.072604
1823 -43.809700 32.957545 97.072604
1824 -44.514735 33.041153 97.072604
1825 -45.091576 33.101282 97.072604
1826 -45.802810 33.142389 97.072604
1827 -46.385230 33.140108 97.072604
1828 -47.032389 33.119141 97.072604
1829 -47.677025 33.097487 97.072604
1849 -53.135069 33.436012 97.072604
1850 -52.944121 33.245134 97.072604
1851 -52.462848 32.883626 97.072604
1852 -51.907017 32.716949 97.072604
1853 -51.261094 32.681315 97.072604
1854 -50.613683 32.671863 97.072604
1855 -49.964105 32.692698 97.072604
1856 -49.382362 32.722379 97.072604
1857 -48.673645 32.764951 97.072604
1858 -47.962426 32.807638 97.072604
1859 -47.380911 32.841502 97.072604
1880 -33.966209 32.635058 97.072604
1881 -33.322751 32.725087 97.072604
1882 -32.683624 32.843378 97.072604
1883 -32.137651 32.965571 97.072604
1884 -31.668438 33.240876 97.072604
1885 -31.455629 33.646268 97.072604
1886 -31.450739 33.910927 97.072604
1887 -31.475146 34.455373 97.072604
1888 -31.474699 34.627745 97.072604
1889 -31.463410 35.007575 97.072604
1890 -31.460728 35.477529 97.072604
1911 -31.415773 44.255108 97.072604
1912 -31.453509 44.718571 97.072604
1913 -31.485874 45.207401 97.072604
1914 -31.486608 45.637329 97.072604
1915 -31.488243 45.932307 97.072604
1916 -31.495934 46.467227 97.072604
1917 -31.463836 46.683013 97.072604
1918 -31.356700 47.036903 97.072604
1919 -31.311913 47.548421 97.072604
1920 -31.341593 47.997397 97.072604
1921 -31.386684 48.575614 97.072604
1942 -31.317503 56.911416 97.072604
1943 -31.336013 57.160402 97.072604
1944 -31.404121 57.436980 97.072604
1945 -31.443689 57.949980 97.072604
1946 -31.440954 58.417435 97.072604
1947 -31.429628 59.072319 97.072604
1948 -31.436718 59.582260 97.072604
1949 -31.448290 59.889485 97.072604
1950 -31.461253 60.214198 97.072604
1951 -31.470181 60.779119 97.072604
1952 -31.472395 60.959105 97.072604
1973 -31.400215 68.823618 97.072604
1974 -31.430336 69.187364 97.072604
1975 -31.454004 69.646706 97.072604
1976 -31.446610 70.046492 97.072604
1977 -31.429718 70.341008 97.072604
1978 -31.407724 70.865525 97.072604
1979 -31.411829 71.110280 97.072604
1980 -31.419445 71.415179 97.072604
1981 -31.417659 71.750000 97.072604
1982 -31.394025 72.144241 97.072604
1983 -31.386099 72.399018 97.072604
2004 -31.477171 81.438172 97.072604
2005 -31.466736 81.907977 97.072604
2006 -31.467685 82.117798 97.072604
2007 -31.473964 82.477702 97.072604
2008 -31.477761 83.022688 97.072604
2009 -31.467491 83.267282 97.072604
2010 -31.452603 83.631892 97.072604
2011 -31.468754 84.176609 97.072604
2012 -31.480792 84.351147 97.072604
2013 -31.505259 84.760355 97.072604
2014 -31.508083 85.035191 97.072604
2035 -31.416078 93.016450 97.072604
2036 -31.416597 93.528919 97.072604
2037 -31.429793 93.934897 97.072604
2038 -31.428898 94.254534 97.072604
2039 -31.401554 94.723737 97.072604
2040 -31.399219 95.008509 97.072604
2041 -31.420446 95.355347 97.072604
2042 -31.444366 95.784598 97.072604
2043 -31.450906 96.074524 97.072604
2044 -31.462788 96.599390 97.072604
2045 -31.465495 96.964319 97.072604
2066 -30.904513 104.734964 97.072604
2067 -30.899598 105.099841 97.072604
2068 -30.925631 105.704260 97.072604
2069 -30.939148 106.108954 97.072604
2070 -30.954281 106.578617 97.072604
2071 -30.959697 107.048464 97.072604
2072 -30.966705 107.323337 97.072604
2073 -30.978454 107.678142 97.072604
2074 -30.977984 107.977961 97.072604
2075 -30.957220 108.389921 97.072604
2076 -30.948370 108.864823 97.072604
2097 -31.358978 116.975588 97.072604
2098 -31.448416 117.461973 97.072604
2099 -31.475826 118.035904 97.072604
2100 -31.456440 118.350035 97.072604
2101 -31.395306 118.659012 97.072604
2102 -31.341559 119.181009 97.072604
2103 -31.341549 119.448058 97.072604
2104 -31.367687 119.877180 97.072604
2105 -31.370033 120.337023 97.072604
2106 -31.371721 120.534366 97.072604
2107 -31.385058 120.969107 97.072604
2116 -31.355367 124.992622 97.072604
2117 -31.370502 125.457122 97.072604
2118 -31.427747 126.014167 97.072604
2119 -31.444392 126.383553 97.072604
2120 -31.407553 126.615596 97.072604
2121 -31.343047 127.111387 97.072604
2122 -31.272618 127.621528 97.072604
2123 -31.187260 128.083317 97.072604
2124 -31.045782 128.528798 97.072604
2125 -30.922354 128.882883 97.072604
2126 -30.821560 129.117027 97.072604
2142 -29.988856 135.550351 97.072604
2143 -29.988856 135.550351 97.072604
2144 -30.031887 135.605842 97.072604
2145 -30.136081 135.629725 97.072604
2146 -30.383316 135.440080 97.072604
2147 -30.479454 135.119016 97.072604
2148 -30.479454 135.119016 97.072604
2149 -30.425609 134.911387 97.072604
2150 -30.556930 134.410440 97.072604
2151 -31.026455 134.082331 97.072604
2152 -31.728465 134.004834 97.072604
2170 -42.586932 134.086708 97.072604
2171 -42.644445 134.111173 97.072604
2172 -42.644445 134.111173 97.072604
2173 -42.695689 133.962609 97.072604
2174 -42.611513 133.746006 97.072604
2175 -42.235926 133.584530 97.072604
2176 -41.529195 133.518957 97.072604
2177 -40.822702 133.429459 97.072604
2178 -40.251705 133.303039 97.072604
2179 -39.633460 133.102910 97.072604
2180 -39.024387 132.890698 97.072604
2198 -31.557230 127.911345 97.072604
2199 -31.581003 127.652463 97.072604
2200 -31.601318 127.207965 97.072604
2201 -31.605234 126.843063 97.072604
2202 -31.586598 126.583731 97.072604
2203 -31.572985 126.129039 97.072604
2204 -31.579194 125.859110 97.072604
2205 -31.588495 125.439213 97.072604
2206 -31.583343 124.894303 97.072604
2207 -31.559654 124.615317 97.072604
2208 -31.527615 124.176533 97.072604
2227 -37.671646 116.602832 97.072604
2228 -37.958206 116.171919 97.072604
2229 -38.086657 116.028605 97.072604
2230 -38.353232 115.737137 97.072604
2231 -38.721446 115.265147 97.072604
2232 -38.926788 114.853875 97.072604
2233 -39.005836 114.616719 97.072604
2234 -39.194901 114.137937 97.072604
2235 -39.379015 113.724634 97.072604
2236 -39.512378 113.531156 97.072604
2237 -39.793000 113.111332 97.072604
2256 -44.192427 105.324576 97.072604
2257 -44.450277 104.886221 97.072604
2258 -44.604410 104.490731 97.072604
2259 -44.608986 104.278738 97.072604
2260 -44.528251 103.821459 97.072604
2261 -44.462590 103.414808 97.072604
2262 -44.562419 102.930979 97.072604
2263 -44.824989 102.380546 97.072604
2264 -45.030081 101.922770 97.072604
2265 -45.083518 101.595562 97.072604
2284 -45.063574 101.354270 97.072604
2285 -45.063574 101.354270 97.072604
2286 -45.063574 101.354270 97.072604
2287 -45.082730 101.348607 97.072604
2288 -45.171608 101.381658 97.072604
2289 -45.292380 101.680346 97.072604
2290 -45.321881 102.185798 97.072604
2291 -45.237697 102.612426 97.072604
2292 -45.118927 102.983873 97.072604
2293 -45.034997 103.203359 97.072604
2294 -44.871463 103.680980 97.072604
2313 -40.787421 111.437966 97.072604
2314 -40.687855 111.850691 97.072604
2315 -40.627909 112.097648 97.072604
2316 -40.485125 112.378310 97.072604
2317 -40.299553 112.841435 97.072604
2318 -40.184229 113.379019 97.072604
2319 -40.063736 113.827534 97.072604
2320 -39.978972 114.051622 97.072604
2321 -39.815886 114.355632 97.072604
2322 -39.604780 114.851873 97.072604
2323 -39.447469 115.305286 97.072604
2342 -37.492292 122.631928 97.072604
2343 -37.392946 123.063744 97.072604
2344 -37.529824 123.559641 97.072604
2345 -37.987478 123.871147 97.072604
2346 -38.627608 123.947630 97.072604
2347 -39.271929 123.919549 97.072604
2348 -39.918881 123.939311 97.072604
2349 -40.475159 123.976145 97.072604
2350 -40.894734 123.994727 97.072604
2369 -41.133213 123.984810 97.072604
2370 -41.068448 123.926096 97.072604
2371 -40.855530 123.842847 97.072604
2372 -40.347092 123.820192 97.072604
2373 -39.699749 123.832481 97.072604
2374 -39.117409 123.820058 97.072604
2375 -38.414140 123.750840 97.072604
2376 -37.839151 123.463558 97.072604
2377 -37.477356 122.949304 97.072604
2378 -37.374553 122.625885 97.072604
2379 -37.385201 122.291322 97.072604
2399 -37.407118 114.946669 97.072604
2400 -37.406774 114.551689 97.072604
2401 -37.407634 113.996692 97.072604
2402 -37.388674 113.574618 97.072604
2403 -37.394314 113.439737 97.072604
2404 -37.395852 112.969843 97.072604
2405 -37.366172 112.390651 97.072604
2406 -37.333791 111.901724 97.072604
2407 -37.328949 111.736799 97.072604
2408 -37.287562 111.283922 97.072604
2409 -37.216828 111.024163 97.072604
2428 -30.848937 102.793514 97.072604
2429 -30.719281 102.365231 97.072604
2430 -30.652034 102.150635 97.072604
2431 -30.468299 101.691038 97.072604
2432 -30.292412 101.201796 97.072604
2433 -30.193335 100.770608 97.072604
2434 -30.125788 100.602025 97.072604
2435 -29.958781 100.249714 97.072604
2436 -29.805543 99.795138 97.072604
2437 -29.726953 99.611246 97.072604
2438 -29.563367 99.181877 97.072604
2457 -28.316920 91.937966 97.072604
2458 -28.313708 91.678445 97.072604
2459 -28.365298 91.176108 97.072604
2460 -28.402731 90.647564 97.072604
2461 -28.398423 90.162693 97.072604
2462 -28.378428 89.683154 97.072604
2463 -28.358753 89.153829 97.072604
2464 -28.329639 88.830234 97.072604
2465 -28.325539 88.550278 97.072604
2466 -28.297479 88.041090 97.072604
2467 -28.274505 87.641782 97.072604
2486 -26.898829 80.143589 97.072604
2487 -26.584501 79.674154 97.072604
2488 -26.140959 79.206291 97.072604
2489 -25.560955 78.919594 97.072604
2490 -24.929717 78.791794 97.072604
2491 -24.223501 78.719200 97.072604
2492 -23.643695 78.663337 97.072604
2493 -22.936039 78.580767 97.072604
2494 -22.361372 78.485737 97.072604
2495 -21.722813 78.364366 97.072604
2496 -21.085614 78.249374 97.072604
2516 -12.384039 76.958268 97.072604
2517 -12.384039 76.958268 97.072604
2518 -12.423195 76.907192 97.072604
2519 -12.714406 76.839347 97.072604
2520 -13.262996 76.870162 97.072604
2521 -13.907006 76.937295 97.072604
2522 -14.551446 77.000001 97.072604
2523 -15.132122 77.045278 97.072604
2524 -15.831033 77.193931 97.072604
2525 -16.522604 77.375136 97.072604
2526 -17.095484 77.462549 97.072604
2546 -27.801644 74.813248 97.072604
2547 -27.802716 74.540751 97.072604
2548 -27.847278 74.085728 97.072604
2549 -27.890194 73.748522 97.072604
2550 -27.936668 73.447192 97.072604
2551 -27.965847 72.938175 97.072604
2552 -27.967099 72.468199 97.072604
2553 -27.958360 72.063356 97.072604
2554 -27.939514 71.749011 97.072604
2555 -27.922982 71.269298 97.072604
2556 -27.912737 71.001995 97.072604
2577 -27.739390 62.469803 97.072604
2578 -27.789995 61.985890 97.072604
2579 -27.840291 61.816601 97.072604
2580 -27.924765 61.560437 97.072604
2581 -27.967751 61.063375 97.072604
2582 -27.941594 60.795551 97.072604
2583 -27.894869 60.428707 97.072604
2584 -27.875847 59.839155 97.072604
2585 -27.882948 59.444270 97.072604
2586 -27.876422 59.134521 97.072604
2587 -27.842817 58.866657 97.072604
2608 -27.703375 50.686915 97.072604
2609 -27.727154 50.200247 97.072604
2610 -27.808206 49.638611 97.072604
2611 -27.866887 49.142126 97.072604
2612 -27.896602 48.630555 97.072604
2613 -27.897531 48.273172 97.072604
2614 -27.888339 47.938298 97.072604
2615 -27.880437 47.413359 97.072604
2616 -27.891438 47.228690 97.072604
2617 -27.902069 46.823849 97.072604
2618 -27.901301 46.568900 97.072604
2640 -27.763314 37.413764 97.072604
2641 -27.758562 36.928794 97.072604
2642 -27.761755 36.403812 97.072604
2643 -27.771656 36.231597 97.072604
2644 -27.778806 35.771763 97.072604
2645 -27.760861 35.542692 97.072604
2646 -27.738423 35.183479 97.072604
2647 -27.729700 34.653562 97.072604
2648 -27.737399 34.408683 97.072604
2649 -27.747007 33.953790 97.072604
2650 -27.742306 33.788857 97.072604
2671 -28.210568 25.033459 97.072604
2672 -28.280180 24.621073 97.072604
2673 -28.645164 24.094401 97.072604
2674 -29.145227 23.679928 99.058419
2675 -29.610902 23.325881 99.058419
2676 -30.150810 22.857614 99.980050
2677 -30.644598 22.340738 99.980050
2678 -31.018437 21.890833 100.557498
2679 -31.435649 21.402319 100.557498
2680 -31.848292 20.913118 101.533297
2681 -32.231723 20.474674 101.533297
2702 -34.198698 18.078495 103.327878
2703 -34.102244 18.021403 103.327878
2704 -33.748671 17.969542 103.327878
2705 -33.146416 18.025523 103.327878
2706 -32.503346 18.101107 103.327878
2707 -31.860225 18.148892 103.327878
2708 -31.213151 18.172130 103.327878
2709 -30.565773 18.184618 103.327878
2710 -29.918396 18.197274 103.327878
2711 -29.273553 18.211275 103.327878
2712 -28.626444 18.233775 103.327878
2735 -19.267919 19.275601 107.444918
2736 -19.267919 19.275601 107.444918
2737 -19.240665 19.287918 107.444918
2738 -19.141490 19.492487 107.444918
2739 -19.145381 20.004694 107.444918
2740 -19.201110 20.392886 107.444918
2741 -19.277768 20.669927 107.444918
2742 -19.310020 21.161410 107.444918
2743 -19.268991 21.508623 107.444918
2744 -19.156672 21.829465 107.444918
2745 -18.995785 22.318335 107.444918
2770 -18.154505 27.663111 107.264209
2771 -18.086729 27.520493 107.264209
2772 -18.070090 27.156135 107.264209
2773 -18.131345 26.635132 107.264209
2774 -18.214278 26.244122 107.264209
2775 -18.238237 25.965169 107.264209
2776 -18.254842 25.535523 107.264209
2777 -18.239098 25.296042 107.264209
2778 -18.206648 24.832177 107.264209
2779 -18.198379 24.447267 107.264209
2780 -18.192023 24.137332 107.264209
2806 -4.805290 19.128897 118.567494
2807 -4.805290 19.128897 118.567494
2808 -4.768960 18.934365 118.567494
2809 -5.051460 18.557223 118.567494
2810 -5.559918 18.153657 118.567494
2811 -6.097404 17.788142 118.567494
2812 -6.615735 17.396297 118.567494
2813 -7.094838 16.957306 118.767212
2814 -7.582400 16.434465 118.767212
2815 -7.967694 15.997607 119.643515
2816 -8.399039 15.511363 119.643515
2832 -13.001149 10.434526 125.482153
2833 -13.001149 10.434526 125.482153
2834 -13.001149 10.434526 125.535854
2835 -13.001149 10.434526 125.535854
2836 -13.001149 10.434526 125.482153
2837 -13.001149 10.434526 125.482153
2838 -13.008950 10.452935 125.482153
2839 -13.066179 10.521065 125.482153
2840 -13.109307 10.545863 125.482153
2841 -13.203788 10.523205 125.482153
2842 -13.352043 10.271407 125.482153
2872 -12.809779 -1.232774 129.421214
2873 -12.855808 -1.690267 129.421214
2874 -12.863542 -2.210090 129.421214
2875 -12.830420 -2.618663 129.421214
2876 -12.788082 -2.819021 130.037420
2877 -12.658276 -3.352827 130.037420
2878 -12.605490 -3.847418 129.905237
2879 -12.560757 -4.360354 129.905237
2880 -12.470889 -4.802305 129.905237
2881 -12.396240 -4.965934 129.905237
2882 -12.192889 -5.384063 129.905237
2899 -11.671622 -6.739722 129.905237
2900 -11.671622 -6.739722 129.905237
2901 -11.635951 -6.722091 129.905237
2902 -11.536065 -6.471213 129.905237
2903 -11.565701 -5.924861 129.905237
2904 -11.642731 -5.615295 129.905237
2905 -11.821367 -5.042754 129.905237
2906 -11.876607 -4.641422 129.905237
2907 -11.893609 -4.347635 129.905237
2908 -11.905948 -3.987856 129.905237
2909 -11.982954 -3.406273 129.905237
2943 -8.636872 8.679347 129.905237
2944 -8.520288 9.048881 129.905237
2945 -8.322081 9.612473 129.905237
2946 -8.248154 9.759954 129.905237
2947 -8.041604 10.187182 129.905237
2948 -7.959084 10.470081 129.905237
2949 -7.858139 10.799783 129.905237
2950 -7.723111 11.236839 129.905237
2951 -7.685298 11.425552 129.905237
2952 -7.581666 11.817058 129.905237
2953 -7.431417 12.330460 129.905237
2986 7.847746 20.525168 129.905237
2987 8.491069 20.598591 129.905237
2988 9.071702 20.644296 129.905237
2989 9.783653 20.671520 129.905237
2990 10.493425 20.689521 129.905237
2991 11.075727 20.704702 129.905237
2992 11.723007 20.721577 129.905237
2993 12.370387 20.733589 129.905237
2994 13.017859 20.738755 129.905237
2995 13.665317 20.746059 129.905237
2996 14.245277 20.752934 129.905237
3016 20.941014 20.794146 130.013579
3017 20.941014 20.794146 130.013579
3018 20.879274 20.737430 130.013579
3019 20.506598 20.701991 130.013579
3020 19.887073 20.781621 130.013579
3021 19.246513 20.875883 130.013579
3022 18.604129 20.932238 130.013579
3023 17.959250 20.934842 130.013579
3024 17.314517 20.916348 130.013579
3025 16.667283 20.897777 130.013579
3026 16.022597 20.877718 130.013579
3047 2.576108 20.428108 130.013579
3048 2.482025 20.467050 130.013579
3049 2.454570 20.567962 130.013579
3050 2.582368 20.687017 130.013579
3051 3.035806 20.757078 130.013579
3052 3.674700 20.730029 130.013579
3053 4.319301 20.668840 130.037420
3054 4.965484 20.629767 130.037420
3055 5.610438 20.628170 130.037420
3056 6.192851 20.638164 130.037420
3057 6.970217 20.652600 130.037420
3097 20.150823 10.856631 135.412004
3098 20.214272 10.334433 135.412004
3099 20.150324 9.882617 135.412004
3100 20.038826 9.365735 135.532028
3101 20.045713 9.044072 135.532028
3102 20.156467 8.760271 136.825622
3103 20.327782 8.311947 136.825622
3104 20.402555 8.083895 138.656016
3105 20.573879 7.587655 138.656016
3106 20.752332 7.105187 138.656016
3107 21.042666 6.626905 139.160090
3150 21.792295 -0.133520 142.052141
3151 21.792295 -0.133520 142.052141
3152 21.843380 -0.090181 142.052141
3153 21.912572 0.225637 142.052141
3154 21.892464 0.744606 142.052141
3155 21.840352 0.987901 142.052141
3156 21.733402 1.323498 142.052141
3157 21.677262 1.759106 142.052141
3158 21.674374 2.005119 142.052141
3159 21.691448 2.339676 142.052141
3160 21.702433 2.884545 142.052141
3205 26.131603 11.809955 142.052141
3206 26.131603 11.809955 142.052141
3207 26.131603 11.809955 142.052141
3208 26.131603 11.809955 142.052141
3209 26.131603 11.809955 142.052141
3210 26.118238 11.887725 142.052141
3211 25.889909 12.051859 142.052141
3212 25.280198 11.946181 142.052141
3213 24.657918 11.595045 142.052141
3214 24.155718 11.300372 142.052141
3215 23.547359 11.074428 142.052141
3261 21.469222 -6.189692 142.342020
3262 21.468134 -6.483597 142.342020
3263 21.268826 -6.933108 142.851849
3264 21.114870 -7.089333 142.851849
3265 20.800562 -7.397070 142.851849
3266 20.467454 -7.815137 144.049751
3267 20.311844 -8.059849 144.049751
3268 20.082775 -8.447094 144.049751
3269 19.923709 -8.797404 144.049751
3315 19.817392 -9.120187 147.789752
3316 19.817392 -9.120187 147.789752
3317 19.817392 -9.120187 147.789752
3318 19.817392 -9.120187 147.789752
3319 19.809944 -9.113515 147.904871
3320 19.847993 -9.016008 147.904871
3321 20.141803 -8.893327 147.904871
3322 20.683049 -8.853605 147.904871
3323 21.323491 -8.929648 147.904871
3324 21.967168 -8.999547 148.444908
3325 22.611500 -9.024794 148.444908
3372 35.947210 -8.014463 152.164158
3373 35.947210 -8.014463 152.164158
3374 35.956196 -8.010074 152.164158
3375 36.027412 -7.941786 152.164158
3376 36.034486 -7.892451 152.164158
3377 36.006068 -7.818359 152.164158
3378 35.820281 -7.715664 152.164158
3379 35.291314 -7.718977 152.164158
3380 34.649471 -7.782579 152.164158
3381 34.005429 -7.849360 152.164158
3382 33.359861 -7.898154 152.164158
3430 21.666611 4.454747 152.164158
3431 21.682908 4.949426 152.164158
3432 21.672300 5.394199 152.164158
3433 21.621087 5.951845 152.164158
3434 21.575853 6.374424 152.164158
3435 21.495387 6.781479 152.164158
3436 21.459359 7.044014 152.164158
3437 21.371281 7.454500 152.164158
3438 21.193283 7.968855 152.164158
3439 20.899031 8.436123 152.164158
3440 20.666653 8.866927 152.164158
3488 6.570814 20.740029 152.164158
3489 5.927855 20.816568 152.164158
3490 5.282921 20.873368 152.164158
3491 4.703459 20.897471 152.164158
3492 3.991032 20.906901 152.164158
3493 3.278534 20.905607 152.164158
3494 2.696035 20.904298 152.164158
3495 2.048914 20.922347 152.164158
3496 1.404666 20.953475 152.164158
3497 0.757905 20.984417 152.164158
3498 0.111504 21.021952 152.164158
3546 -9.782778 26.413146 152.278859
3547 -9.727926 26.167252 152.278859
3548 -9.705969 25.667852 152.278859
3549 -9.634700 25.163747 152.278859
3550 -9.445434 24.664263 152.278859
3551 -9.265779 24.304303 152.278859
3552 -9.241727 24.128605 152.278859
3553 -9.247668 23.747290 152.278859
3554 -9.325246 23.484575 152.278859
3555 -9.589166 23.236008 152.278859
3556 -10.164835 23.075896 152.278859
3604 -38.692468 14.835312 152.164158
3606 -38.709008 14.342501 152.164158
3607 -38.677071 13.917714 152.278859
3608 -38.671108 13.532795 152.278859
3609 -38.656202 12.998009 152.278859
3610 -38.661847 12.618147 152.278859
3611 -38.709618 12.120462 152.278859
3613 -38.740289 11.639011 152.278859
3614 -38.818181 11.359876 152.278859
3615 -38.965689 10.814658 152.278859
3616 -39.047223 10.484639 152.278859
3667 -40.681862 4.158602 152.278859
3668 -40.733436 4.093171 152.278859
3669 -40.886009 4.101451 152.278859
3671 -41.024396 4.470093 152.278859
3672 -41.068353 4.989277 152.278859
3673 -41.065012 5.463742 152.278859
3674 -41.182021 5.898129 152.278859
3676 -41.340650 6.461159 152.278859
3677 -41.438628 6.812724 152.278859
3678 -41.670649 7.488977 152.278859
3679 -41.814556 7.806544 152.278859
3732 -52.944958 11.695193 152.164158
3733 -52.944958 11.695193 152.164158
3734 -52.944958 11.695193 152.164158
3735 -52.974369 11.700577 152.278859
3736 -52.985995 11.777621 152.278859
3738 -52.826553 11.913778 152.278859
3739 -52.238823 11.995785 152.164158
3740 -51.539488 11.896976 152.164158
3741 -50.911208 11.731281 152.164158
3742 -50.222153 11.562295 152.164158
3743 -49.577590 11.507580 152.164158
3797 -30.890962 29.151815 152.278859
3798 -30.781906 29.536241 152.278859
3799 -30.722511 30.087534 152.278859
3800 -30.755542 30.325098 152.278859
3801 -30.811649 30.856838 152.278859
3802 -30.820105 31.236640 152.278859
3803 -30.815846 31.546604 152.278859
3804 -30.828056 32.046367 152.278859
3805 -30.859304 32.314503 152.164158
3806 -30.879479 32.834054 152.164158
3807 -30.873505 33.071289 152.164158
3861 -31.308397 54.839232 152.164158
3863 -31.316480 55.301630 152.164158
3864 -31.333811 55.846290 152.164158
3865 -31.331180 56.281245 152.278859
3866 -31.309537 56.570420 152.278859
3867 -31.306608 57.065250 152.278859
3868 -31.333570 57.699643 152.278859
3869 -31.384536 58.148853 152.278859
3870 -31.412096 58.467461 152.278859
3872 -31.421272 58.967357 152.278859
3873 -31.416270 59.242282 152.278859
3927 -31.621564 79.443468 152.278859
3928 -31.633510 79.948312 152.164158
3929 -31.619164 80.277371 152.164158
3930 -31.506800 80.624442 152.164158
3931 -31.444051 80.998830 152.164158
3932 -31.453838 81.258637 152.164158
3933 -31.466232 81.753461 152.164158
3934 -31.466010 82.103383 152.164158
3935 -31.454934 82.553241 152.164158
3936 -31.455761 82.883165 152.278859
3937 -31.465902 83.213007 152.278859
3992 -31.370227 103.964561 152.278859
3993 -31.453153 104.157435 152.278859
3994 -31.588026 104.602229 152.278859
3995 -31.828036 105.036532 152.278859
3996 -32.444033 105.348429 152.278859
3997 -33.209651 105.301441 152.278859
3998 -33.910973 105.163613 152.278859
3999 -34.583130 104.923064 152.278859
4001 -35.204560 104.577168 152.164158
4002 -35.741032 104.112495 152.164158
4003 -36.321642 103.704400 152.278859
4057 -39.742608 102.757893 152.164158
4058 -39.742608 102.757893 152.164158
4059 -39.742608 102.757893 152.164158
4060 -39.751581 102.762309 152.164158
4061 -39.801646 102.810324 152.278859
4062 -39.815325 102.837024 152.278859
4063 -39.767826 102.944221 152.278859
4064 -39.438853 103.023611 152.278859
4065 -38.855047 103.002955 152.278859
4066 -38.145820 102.935821 152.278859
4067 -37.435114 102.962524 152.278859
4122 -30.235769 87.580794 152.278859
4123 -30.257154 87.091588 152.278859
4124 -30.289707 86.607709 152.278859
4125 -30.289900 86.152709 152.278859
4126 -30.298063 85.852851 152.164158
4127 -30.289896 85.288031 152.164158
4128 -30.260133 84.748964 152.164158
4129 -30.243931 84.434557 152.278859
4130 -30.250327 84.149637 152.278859
4131 -30.234885 83.579931 152.278859
4132 -30.210715 83.040472 152.278859
4186 -29.826649 61.343686 152.278859
4187 -29.865693 60.875379 152.278859
4188 -29.863198 60.300600 152.278859
4189 -29.836279 60.118284 152.278859
4191 -29.773108 59.648141 152.278859
4192 -29.760259 59.063338 152.278859
4193 -29.746655 58.778696 152.278859
4194 -29.726534 58.294125 152.278859
4195 -29.714863 57.829313 152.278859
4196 -29.712039 57.439497 152.278859
4197 -29.681106 57.121078 152.278859
4251 -29.251118 35.629315 152.278859
4252 -29.297584 35.227038 152.278859
4253 -29.320351 34.930996 152.278859
4254 -29.282188 34.542886 152.278859
4255 -29.255842 34.138890 152.278859
4257 -29.245648 33.774033 152.278859
4258 -29.231588 33.199241 152.278859
4259 -29.230429 32.694285 152.278859
4260 -29.215383 32.179514 152.278859
4261 -29.213145 31.929545 152.278859
4262 -29.186907 31.392728 152.278859
4316 -12.391582 15.451468 152.164158
4317 -12.377635 15.016978 152.164158
4318 -12.374225 14.617198 152.278859
4319 -12.330475 13.953675 152.278859
4320 -12.331475 13.523730 152.164158
4321 -12.332586 13.391235 152.164158
4323 -12.336526 12.921251 152.164158
4324 -12.338184 12.246321 152.278859
4325 -12.325301 11.811549 152.278859
4326 -12.339242 11.541912 152.164158
4327 -12.351886 10.927076 152.164158
4382 0.608239 -4.631688 152.278859
4383 1.515677 -4.696209 152.278859
4384 2.286130 -4.816987 152.278859
4385 3.050534 -4.959073 152.278859
4387 3.939339 -5.142261 152.278859
4388 4.703988 -5.267371 152.278859
4389 5.604364 -5.380828 152.278859
4391 6.374706 -5.464276 152.278859
4392 7.090801 -5.599168 152.278859
4393 7.495209 -5.673559 152.164158
4449 7.694055 -5.694646 152.278859
4451 7.694055 -5.694646 152.278859
4452 7.674612 -5.690066 152.278859
4453 7.505524 -5.360735 152.278859
4454 7.520045 -4.682881 152.278859
4456 7.600729 -4.379611 152.278859
4457 7.721462 -3.819305 152.164158
4458 7.702810 -3.459872 152.164158
4460 7.668662 -2.873442 152.164158
4461 7.663316 -2.318538 152.164158
4463 7.646094 -1.593743 152.164158
4521 8.691614 3.950073 152.164158
4522 8.727698 3.976584 152.164158
4523 8.804977 4.356454 152.164158
4525 8.730401 4.976080 152.164158
4526 8.594779 5.248704 152.164158
4527 8.376105 5.910216 152.164158
4528 8.312902 6.170021 152.164158
4530 8.167618 6.731491 152.164158
4531 8.103530 7.065355 152.164158
4532 7.998574 7.461643 152.164158
4534 7.895127 7.991597 152.164158
4593 7.740170 8.988505 152.164158
4594 8.236579 8.532451 152.164158
4595 9.028998 8.088685 152.164158
4597 9.739470 7.766813 152.164158
4598 10.621690 7.351867 152.164158
4599 11.332232 7.030226 152.164158
4601 12.096024 6.668921 152.164158
4602 12.870543 6.331109 152.164158
4603 13.676790 5.909875 152.164158
4605 14.425379 5.519772 152.164158
4606 15.243312 5.123277 152.164158
4665 16.240603 3.981309 152.164158
4667 16.537159 4.011461 152.164158
4668 16.779981 4.423591 152.164158
4669 16.800996 4.867262 152.164158
4729 17.032026 5.227839 152.164158
4730 17.032026 5.227839 152.164158
4731 17.032026 5.227839 152.164158
4733 17.032026 5.227839 152.164158
4734 16.936945 5.388141 152.164158
4735 16.352207 5.502443 152.164158
4737 15.513611 5.456895 152.164158
4738 14.676567 5.341255 152.164158
4739 13.843159 5.202016 152.164158
4740 13.029122 4.979068 152.164158
4742 12.320638 4.654240 152.164158
4801 -14.948186 -0.804329 152.164158
4802 -14.983467 -0.878043 152.164158
4804 -14.884285 -1.139333 152.164158
4805 -14.650469 -1.306291 152.164158
4806 -14.465627 -1.384706 152.164158
4808 -14.339580 -1.418467 152.164158
4809 -14.459272 -1.409879 152.164158
4810 -14.244740 -1.423983 152.164158
4812 -13.675709 -1.455271 152.164158
4813 -12.941047 -1.783201 152.164158
4814 -12.806254 -2.055619 152.164158
4874 7.920554 6.812008 152.164158
4875 7.893607 7.250623 152.164158
4877 7.901847 7.975242 152.164158
4878 7.943286 8.382162 152.164158
4880 8.073922 8.998329 152.164158
4881 8.189707 9.381118 152.164158
4940 8.404741 9.500966 152.164158
4942 8.459340 8.873693 152.164158
4943 8.346408 8.394781 152.164158
4944 8.229983 8.048948 152.164158
4946 8.146628 7.483958 152.164158
4947 8.184914 7.088321 152.164158
4948 8.220817 6.429410 152.164158
4950 8.208898 6.109774 152.164158
4951 8.199343 5.614934 152.164158
4952 8.212466 5.175130 152.164158
4954 8.216711 4.707742 152.164158
5013 -15.190611 -0.764881 152.164158
5015 -15.957747 -0.655538 152.164158
5016 -16.854303 -0.532750 152.164158
5017 -17.622471 -0.397947 152.164158
5018 -18.443226 -0.231809 152.164158
5020 -19.266114 -0.039820 152.164158
5021 -20.026023 0.124468 152.164158
5022 -20.915808 0.302824 152.164158
5024 -21.745836 0.461080 152.164158
5025 -22.701728 0.652935 152.164158
5026 -23.461301 0.806778 152.164158
5086 -53.836436 15.406905 152.164158
5087 -53.701977 14.898930 152.164158
5088 -53.123088 14.387968 152.164158
5090 -52.449886 13.997786 152.164158
5091 -51.770677 13.617067 152.164158
5092 -51.189224 13.107811 152.164158
5093 -50.699885 12.507201 152.164158
5095 -50.253498 11.972030 152.164158
5096 -49.585132 11.619312 152.164158
5097 -48.876811 11.560520 152.164158
5098 -47.973375 11.611777 152.164158
5159 -12.941986 22.541294 152.164158
5160 -12.943051 22.551237 152.164158
5161 -12.975673 22.587482 152.164158
5162 -13.113391 22.623910 152.164158
5164 -13.162086 22.630408 152.164158
5165 -13.167929 22.638524 152.164158
5166 -13.167929 22.638524 152.164158
5167 -13.167929 22.638524 152.164158
5168 -13.122256 22.608889 152.164158
5170 -13.016729 22.228352 152.164158
5171 -13.100239 21.535087 152.164158
5231 -22.889842 0.554000 152.164158
5233 -23.572727 0.342259 152.164158
5234 -24.324705 0.135128 152.164158
5235 -25.064016 -0.112943 152.164158
5236 -25.730984 -0.370460 152.164158
5237 -26.440102 -0.688885 152.164158
5238 -27.130715 -1.050590 152.164158
5240 -27.716995 -1.559388 152.164158
5241 -28.083052 -2.071136 152.164158
5242 -28.242616 -2.348514 152.164158
5243 -28.493875 -2.820580 152.164158
5304 -30.761179 -8.413014 152.164158
5305 -30.732814 -8.800996 152.164158
5306 -30.740591 -9.180852 152.164158
5307 -30.750369 -9.430641 152.164158
5308 -30.753860 -9.910618 152.164158
5309 -30.737009 -10.279852 152.164158
5310 -30.627226 -10.600995 152.164158
5311 -30.426141 -11.150174 152.164158
5312 -30.345343 -11.423321 152.164158
5313 -30.273991 -11.724960 152.164158
5314 -30.147669 -12.182839 152.164158
5347 -29.421725 -24.685228 154.593826
5348 -29.440102 -24.838177 154.593826
5349 -29.533507 -25.221964 154.593826
5350 -29.631520 -25.833729 155.720682
5351 -29.637555 -26.043488 155.720682
5352 -29.640274 -26.413478 155.720682
5353 -29.644331 -26.973463 156.845946
5354 -29.656470 -27.373245 156.845946
5355 -29.658241 -27.893231 156.845946
5356 -29.637300 -28.347748 157.906463
5357 -29.636514 -28.592713 157.906463
5393 -30.302250 -35.583672 167.406723
5394 -30.237963 -35.810436 167.406723
5395 -30.230905 -36.314264 167.406723
5396 -30.292870 -36.769820 167.406723
5397 -30.312909 -37.019013 167.406723
5398 -30.333189 -37.453336 167.406723
5399 -30.299312 -37.957112 167.406723
5400 -30.258377 -38.188402 168.320560
5401 -30.163238 -38.694252 168.320560
5402 -30.129224 -39.147851 168.320560
5403 -30.132813 -39.682839 169.416679
5441 -29.296780 -49.762429 181.715853
5442 -29.296780 -49.762429 181.715853
5443 -29.259358 -49.748793 181.715853
5444 -29.217082 -49.606474 181.715853
5445 -29.312515 -49.223742 181.715853
5446 -29.744747 -48.773855 181.754150
5447 -30.303318 -48.441684 181.754150
5448 -30.841278 -48.077807 181.754150
5449 -31.321276 -47.673757 181.754150
5450 -31.855001 -47.331116 181.754150
5451 -32.484113 -47.224328 181.754150
5493 -40.632686 -52.510559 181.754150
5494 -40.440991 -52.718016 181.754150
5495 -40.089870 -53.243295 181.754150
5496 -39.789662 -53.727822 181.754150
5497 -39.457491 -54.200045 181.754150
5498 -39.081799 -54.708869 181.754150
5499 -38.687406 -55.219217 181.754150
5500 -38.256168 -55.770606 181.754150
5501 -37.900369 -56.225480 181.754150
5502 -37.453293 -56.777010 181.754150
5503 -37.087514 -57.223898 181.754150
5586 -29.136920 -68.710827 200.405418
5587 -29.136920 -68.710827 200.405418
5588 -29.136920 -68.710827 200.405418
5589 -29.136920 -68.710827 200.405418
5590 -29.136920 -68.710827 200.405418
5591 -29.148156 -68.662484 200.405418
5592 -29.336429 -68.538131 200.405418
5593 -29.737614 -68.649176 200.405418
5594 -30.001526 -69.176740 200.405418
5595 -30.051223 -69.477025 200.405418
5596 -30.061161 -69.759297 200.405418
5643 -34.914765 -78.210348 207.229176
5644 -34.914765 -78.210348 207.229176
5645 -34.914765 -78.210348 207.229176
5646 -34.943773 -78.217595 207.229176
5647 -35.061409 -78.139266 207.229176
5648 -35.085901 -77.803111 207.229176
5649 -34.669327 -77.291750 207.229176
5650 -34.063898 -76.932589 207.229176
5651 -33.426166 -76.872168 207.229176
5652 -32.846774 -76.934929 207.229176
5653 -32.262025 -77.211335 207.229176
5748 -26.100579 -89.482639 219.147648
5749 -26.100579 -89.482639 219.147648
5750 -26.100579 -89.482639 219.147648
5751 -26.163878 -89.492208 219.147648
5752 -26.265746 -89.452210 219.147648
5753 -26.244760 -89.473647 219.147648
5754 -26.294786 -89.398862 219.147648
5755 -26.232576 -89.489581 219.147648
5756 -26.217999 -89.515777 218.960936
5757 -26.240598 -89.446875 218.960936
5758 -26.290716 -89.316247 218.960936
5812 -30.022841 -101.562365 233.291346
5813 -30.022841 -101.562365 233.291346
5814 -30.022841 -101.562365 233.291346
5815 -30.022841 -101.562365 233.291346
5816 -30.022841 -101.562365 233.320149
5817 -30.022841 -101.562365 233.320149
5818 -30.022841 -101.562365 233.320149
5819 -30.051427 -101.522723 233.320149
5820 -30.104228 -101.511753 233.349634
5821 -30.231336 -101.605083 233.349634
5822 -30.331090 -102.049017 233.349634
