6 -47.500000 111.000000 0.000000
7 -47.593147 110.933022 4.327817
8 -47.928686 110.849897 4.327817
9 -48.254341 110.975414 4.327817
10 -48.365253 111.071065 7.523962
11 -48.453876 111.371041 7.523962
12 -48.450202 111.813501 7.561085
13 -48.378175 112.047448 7.561085
14 -48.362008 112.092111 7.561085
15 -48.166517 112.121702 18.856564
16 -47.861792 111.864764 18.856564
17 -47.656210 111.355221 19.022356
18 -47.548573 110.933765 19.481530
19 -47.492832 110.778466 19.481530
20 -47.346867 110.363387 19.915070
21 -47.254493 110.153267 19.915070
22 -47.042909 109.784765 19.915070
23 -46.883717 109.524625 20.549696
24 -46.838245 109.458909 20.549696
25 -46.682350 109.383510 20.549696
26 -46.252507 109.407174 20.934422
27 -45.642175 109.590748 20.934422
28 -45.025156 109.795162 20.934422
29 -44.465409 109.964949 22.308071
30 -43.776356 110.146138 22.308071
31 -43.079370 110.293824 23.163981
32 -42.506341 110.411557 24.085889
33 -41.870268 110.545219 24.085889
34 -41.235353 110.684371 25.045759
35 -40.926104 110.754263 25.906950
36 -40.667623 110.894884 25.906950
37 -40.405737 111.200133 25.906950
38 -40.250988 111.660170 26.661021
39 -40.214422 111.889679 26.661021
40 -40.101146 112.312111 26.661021
41 -39.931355 112.819400 26.661021
42 -39.812162 113.088846 26.661021
43 -39.642265 113.428738 26.661021
44 -39.410240 113.908001 26.661021
45 -39.307831 114.055956 26.661021
46 -39.142318 114.287794 26.661021
47 -39.037663 114.598201 26.661021
48 -39.174398 115.201088 26.661021
49 -39.571235 115.627578 28.144804
50 -40.047908 116.069162 28.144804
51 -40.469933 116.562981 28.461378
52 -40.844629 117.075552 28.461378
53 -41.117747 117.500180 28.461378
54 -41.421998 117.991019 28.461378
55 -41.700503 118.436041 28.461378
56 -41.851809 118.644174 28.461378
57 -42.001533 118.847072 28.461378
58 -42.008608 119.098484 28.461378
59 -41.642694 119.412089 28.461378
60 -41.013215 119.536881 28.461378
61 -40.368784 119.561554 28.555385
62 -39.720864 119.611921 29.073872
63 -39.077867 119.706713 30.140505
64 -38.503504 119.817147 30.140505
65 -37.752380 120.026824 30.545868
66 -37.135171 120.230388 31.978900
67 -36.586267 120.432655 31.978900
68 -35.980451 120.668106 33.322215
69 -35.366747 120.882148 33.322215
70 -34.744072 121.068427 34.420489
71 -34.114629 121.230528 34.420489
72 -33.485575 121.394188 34.420489
73 -32.921287 121.548450 34.420489
74 -32.238497 121.760550 34.420489
75 -31.562573 121.993112 34.420489
76 -31.020639 122.213295 35.383188
77 -30.432791 122.490534 35.383188
78 -29.856849 122.791726 35.972351
79 -29.280103 123.091485 36.916799
80 -28.704259 123.392973 36.916799
81 -28.103639 123.639013 36.916799
82 -27.536543 123.757733 36.916799
83 -26.825972 123.802244 36.916799
84 -26.126480 123.719063 36.591939
85 -25.560884 123.580028 36.591939
86 -24.916394 123.539218 36.975803
87 -24.270132 123.600314 36.975803
88 -23.637033 123.746794 36.975803
89 -23.045728 123.896338 36.975803
90 -22.648197 123.973594 36.975803
91 -22.628503 123.977080 36.975803
92 -22.592476 124.011250 36.975803
93 -22.593800 124.021162 36.591939
94 -22.671685 124.143985 36.591939
95 -22.778251 124.259925 36.916799
96 -22.848154 124.317892 36.916799
97 -23.128087 124.383165 36.916799
98 -23.687707 124.368698 36.916799
99 -24.336078 124.323049 36.916799
100 -24.919166 124.275848 36.916799
101 -25.754650 124.171365 36.916799
102 -26.325881 124.045826 36.916799
103 -26.880808 123.861993 36.916799
104 -27.455147 123.560594 36.916799
105 -27.871638 123.084938 36.975803
106 -27.957931 122.893764 36.975803
107 -28.134375 122.490733 36.975803
108 -28.336726 121.968710 36.975803
109 -28.374406 121.860058 36.975803
110 -28.557137 121.449289 36.975803
111 -28.756420 120.991050 36.975803
112 -28.855772 120.708006 36.975803
113 -28.904391 120.598834 36.975803
114 -28.943127 120.567613 36.975803
115 -28.991087 120.556739 36.975803
116 -29.112175 120.643575 36.975803
117 -29.200717 120.984508 36.975803
118 -29.204873 121.549548 36.975803
119 -29.098233 122.045676 36.975803
120 -29.006728 122.468212 36.975803
121 -28.989656 122.902496 36.975803
122 -29.004615 123.051744 36.975803
123 -29.030270 123.630975 36.975803
124 -29.040132 123.955810 36.975803
125 -29.106635 124.486310 36.975803
126 -29.156716 124.998784 36.975803
127 -29.179282 125.393139 36.975803
128 -29.174143 125.618080 36.975803
129 -29.179700 126.103017 36.975803
130 -29.193409 126.632839 36.807744
131 -29.192655 126.867824 36.807744
132 -29.199171 127.302775 36.807744
133 -29.207000 127.822716 36.807744
134 -29.200020 128.117633 36.807744
135 -29.197917 128.207609 36.807744
136 -29.266826 128.313846 36.807744
137 -29.534515 128.391569 36.807744
138 -29.852003 128.135156 36.807744
139 -29.981214 127.612958 36.807744
140 -30.027631 127.130235 36.807744
141 -30.085955 126.593519 36.807744
142 -30.228852 126.000943 36.807744
143 -30.397386 125.597354 36.807744
144 -30.565771 125.139978 36.807744
145 -30.705338 124.852032 36.807744
146 -30.855562 124.513988 36.807744
147 -30.982735 124.098169 36.807744
148 -31.063126 123.960073 36.807744
149 -31.287339 123.508134 36.807744
150 -31.575356 122.878977 36.807744
151 -31.954589 122.444652 36.807744
152 -32.533733 122.172515 36.807744
153 -33.173973 122.106979 36.807744
154 -33.821075 122.127503 36.807744
155 -34.467670 122.161326 36.807744
156 -35.306167 122.211527 36.807744
157 -35.436002 122.218078 36.807744
158 -35.436002 122.218078 36.807744
159 -35.436002 122.218078 36.807744
160 -35.436002 122.218078 36.807744
161 -35.354363 122.136531 36.807744
162 -34.992110 122.101454 36.807744
163 -34.444031 122.146588 36.807744
164 -33.731653 122.149572 36.807744
165 -33.019246 122.139575 36.807744
166 -32.436899 122.149516 36.807744
167 -31.784584 122.300281 36.807744
168 -31.704383 122.351127 36.807744
169 -31.704383 122.351127 36.807744
170 -31.704383 122.351127 36.807744
171 -31.719691 122.363956 36.807744
172 -31.937381 122.428858 36.807744
173 -32.395400 122.354866 36.807744
174 -33.092505 122.235731 36.807744
175 -33.673106 122.190456 36.859870
176 -34.320436 122.187815 36.859870
177 -34.967768 122.202512 36.859870
178 -35.872739 122.209537 36.859870
179 -35.937737 122.209976 36.859870
180 -36.017524 122.265164 36.859870
181 -36.020409 122.364122 36.859870
182 -35.759104 122.522196 36.859870
183 -35.132015 122.604975 36.859870
184 -34.554137 122.517792 36.859870
185 -33.925702 122.362752 36.859870
186 -33.300338 122.205640 36.859870
187 -32.658847 122.120766 36.859870
188 -32.016872 122.173831 36.859870
189 -31.337414 122.727241 36.807744
190 -31.229086 122.954931 36.807744
191 -31.234442 123.148692 36.807744
192 -31.312110 123.622285 36.807744
193 -31.340755 124.071012 37.026612
194 -31.309476 124.238046 37.026612
195 -31.225789 124.680171 37.637880
196 -31.143294 125.239105 37.637880
197 -31.080540 125.464999 37.637880
198 -30.915675 125.867497 37.637880
199 -30.739523 126.340671 37.637880
200 -30.637571 126.696135 37.637880
201 -30.555365 127.025883 37.637880
202 -30.527294 127.473845 37.637880
203 -30.575121 127.636657 37.637880
204 -30.669934 128.075576 37.637880
205 -30.691525 128.634702 37.637880
206 -30.645568 129.117055 37.637880
207 -30.509030 129.654612 37.637880
208 -30.455016 129.767319 37.637880
209 -30.230294 130.168655 37.193683
210 -30.008037 130.681573 37.193683
211 -29.944677 130.912895 37.528789
212 -29.908828 131.037756 37.528789
213 -29.903369 131.132530 37.528789
214 -29.917912 131.200463 37.528789
215 -29.989205 131.286404 38.380334
216 -30.285087 131.395446 38.380334
217 -30.842030 131.382450 38.380334
218 -31.491621 131.370971 38.380334
219 -32.137847 131.437128 38.380334
220 -32.776423 131.557791 38.380334
221 -33.412618 131.691025 38.380334
222 -34.421118 131.934131 38.380334
223 -34.606863 131.984679 38.380334
224 -35.302516 132.149676 38.380334
225 -36.000780 132.303409 38.380334
226 -36.572160 132.416601 38.380334
227 -37.204699 132.542479 38.380334
228 -37.839912 132.680261 38.380334
229 -38.472329 132.830211 38.380334
230 -39.100636 132.996446 38.380334
231 -39.724021 133.180413 38.380334
232 -40.276290 133.372996 38.380334
234 -41.476485 133.872100 38.380334
234 -41.535369 133.899626 38.380334
235 -41.535369 133.899626 38.380334
236 -41.538102 133.986612 38.380334
237 -41.344678 134.108416 38.380334
238 -40.808721 134.125295 38.380334
239 -40.255440 133.946033 38.380334
240 -39.676440 133.541017 38.380334
241 -39.049692 133.225688 38.380334
242 -38.477902 133.120024 38.380334
243 -37.830932 133.102750 38.380334
245 -36.539165 133.145810 38.380334
245 -36.474207 133.148143 38.380334
246 -35.889646 133.148001 38.380334
247 -35.333948 132.987663 38.380334
248 -34.745211 132.587259 38.380334
249 -34.182449 132.146214 38.380334
250 -33.709546 131.801994 38.380334
251 -33.167034 131.443977 38.380334
252 -32.633756 131.076811 38.380334
253 -32.084770 130.733596 38.500000
254 -31.668445 130.338407 38.500000
256 -31.303171 129.407729 38.500000
257 -31.330392 129.174405 38.500000
258 -31.391474 128.678201 38.500000
259 -31.417680 128.306747 38.500000
260 -31.410654 128.021836 38.500000
261 -31.406386 127.491854 38.500000
262 -31.405304 127.056857 38.500000
263 -31.420635 126.618378 38.500000
264 -31.427109 126.358459 38.500000
265 -31.432628 125.898497 38.500000
266 -31.435521 125.393537 38.500000
268 -31.449825 124.343793 38.500000
269 -31.434836 123.964090 38.500000
270 -31.456065 123.730108 38.500000
271 -31.489286 123.236321 38.500000
272 -31.564805 122.747992 38.500000
273 -31.903003 122.282095 38.500000
274 -32.509991 122.076207 38.500000
275 -33.156596 122.075429 38.500000
276 -33.802193 122.125026 38.500000
277 -34.445694 122.168757 38.500000
278 -35.027637 122.193836 38.500000
280 -36.442273 122.225892 38.500000
280 -36.507257 122.227355 38.500000
281 -37.024706 122.231662 38.500000
282 -37.672054 122.218128 38.500000
283 -38.319523 122.212694 38.500000
284 -38.966996 122.206955 38.500000
285 -39.611719 122.189425 38.500000
286 -40.260556 122.151025 38.500000
287 -40.966464 122.057574 38.500000
288 -41.539549 121.940498 38.500000
289 -42.152447 121.784327 38.500000
291 -43.468836 121.578253 38.500000
292 -43.997396 121.918223 38.500000
293 -44.226404 122.344311 38.500000
294 -44.342311 122.615573 38.500000
295 -44.517296 123.156945 38.500000
296 -44.575557 123.389703 38.500000
297 -44.709078 123.707777 38.500000
298 -44.930447 124.216711 38.500000
299 -45.069361 124.551339 38.500000
300 -45.149874 124.850695 38.500000
301 -45.282966 125.264788 38.500000
303 -45.412625 125.632585 38.500000
303 -45.416142 125.641947 38.500000
304 -45.419658 125.651308 38.500000
305 -45.386121 125.687984 38.500000
306 -45.243837 125.709211 38.500000
307 -45.083961 125.498172 38.500000
308 -45.012028 125.019109 38.500000
309 -45.006713 124.544139 38.500000
310 -44.989629 124.282206 38.500000
311 -44.938157 123.893224 38.500000
312 -44.842670 123.428224 38.500000
314 -44.588398 122.799756 38.500000
315 -44.378577 122.297204 38.500000
316 -44.258045 121.934200 38.500000
317 -44.180064 121.691455 38.500000
318 -43.987066 121.139554 38.500000
319 -43.636371 120.599268 38.500000
320 -43.199869 120.218159 38.500000
321 -42.721711 119.778651 38.500000
322 -42.408267 119.418693 38.500000
323 -42.247248 119.189638 38.500000
324 -41.965595 118.788677 38.500000
326 -41.327295 117.877577 38.500000
327 -41.145725 117.651469 38.500000
328 -40.855818 117.190566 38.500000
329 -40.578148 116.719079 38.500000
330 -40.210786 116.149838 38.500000
331 -39.962575 115.768718 38.500000
332 -39.783689 115.491735 38.500000
333 -39.534521 115.035339 38.500000
334 -39.367283 114.725036 38.500000
335 -39.216649 114.437064 38.500000
336 -38.943553 113.936754 38.500000
338 -38.443565 113.109501 38.500000
339 -38.402710 112.926821 38.500000
340 -38.550941 112.586487 38.500000
341 -38.931694 112.086367 38.500000
342 -39.381647 111.617312 38.500000
343 -39.820439 111.144651 38.500000
344 -40.228697 110.648627 38.500000
345 -40.551401 110.182165 38.500000
346 -40.922262 109.600481 38.500000
347 -41.092302 109.344317 38.500000
348 -41.233937 109.102861 38.500000
351 -41.756094 108.265168 38.500000
352 -41.964754 108.000293 38.500000
353 -42.468338 107.555644 38.500000
354 -43.076455 107.181362 38.500000
355 -43.605594 106.932039 38.500000
356 -44.203280 106.676577 38.500000
357 -44.802256 106.424172 38.500000
358 -45.392976 106.153088 38.500000
359 -45.978281 105.870451 38.500000
360 -46.480942 105.618037 38.500000
361 -46.730770 105.488861 38.500000
363 -46.924282 105.381627 38.500000
364 -46.924282 105.381627 38.500000
365 -46.924282 105.381627 38.500000
366 -46.870396 105.305294 38.500000
367 -46.602404 105.221134 38.500000
368 -45.966681 105.258965 38.500000
369 -45.260467 105.365660 38.380334
370 -44.694852 105.514905 38.380334
371 -44.068718 105.689238 38.380334
372 -43.429941 105.792224 38.380334
373 -42.783029 105.813571 38.380334
375 -41.165854 105.782143 38.380334
376 -40.583768 105.761248 38.380334
377 -39.937952 105.715114 38.380334
378 -39.293219 105.633565 38.380334
379 -38.717473 105.529927 38.380334
380 -38.014397 105.414696 38.380334
381 -37.314695 105.280856 38.380334
382 -36.744345 105.151090 38.380334
383 -36.147660 104.900683 38.380334
384 -35.734455 104.418428 38.380334
385 -35.637349 104.156042 38.380334
388 -35.633347 103.124794 38.380334
389 -35.637666 103.105266 38.380334
390 -35.637666 103.105266 38.380334
391 -35.466334 103.062008 38.380334
392 -35.024257 103.316624 38.380334
393 -34.752404 103.800732 38.380334
394 -34.583160 104.228400 38.380334
395 -34.377063 104.716191 38.380334
396 -33.982448 105.230390 38.380334
397 -33.482132 105.644572 38.380334
398 -32.955341 106.025338 38.380334
401 -31.482893 106.979959 38.380334
402 -31.324997 107.063094 38.380334
403 -31.079118 106.959091 38.380334
404 -30.924874 106.536061 38.380334
405 -30.861380 105.985633 38.380334
406 -30.864507 105.708223 38.380334
407 -30.855070 105.353496 38.380334
408 -30.770355 104.889140 38.380334
409 -30.661102 104.658894 38.380334
410 -30.437150 104.195159 38.380334
411 -30.237428 103.742249 38.380334
414 -29.777654 102.627441 38.380334
415 -29.735984 102.376244 38.380334
416 -29.769614 101.822652 38.380334
417 -29.823868 101.446579 38.380334
418 -29.877648 101.217818 38.380334
419 -29.948192 100.728250 38.380334
420 -29.952984 100.548320 38.380334
421 -29.954357 100.078323 38.380334
422 -29.955326 99.573324 38.380334
423 -29.986190 99.398590 38.380334
424 -30.057045 98.954266 38.380334
427 -30.167276 97.616821 38.380334
428 -30.187664 97.455979 38.380334
429 -30.152659 97.380287 39.080047
430 -29.886799 97.240985 39.080047
431 -29.246106 97.347048 39.307125
432 -28.599860 97.647051 39.583457
433 -28.070406 97.895649 39.583457
434 -27.468932 98.128422 39.583457
435 -26.852561 98.326109 39.583457
436 -26.220676 98.478185 39.583457
437 -25.586887 98.622380 39.583457
441 -23.130466 99.248329 39.583457
442 -23.067303 99.263674 39.583457
443 -23.031075 99.210438 39.583457
444 -23.064981 98.940998 39.583457
445 -23.474468 98.549669 39.583457
446 -24.028385 98.212952 39.691940
447 -24.637802 97.987276 39.691940
448 -25.236567 97.735328 39.691940
449 -25.806550 97.423458 39.691940
450 -26.397848 97.021737 39.691940
451 -26.871493 96.678395 39.691940
455 -27.797738 95.198883 40.628193
456 -27.819774 94.814706 40.628193
457 -27.895686 94.535256 41.217109
458 -27.994720 94.045832 41.217109
459 -28.018126 93.541873 41.217109
460 -28.013200 93.204410 42.086222
461 -28.008949 92.899453 42.086222
462 -28.007455 92.444455 43.154259
463 -28.005584 91.874458 43.154259
464 -28.020452 91.409796 43.154259
465 -28.039627 91.120529 43.747573
469 -28.077943 89.592306 45.798364
470 -28.116690 89.187411 45.798364
471 -28.192009 88.925591 45.798364
472 -28.257941 88.386854 46.599679
473 -28.232676 87.989268 46.599679
474 -28.222688 87.767217 46.599679
475 -28.211796 87.427430 47.589601
476 -28.173307 86.823656 47.589601
477 -28.157889 86.374000 47.589601
478 -28.157409 86.094049 48.664259
479 -28.153355 85.739073 48.664259
484 -28.113580 83.785226 50.392957
485 -28.123824 83.555556 50.392957
486 -28.316973 83.080818 51.204396
487 -28.817706 82.673489 51.204396
488 -29.368992 82.329173 51.854509
489 -29.905794 81.963067 51.854509
490 -30.354127 81.587643 52.484380
491 -30.857853 81.080413 52.877690
492 -31.352566 80.564201 52.877690
493 -31.750363 80.135282 53.277858
494 -32.189695 79.656244 53.277858
500 -34.857293 77.087330 55.061876
501 -34.944104 77.012239 55.061876
502 -35.291277 76.956809 55.061876
503 -35.897256 77.060243 55.061876
504 -36.467939 77.369817 55.096009
505 -37.007827 77.731652 55.096009
506 -37.556588 78.079432 55.096009
507 -38.130553 78.384319 55.096009
508 -38.656106 78.641200 55.096009
509 -39.296019 78.960068 55.061876
510 -39.951588 79.245437 55.061876
517 -44.149088 81.152889 55.061876
518 -44.218290 81.180299 55.061876
519 -44.305389 81.147849 55.061876
520 -44.409991 80.916613 55.061876
521 -44.214009 80.399963 55.061876
522 -43.790403 79.907172 55.061876
523 -43.310953 79.376791 55.061876
524 -42.938886 78.931922 55.061876
525 -42.607705 78.477314 55.061876
526 -42.287638 78.002645 55.061876
527 -42.199883 77.845488 55.061876
535 -40.305766 74.456665 55.061876
536 -40.296806 74.417681 55.061876
537 -40.382443 74.350686 55.061876
538 -40.593860 74.388647 55.061876
539 -40.795089 74.772962 55.061876
540 -40.863690 75.210793 55.061876
541 -40.861119 75.473279 55.061876
542 -40.891777 75.961531 55.061876
543 -41.140421 76.555040 55.061876
544 -41.557378 76.959942 55.061876
545 -42.135105 77.380856 55.061876
554 -46.733280 80.885376 55.061876
555 -47.191659 81.248834 55.061876
556 -47.673517 81.673501 55.061876
557 -48.148998 82.109263 55.061876
558 -48.693830 82.449022 55.061876
559 -49.320577 82.592009 55.061876
560 -49.899994 82.609951 55.061876
561 -50.609456 82.582971 55.061876
562 -51.321306 82.552733 55.061876
563 -51.905232 82.579800 55.061876
564 -52.547793 82.635048 55.061876
573 -53.704901 82.650367 55.061876
574 -53.577916 82.640413 55.061876
575 -53.187935 82.640683 55.061876
576 -52.562987 82.648746 55.061876
577 -51.915513 82.652093 55.061876
578 -51.268014 82.651374 55.061876
579 -50.623014 82.650926 55.061876
580 -50.040639 82.641637 55.061876
581 -49.329228 82.603083 55.061876
582 -48.619362 82.543279 55.061876
583 -48.043906 82.439541 55.061876
591 -42.529884 80.740609 55.061876
592 -41.952051 80.696582 55.061876
593 -41.304740 80.709139 55.061876
594 -40.595169 80.732918 55.061876
595 -40.015194 80.738315 55.061876
596 -39.372712 80.742129 55.061876
597 -38.730213 80.741682 55.061876
598 -38.017713 80.741187 55.061876
599 -37.372713 80.740739 55.061876
600 -36.792988 80.729745 55.061876
601 -36.151673 80.626622 55.061876
610 -30.900465 81.529648 55.061876
611 -30.477532 82.012748 55.061876
612 -30.093036 82.524365 55.061876
613 -29.722671 82.973473 55.061876
614 -29.343083 83.412001 55.061876
615 -28.873425 83.947773 55.061876
616 -28.436809 84.419009 55.061876
617 -28.000439 84.893973 55.061876
618 -27.541901 85.347438 55.061876
619 -27.370368 85.500732 55.061876
620 -27.365723 85.509588 55.061876
630 -22.244583 85.970869 55.061876
631 -21.597270 85.955697 55.061876
632 -20.949789 85.951266 55.061876
633 -20.304789 85.951360 55.061876
634 -19.719810 85.947430 55.061876
635 -19.009855 85.939463 55.061876
636 -18.302400 85.931524 55.061876
637 -17.722436 85.925016 55.061876
638 -17.079977 85.917807 55.061876
639 -16.432558 85.921556 55.061876
640 -15.788231 85.950639 55.061876
649 -10.157180 85.527524 55.061876
650 -10.139793 85.525535 55.061876
651 -10.107929 85.549598 55.061876
652 -10.054395 85.633100 55.061876
653 -10.045427 85.661708 55.061876
654 -10.064114 85.732962 55.061876
655 -10.199870 85.823444 55.061876
656 -10.633262 85.854941 55.061876
657 -11.272239 85.801073 55.061876
658 -11.917933 85.753377 55.061876
659 -12.500044 85.734275 55.061876
669 -19.006585 86.013182 55.061876
670 -19.584198 86.057115 55.061876
671 -20.286348 86.178056 55.061876
672 -20.861105 86.255209 55.061876
673 -21.507062 86.298170 55.061876
674 -22.154447 86.308587 55.061876
675 -22.801935 86.305394 55.061876
676 -23.446899 86.298980 55.061876
677 -24.031539 86.278667 55.061876
678 -24.740264 86.236270 55.061876
679 -25.450574 86.180679 55.061876
689 -30.472950 82.683732 55.061876
690 -30.858619 82.253895 55.061876
691 -31.284438 81.766187 55.061876
692 -31.734529 81.297914 55.061876
693 -32.222517 80.977920 55.061876
694 -32.875995 80.694240 55.061876
695 -33.478261 80.346239 55.061876
696 -33.985545 80.071572 55.061876
697 -34.614881 79.940180 55.061876
698 -35.259495 79.930098 55.061876
699 -35.906459 79.955378 55.061876
709 -42.374031 80.069157 55.061876
710 -42.952018 80.110628 55.061876
711 -43.657488 80.210376 55.061876
712 -44.238128 80.254975 55.061876
713 -44.885456 80.249691 55.061876
714 -45.531626 80.208621 55.061876
715 -46.176806 80.153946 55.061876
716 -46.821474 80.093459 55.061876
717 -47.466148 80.033040 55.061876
718 -48.173424 79.970912 55.061876
719 -48.753793 79.921141 55.061876
729 -54.878551 78.262918 55.061876
730 -54.895086 78.251667 55.061876
731 -54.895086 78.251667 55.061876
732 -54.895086 78.251667 55.061876
733 -54.770069 78.206292 55.061876
734 -54.419901 78.273989 55.061876
735 -53.794953 78.550690 55.061876
736 -53.188927 78.929861 55.061876
737 -52.732453 79.268903 55.061876
738 -52.175427 79.584335 55.061876
739 -51.543787 79.716186 55.061876
749 -44.937515 78.800243 55.061876
750 -44.364598 78.728683 55.061876
751 -43.719712 78.670583 55.061876
752 -43.078538 78.600594 55.061876
753 -42.435206 78.507785 55.061876
754 -41.859885 78.416629 55.061876
755 -41.153959 78.303253 55.061876
756 -40.446229 78.201609 55.061876
757 -39.870918 78.110378 55.061876
758 -39.232316 78.003495 55.061876
759 -38.596344 77.896082 55.061876
769 -32.033200 76.566944 55.061876
770 -31.526684 76.162728 55.061876
771 -31.112756 75.668523 55.061876
772 -30.919934 75.397768 57.797320
773 -30.743543 75.136797 57.797320
774 -30.376073 74.588564 58.686030
775 -29.984664 74.014291 58.686030
776 -29.819112 73.771664 58.686030
777 -29.654746 73.514750 59.491597
778 -29.343962 73.028008 59.491597
779 -28.991493 72.505910 60.514215
790 -25.642420 68.379579 64.418400
791 -25.593961 68.336257 64.418400
792 -25.621908 68.275954 64.418400
793 -25.858095 68.188127 64.418400
794 -26.350814 68.513311 64.418400
795 -26.605583 69.016618 64.418400
796 -26.763323 69.492285 64.418400
797 -26.869997 69.701640 64.418400
798 -27.016601 69.980442 64.418400
799 -27.095326 70.136735 64.418400
800 -27.120076 70.185852 64.418400
811 -27.698786 74.119417 64.418400
812 -27.694202 74.374355 64.418400
813 -27.712992 74.913951 64.418400
814 -27.741445 75.136462 64.418400
815 -27.782722 75.458319 64.418400
816 -27.786767 75.868132 64.418400
817 -27.777424 76.150477 64.418400
818 -27.765090 76.550286 64.418400
819 -27.763805 76.858841 64.418400
820 -27.781297 77.263418 64.418400
821 -27.794311 77.678127 64.418400
833 -28.642069 82.461531 64.418400
834 -28.642069 82.461531 64.418400
835 -28.524617 82.521342 64.418400
836 -28.157514 82.374688 64.418400
837 -27.819388 81.962497 64.418400
838 -27.552966 81.456118 64.418400
839 -27.464802 81.216859 64.418400
840 -27.293394 80.817187 64.418400
841 -26.980697 80.265595 64.418400
842 -26.597421 79.773777 64.418400
843 -26.153233 79.326031 64.418400
854 -18.682747 78.634281 64.418400
855 -18.136296 78.434597 64.418400
856 -17.622490 78.155320 64.418400
857 -16.999155 77.805104 64.418400
858 -16.368153 77.468864 64.418400
859 -15.856482 77.190505 64.418400
860 -15.301631 76.852266 64.418400
861 -14.774672 76.471924 64.418400
862 -14.247705 76.091576 64.418400
863 -13.705909 75.732496 64.418400
864 -13.108079 75.340305 64.418400
877 -10.734786 73.487247 64.418400
878 -10.734786 73.487247 64.418400
879 -10.777370 73.412870 64.418400
880 -11.084171 73.349281 64.418400
881 -11.548653 73.574279 64.418400
882 -12.096882 74.030247 64.418400
883 -12.559346 74.487001 64.418400
884 -13.032934 74.932102 64.418400
885 -13.546184 75.330417 64.418400
886 -14.084734 75.694323 64.418400
887 -14.625858 76.054436 64.418400
900 -22.640183 78.430695 64.418400
901 -23.276013 78.538676 64.418400
902 -23.913686 78.635527 64.418400
903 -24.491579 78.726289 64.418400
904 -25.193942 78.845981 64.418400
905 -25.858384 79.095556 64.418400
906 -26.287719 79.482270 64.418400
907 -26.567955 79.945189 64.418400
908 -26.693854 80.226805 64.418400
909 -26.796912 80.497842 64.418400
910 -27.043222 81.061127 64.418400
923 -28.716797 85.912729 64.418400
924 -28.856861 86.392346 64.418400
925 -28.974723 86.929549 64.418400
926 -29.043787 87.163588 64.418400
927 -29.210159 87.477159 64.418400
928 -29.364822 87.807176 64.418400
929 -29.470654 88.109168 64.418400
930 -29.630797 88.681671 64.418400
931 -29.666188 88.858000 64.418400
932 -29.726022 89.192634 64.418400
933 -29.859436 89.720981 64.418400
946 -31.365315 94.560267 64.418400
947 -31.365315 94.560267 64.418400
948 -31.270348 94.630042 64.418400
949 -30.963562 94.576597 64.418400
950 -30.740080 94.109737 64.418400
951 -30.712515 93.897586 64.418400
952 -30.701542 93.525274 64.418400
953 -30.646754 93.129907 64.418400
954 -30.561909 92.889457 64.418400
955 -30.352782 92.316443 64.418400
956 -30.295459 92.130192 64.418400
969 -27.353501 86.923907 64.418400
970 -27.353501 86.923907 64.418400
971 -27.353501 86.923907 64.418400
972 -27.311782 86.946515 64.418400
973 -27.235085 87.017612 64.418400
974 -27.228380 87.025088 64.418400
975 -27.228380 87.025088 64.418400
976 -27.228380 87.025088 64.418400
977 -27.228380 87.025088 64.418400
978 -27.228380 87.025088 64.418400
979 -27.393463 86.904331 64.418400
993 -30.163138 92.321231 64.608747
994 -30.163138 92.321231 64.608747
995 -30.108692 92.399803 64.608747
996 -29.824763 92.449883 64.608747
997 -29.539555 92.117671 64.608747
998 -29.491906 91.546230 64.608747
999 -29.462653 91.374271 64.608747
1000 -29.321543 90.910257 64.608747
1001 -29.149220 90.356467 64.608747
1002 -29.109496 90.206654 64.608747
1003 -28.985805 89.800122 64.608747
1016 -23.814254 85.847270 64.608747
1017 -23.185070 85.684920 64.608747
1018 -22.605494 85.395827 64.608747
1019 -22.110167 84.979724 64.608747
1020 -21.689805 84.576542 64.608747
1021 -21.145877 84.140100 64.608747
1022 -20.535425 83.931288 64.608747
1023 -19.916994 83.732286 64.608747
1024 -19.335817 83.535169 64.608747
1025 -18.974626 83.434547 64.608747
1038 -18.707245 83.370286 64.608747
1039 -18.707245 83.370286 64.608747
1040 -18.707245 83.370286 64.608747
1041 -18.614339 83.491800 64.608747
1042 -18.645591 83.695974 64.608747
1043 -19.016812 83.955486 64.608747
1044 -19.638708 84.147592 64.608747
1045 -20.214729 84.234123 64.608747
1046 -20.858471 84.303115 64.608747
1047 -21.504351 84.348630 64.608747
1048 -22.126584 84.517584 64.608747
1061 -27.753379 84.064345 64.608747
1062 -27.757654 83.905842 64.608747
1063 -27.832981 83.528305 64.608747
1064 -27.871512 83.238497 64.608747
1065 -27.891097 82.946667 64.608747
1066 -27.900517 82.509388 64.608747
1067 -27.890987 82.169522 64.608747
1068 -27.878093 81.709703 64.608747
1069 -27.872829 81.294829 64.608747
1070 -27.882493 81.014996 64.608747
1071 -27.895598 80.495166 64.608747
1084 -27.939890 75.459631 64.608747
1085 -27.994212 75.124407 64.608747
1086 -28.100684 74.615529 64.608747
1087 -28.168848 74.105184 64.608747
1088 -28.186415 73.718225 64.608747
1089 -28.187771 73.428385 64.608747
1090 -28.171999 73.083786 64.608747
1091 -28.163085 72.503862 64.608747
1092 -28.175362 72.389520 64.608747
1093 -28.203597 71.920476 64.608747
1094 -28.199757 71.670681 64.608747
1108 -28.214959 66.852468 65.997653
1109 -28.255277 66.500264 66.945427
1110 -28.346448 66.003571 66.945427
1111 -28.399058 65.841981 66.945427
1112 -28.476670 65.354135 67.894699
1113 -28.485487 64.849342 67.894699
1114 -28.463342 64.665709 67.894699
1115 -28.429172 64.212203 68.794260
1116 -28.431508 63.937261 68.794260
1117 -28.438969 63.512326 68.794260
1118 -28.446106 62.999876 69.867948
1131 -28.603518 57.940325 74.656080
1132 -28.595954 57.921819 74.656080
1133 -28.461411 57.799086 75.616997
1134 -28.079679 57.776623 75.616997
1135 -27.454492 57.914153 76.001646
1136 -26.822640 58.053732 76.001646
1137 -26.180029 58.102769 76.085809
1138 -25.537575 58.097985 76.085809
1139 -24.895136 58.089109 76.085809
1140 -24.248176 58.063092 76.085809
1141 -23.666247 58.037305 76.085809
1156 -21.643184 58.098298 76.085809
1157 -21.643184 58.098298 76.085809
1158 -21.680975 58.022724 76.085809
1159 -21.961862 57.957392 76.085809
1160 -22.506568 58.062653 76.085809
1161 -23.204737 58.216780 76.085809
1162 -23.777971 58.304116 76.085809
1163 -24.423648 58.350622 76.085809
1164 -25.071036 58.360289 76.085809
1165 -25.718527 58.357211 76.085809
1166 -26.366018 58.356403 76.085809
1181 -36.255274 58.498959 76.085809
1182 -36.963673 58.438859 76.085809
1183 -37.491175 58.197704 76.085809
1184 -37.929680 57.720048 76.085809
1185 -38.335849 57.219075 76.085809
1186 -38.777951 56.746261 76.085809
1187 -39.250470 56.299974 76.085809
1188 -39.687856 55.911509 76.085809
1189 -40.230028 55.445408 76.085809
1190 -40.766661 54.976821 76.085809
1191 -41.176510 54.563094 76.085809
1207 -45.625310 52.718988 76.085809
1208 -45.625310 52.718988 76.085809
1209 -45.625310 52.718988 76.085809
1210 -45.625310 52.718988 76.085809
1211 -45.633067 52.725300 76.085809
1212 -45.688263 52.896343 76.085809
1213 -45.433675 53.226052 76.085809
1214 -44.771813 53.407584 76.085809
1215 -44.193345 53.440377 76.085809
1216 -43.546242 53.459657 76.085809
1217 -42.900691 53.532437 76.085809
1233 -33.342378 57.844086 76.085809
1234 -32.824407 58.115944 76.085809
1235 -32.247932 58.416143 76.085809
1236 -31.739082 58.779954 76.085809
1237 -31.504499 59.110660 76.085809
1238 -31.409589 59.347197 76.085809
1239 -31.334221 59.814777 76.085809
1240 -31.342800 60.389447 76.085809
1241 -31.361307 60.610812 76.085809
1242 -31.409831 60.906553 76.085809
1243 -31.425382 61.368469 76.085809
1260 -31.348237 68.345230 76.085809
1261 -31.343303 68.353928 76.085809
1262 -31.185399 68.439173 76.085809
1263 -30.849283 68.261024 76.085809
1264 -30.698772 67.772740 76.085809
1265 -30.678817 67.523555 76.085809
1266 -30.652754 67.049320 76.085809
1267 -30.623566 66.703335 76.085809
1268 -30.551667 66.417233 76.085809
1269 -30.418210 65.945841 76.085809
1270 -30.338887 65.795580 76.085809
1286 -28.366171 59.426084 76.085809
1287 -28.385625 59.242194 76.085809
1288 -28.440773 58.838451 76.085809
1289 -28.457918 58.511914 76.085809
1290 -28.438191 58.142443 76.085809
1291 -28.421215 57.822927 76.085809
1292 -28.409568 57.513152 76.085809
1293 -28.385919 56.953652 76.085809
1294 -28.350219 56.545288 76.085809
1295 -28.249707 55.959214 76.085809
1296 -28.093655 55.495952 76.963954
1313 -22.717832 51.168051 79.768730
1314 -22.703920 51.153682 79.768730
1315 -22.703920 51.153682 79.768730
1316 -22.863704 51.112666 79.768730
1317 -23.232742 51.236564 79.768730
1318 -23.767182 51.573947 79.768730
1319 -24.247919 52.011413 79.768730
1320 -24.730740 52.446567 79.768730
1321 -25.231466 52.860848 79.768730
1322 -25.754186 53.247087 79.768730
1323 -26.239970 53.572987 79.768730
1340 -27.638378 60.057775 79.768730
1341 -27.677099 60.439295 79.768730
1342 -27.748511 60.812799 79.768730
1343 -27.762647 60.992239 79.768730
1344 -27.803589 61.495543 79.768730
1345 -27.810180 61.840050 79.768730
1346 -27.795097 62.074504 79.768730
1347 -27.782881 62.519335 79.768730
1348 -27.772011 62.729047 79.768730
1349 -27.766245 63.138979 79.768730
1350 -27.757035 63.503768 79.768730
1367 -27.724553 69.904779 79.768730
1368 -27.717750 70.424729 79.768730
1369 -27.716458 70.954727 79.768730
1370 -27.714717 71.434691 79.768730
1371 -27.704901 71.724522 79.768730
1372 -27.698958 72.159475 79.768730
1373 -27.701985 72.549324 79.768730
1374 -27.723421 72.828492 79.768730
1375 -27.747899 73.337904 79.768730
1376 -27.770335 73.852407 79.768730
1377 -27.769282 74.074904 79.768730
1394 -27.717052 80.753940 79.768730
1395 -27.734378 81.263472 79.768730
1396 -27.757273 81.610182 79.768730
1397 -27.771734 81.902314 79.768730
1398 -27.796903 82.411634 79.768730
1399 -27.800547 82.834065 79.768730
1400 -27.798708 83.071554 79.768730
1401 -27.803433 83.551502 79.768730
1402 -27.826638 84.060971 79.768730
1403 -27.851560 84.585380 79.768730
1404 -27.869496 85.057488 79.768730
1421 -28.421756 91.279264 79.768730
1422 -28.489487 91.550939 79.768730
1423 -28.556190 91.965100 79.768730
1424 -28.569787 92.334740 79.768730
1425 -28.557119 92.604437 79.768730
1426 -28.557537 93.054344 79.768730
1427 -28.601411 93.557323 79.768730
1428 -28.652137 94.044596 79.768730
1429 -28.691434 94.392222 79.768730
1430 -28.756975 94.602174 79.768730
1431 -28.915072 95.065606 79.768730
1448 -30.636997 102.179027 79.768730
1449 -30.759752 102.648233 79.768730
1450 -30.875743 103.046394 79.768730
1451 -31.044378 103.468970 79.768730
1452 -31.148350 103.739681 79.768730
1453 -31.313199 104.163704 79.768730
1454 -31.642865 104.760281 79.768730
1455 -32.198090 105.180647 79.768730
1456 -32.771488 105.281107 79.768730
1457 -33.418019 105.253780 79.768730
1458 -34.056643 105.136178 79.768730
1475 -39.276875 103.126343 79.559853
1476 -39.276875 103.126343 79.559853
1477 -39.276875 103.126343 79.559853
1478 -39.276875 103.126343 79.559853
1479 -39.293506 103.136289 79.559853
1480 -39.315087 103.238182 79.559853
1481 -39.131488 103.398946 79.559853
1482 -38.646946 103.440613 79.559853
1483 -38.003143 103.404211 79.559853
1484 -37.356031 103.384659 79.559853
1485 -36.771064 103.388996 79.559853
1502 -30.835023 100.922849 79.559853
1503 -30.879734 100.470162 79.559853
1504 -30.941530 99.908585 79.559853
1505 -30.958689 99.664257 79.559853
1506 -30.991166 99.318372 79.559853
1507 -31.063579 98.846742 79.559853
1508 -31.092503 98.626401 79.559853
1509 -31.132776 98.248609 79.559853
1510 -31.214833 97.745436 79.559853
1511 -31.274332 97.513080 79.559853
1512 -31.379001 97.168665 79.559853
1530 -33.503583 91.793041 79.559853
1531 -33.503583 91.793041 79.559853
1532 -33.503583 91.793041 79.559853
1533 -33.503583 91.793041 79.559853
1534 -33.553152 91.808603 79.559853
1535 -33.672824 92.034417 79.559853
1536 -33.733077 92.548435 79.559853
1537 -33.684232 92.721976 79.559853
1538 -33.516714 93.112323 79.559853
1539 -33.409050 93.520576 79.559853
1540 -33.382056 93.733866 79.559853
1557 -31.096038 91.744358 79.559853
1558 -31.096038 91.744358 79.559853
1559 -31.096038 91.744358 79.559853
1560 -31.096038 91.744358 79.559853
1561 -30.985459 91.841385 79.559853
1562 -30.935363 92.284310 79.559853
1563 -30.952912 92.678739 79.559853
1564 -31.003113 92.913427 79.559853
1565 -31.063678 93.389290 79.559853
1566 -31.069184 93.858892 79.559853
1567 -31.023024 94.319029 79.559853
1584 -30.864784 101.018561 79.559853
1585 -30.834924 101.311092 79.559853
1586 -30.763703 101.658457 79.559853
1587 -30.752068 102.102534 79.559853
1588 -30.803863 102.372469 79.559853
1589 -30.896690 102.878973 79.559853
1590 -30.960921 103.202295 79.559853
1591 -31.080155 103.536630 79.559853
1592 -31.252953 104.063691 79.559853
1593 -31.368158 104.493494 79.559853
1594 -31.599624 105.055666 79.559853
1612 -36.803805 112.474138 79.559853
1613 -36.797347 112.763874 79.559853
1614 -36.809411 113.123672 79.559853
1615 -36.826389 113.678406 79.559853
1616 -36.820623 114.108332 79.559853
1617 -36.804984 114.335186 79.559853
1618 -36.798146 114.730002 79.559853
1619 -36.821703 115.283239 79.559853
1620 -36.850558 115.450691 79.559853
1621 -36.919499 115.900188 79.559853
1622 -36.932647 116.159788 79.559853
1639 -37.632552 123.249496 79.559853
1640 -37.888996 123.495159 79.559853
1641 -38.104813 123.610887 79.559853
1642 -38.520295 123.713511 79.559853
1643 -39.156738 123.748371 79.559853
1644 -39.721332 123.732185 79.768730
1645 -40.180168 123.699820 79.768730
1662 -40.654055 123.549018 79.559853
1663 -40.638096 123.499475 79.559853
1664 -40.462258 123.389255 79.559853
1665 -39.967264 123.434169 79.559853
1666 -39.609405 123.472781 79.559853
1667 -39.678380 123.461117 79.559853
1668 -39.745714 123.442456 79.559853
1669 -39.768434 123.432026 79.559853
1670 -39.794395 123.417034 79.559853
1671 -39.753918 123.461325 79.559853
1672 -39.623099 123.560166 79.559853
1690 -37.442480 118.284687 79.559853
1691 -37.424864 118.012776 79.559853
1692 -37.465797 117.555426 79.559853
1693 -37.525461 117.380531 79.559853
1694 -37.632984 116.944485 79.559853
1695 -37.635485 116.510362 79.559853
1696 -37.629592 116.255482 79.559853
1697 -37.619041 115.880654 79.559853
1698 -37.596568 115.359900 79.559853
1699 -37.559532 115.178686 79.559853
1700 -37.515774 114.656054 79.559853
1717 -35.379947 107.993417 79.559853
1718 -34.898105 107.557153 79.559853
1719 -34.467655 107.161019 79.559853
1720 -33.947103 106.670865 79.559853
1721 -33.468038 106.231577 79.559853
1722 -32.982962 105.798938 79.559853
1723 -32.499692 105.364380 79.559853
1724 -32.027440 104.918116 79.559853
1725 -31.691803 104.466425 79.559853
1726 -31.552550 104.102663 79.559853
1727 -31.515397 103.875685 79.559853
1744 -30.634574 97.297777 79.559853
1745 -30.651207 96.868560 79.559853
1746 -30.688070 96.573482 79.559853
1747 -30.741617 96.177317 79.559853
1748 -30.744282 95.830639 79.559853
1749 -30.697702 95.552086 79.559853
1750 -30.669109 95.018095 79.559853
1751 -30.667412 94.564419 79.559853
1752 -30.674988 94.269516 79.559853
1753 -30.683719 93.929628 79.559853
1754 -30.686226 93.499739 79.559853
1772 -30.705235 86.474256 79.559853
1773 -30.730300 85.955140 79.559853
1774 -30.832060 85.517063 79.559853
1775 -30.910344 84.990549 79.559853
1776 -30.915225 84.795616 79.559853
1777 -30.953122 84.382396 79.559853
1778 -31.000772 83.869681 79.559853
1779 -31.033201 83.340787 79.559853
1780 -31.093250 82.804194 79.559853
1781 -31.192064 82.217729 79.559853
1782 -31.277250 82.016236 79.559853
1799 -41.166024 77.509332 79.559853
1800 -41.846367 77.290077 79.559853
1801 -42.406549 77.121647 79.559853
1802 -43.015330 76.894870 79.559853
1803 -43.592155 76.596455 79.559853
1804 -44.088710 76.180123 79.559853
1805 -44.389900 75.769771 79.559853
1806 -44.614991 75.385945 79.559853
1807 -44.804309 75.159788 79.559853
1808 -45.160193 74.677728 79.559853
1809 -45.294430 74.406860 79.559853
1827 -48.837442 68.106778 79.559853
1828 -49.102080 67.712374 79.559853
1829 -49.505415 67.298557 79.559853
1830 -50.049176 66.943077 79.559853
1831 -50.606469 66.608534 79.559853
1832 -51.161033 66.274303 79.559853
1833 -51.711718 65.929005 79.559853
1834 -52.258459 65.577498 79.559853
1835 -52.726825 65.261718 79.559853
1836 -53.067078 64.951220 79.559853
1853 -53.222154 64.719915 79.559853
1854 -53.222154 64.719915 79.559853
1855 -53.222154 64.719915 79.559853
1856 -53.222154 64.719915 79.559853
1857 -53.270736 64.749542 79.559853
1858 -53.333453 65.026975 79.559853
1859 -53.002576 65.478246 79.559853
1860 -52.472443 65.850249 79.559853
1861 -51.869529 66.091004 79.559853
1862 -51.254982 66.302136 79.559853
1863 -50.721851 66.542272 79.559853
1881 -45.685326 73.012314 79.559853
1882 -45.533356 73.247458 79.559853
1883 -45.263504 73.673999 79.559853
1884 -45.055129 74.154665 79.559853
1885 -44.979456 74.350381 79.559853
1886 -44.828455 74.677165 79.559853
1887 -44.584254 75.186580 79.559853
1888 -44.283874 75.663981 79.559853
1889 -43.789324 76.177386 79.559853
1890 -43.159728 76.507480 79.559853
1891 -42.589559 76.607425 79.559853
1909 -31.547584 75.806823 79.559853
1910 -31.480421 75.630779 79.559853
1911 -31.469918 75.295980 79.559853
1912 -31.466006 74.943529 79.559853
1913 -31.473108 74.643613 79.559853
1914 -31.481356 74.228725 79.559853
1915 -31.491190 73.928900 79.559853
1916 -31.473306 73.409240 79.559853
1917 -31.461253 73.182084 79.559853
1918 -31.427395 72.783525 79.559853
1919 -31.407481 72.509314 79.559853
1937 -31.231143 65.073918 79.559853
1938 -31.244198 64.790046 79.559853
1939 -31.318253 64.478802 79.559853
1940 -31.373602 63.952129 79.559853
1941 -31.378017 63.482228 79.559853
1942 -31.367948 62.992370 79.559853
1943 -31.353129 62.513108 79.559853
1944 -31.323763 62.212263 79.559853
1945 -31.310090 61.872563 79.559853
1946 -31.293347 61.383016 79.559853
1947 -31.299691 60.898136 79.559853
1965 -31.250670 53.943873 79.559853
1966 -31.269364 53.634491 79.559853
1967 -31.316255 53.222195 79.559853
1968 -31.344092 52.873532 79.559853
1969 -31.334275 52.513838 79.559853
1970 -31.317886 52.189289 80.039055
1971 -31.304164 51.829583 80.039055
1972 -31.216777 51.277147 80.039055
1973 -31.085713 50.905566 80.961042
1974 -30.943891 50.585592 80.961042
1975 -30.821664 50.333679 80.961042
1993 -30.229747 43.705469 88.041185
1994 -30.229747 43.705469 88.041185
1995 -30.229747 43.705469 89.022078
1996 -30.319802 43.741311 89.022078
1997 -30.340735 43.852052 89.457087
1998 -30.211665 43.980201 89.457087
1999 -29.708166 44.098102 89.457087
2000 -29.005314 44.090980 89.457087
2001 -28.423744 44.058080 89.606531
2002 -27.777066 44.025720 89.606531
2003 -27.129632 44.024300 89.606531
2022 -21.781125 44.588370 89.606531
2023 -21.781125 44.588370 89.606531
2024 -21.781125 44.588370 89.606531
2025 -21.781125 44.588370 89.606531
2026 -21.775222 44.596442 89.606531
2027 -21.765425 44.624355 89.606531
2028 -21.864905 44.784947 89.606531
2029 -22.373731 44.895824 89.606531
2030 -22.950530 44.875358 89.606531
2031 -23.592567 44.774691 89.606531
2032 -24.233205 44.664965 89.606531
2052 -37.053755 43.469522 89.651828
2053 -37.634041 43.430904 89.651828
2054 -38.333223 43.551138 89.651828
2055 -38.905763 43.658060 89.651828
2056 -39.546410 43.731307 89.651828
2057 -40.192437 43.774493 89.651828
2058 -40.840015 43.735215 89.651828
2059 -41.413100 43.618319 89.651828
2060 -42.096899 43.418639 89.651828
2061 -42.795538 43.299389 89.651828
2062 -43.380288 43.289479 89.651828
2082 -46.857192 43.717772 89.651828
2083 -46.857192 43.717772 89.651828
2084 -46.857192 43.717772 89.651828
2085 -46.857192 43.717772 89.651828
2086 -46.857192 43.717772 89.651828
2087 -46.857192 43.717772 89.651828
2088 -46.860493 43.756786 89.651828
2089 -46.669943 43.884486 89.651828
2090 -46.240762 43.892927 89.651828
2091 -45.671875 43.829432 89.651828
2092 -45.037334 43.701724 89.651828
2113 -31.824824 43.672263 89.651828
2114 -31.485892 43.237778 89.651828
2115 -31.382869 42.692817 89.651828
2116 -31.398519 42.163201 89.651828
2117 -31.421248 41.698903 89.651828
2118 -31.375758 41.241303 90.041381
2119 -31.341357 41.056991 90.041381
2120 -31.235199 40.594189 91.121953
2121 -31.129589 40.177527 91.121953
2122 -31.111497 39.950748 91.121953
2123 -31.034628 39.467104 92.229986
2144 -30.646479 30.870611 97.118538
2145 -30.652496 30.851554 97.118538
2146 -30.884628 30.708017 97.118538
2147 -31.325980 30.732744 97.118538
2148 -31.953072 30.859704 97.211575
2149 -32.589702 30.977033 97.211575
2150 -33.233935 31.039929 97.211575
2151 -33.881080 31.059394 97.211575
2152 -34.526064 31.064011 97.211575
2153 -35.108549 31.068181 97.211575
2154 -35.821031 31.073282 97.211575
2177 -41.320891 30.258670 97.159922
2178 -41.156338 30.178427 97.159922
2179 -40.711687 30.213133 97.159922
2180 -40.120412 30.410640 97.159922
2181 -39.848791 30.577946 97.159922
2182 -39.606722 30.809473 97.159922
2183 -39.195942 31.143552 97.159922
2184 -38.546001 31.435611 97.159922
2185 -37.851998 31.606994 97.159922
2186 -37.277884 31.719204 97.159922
2187 -36.639186 31.839785 97.159922
2211 -36.327925 37.050954 97.402312
2212 -36.327925 37.050954 97.402312
2213 -36.353324 37.118471 97.402312
2214 -36.279204 37.240465 97.402312
2215 -35.840441 37.349388 97.402312
2216 -35.142767 37.303851 97.402312
2217 -34.565380 37.209826 97.402312
2218 -33.924938 37.134316 97.402312
2219 -33.277975 37.072714 97.402312
2220 -32.635585 36.991722 97.402312
2221 -32.026418 36.780065 97.402312
2246 -29.559803 27.124242 97.306168
2247 -29.544823 26.957191 97.306168
2248 -29.824135 26.617360 97.306168
2249 -30.412211 26.366446 97.306168
2250 -31.045163 26.248852 97.306168
2251 -31.692096 26.186147 97.306168
2252 -32.400369 26.089198 97.306168
2253 -32.970651 25.960181 97.306168
2254 -33.584655 25.755913 97.306168
2255 -34.154109 25.444429 97.306168
2256 -34.688046 25.073928 97.306168
2281 -35.322972 24.327546 97.306168
2282 -35.322972 24.327546 97.306168
2283 -35.322972 24.327546 97.306168
2284 -35.322972 24.327546 97.306168
2285 -35.322972 24.327546 97.306168
2286 -35.382394 24.429295 97.306168
2287 -35.358551 24.560776 97.306168
2288 -35.105175 24.663770 97.306168
2289 -34.576199 24.723863 97.306168
2290 -34.002774 24.838828 97.306168
2291 -33.274709 25.083058 97.306168
2317 -32.190068 20.179255 103.785020
2318 -32.154413 20.086550 103.785020
2319 -32.324543 19.700404 103.785020
2320 -32.784541 19.373067 103.785020
2321 -33.370199 19.094249 103.785020
2322 -33.990319 18.899515 103.785020
2323 -34.604644 18.687857 103.785020
2324 -35.195975 18.418683 103.785020
2325 -35.711207 18.141678 103.785020
2326 -36.321495 17.769511 103.785020
2327 -36.898936 17.348192 104.734189
2354 -41.870164 12.013365 113.579446
2355 -41.841345 11.908385 113.579446
2356 -41.988325 11.654359 113.579446
2357 -42.474859 11.491698 113.579446
2358 -43.185009 11.506189 116.593184
2359 -43.892814 11.607272 116.593184
2360 -44.470079 11.684951 116.593184
2361 -45.115371 11.737064 116.593184
2362 -45.760069 11.755415 116.593184
2363 -46.340061 11.756411 116.593184
2364 -47.047545 11.751633 116.593184
2378 -49.432811 11.615130 116.593184
2379 -49.432811 11.615130 116.593184
2380 -49.432811 11.615130 116.593184
2381 -49.432811 11.615130 116.593184
2382 -49.432811 11.615130 116.593184
2383 -49.450686 11.624052 116.593184
2384 -49.446784 11.701140 116.593184
2385 -49.238105 11.846527 116.593184
2386 -48.705209 11.908234 116.593184
2387 -48.065407 11.831574 116.593184
2388 -47.425497 11.732974 116.593184
2414 -32.855935 17.743437 116.593184
2415 -32.208625 17.759078 116.593184
2416 -31.561597 17.783511 116.593184
2417 -30.915272 17.822375 116.593184
2418 -30.204620 17.873616 116.593184
2419 -29.623828 17.918144 116.593184
2420 -28.979158 17.978350 116.593184
2421 -28.338252 18.050910 116.593184
2422 -27.695080 18.125588 116.593184
2423 -27.054825 18.203680 116.593184
2424 -26.411350 18.275418 116.593184
2450 -16.711255 19.183127 116.593184
2451 -16.711255 19.183127 116.593184
2452 -16.645602 19.218163 116.593184
2453 -16.522138 19.501733 116.593184
2454 -16.676207 20.065082 116.593184
2455 -16.869027 20.459918 116.593184
2456 -17.031074 20.706413 116.593184
2457 -17.330438 21.191455 116.593184
2458 -17.503412 21.451146 116.593184
2459 -17.707348 21.627802 116.593184
2460 -17.908520 21.861333 116.593184
2477 -18.829329 27.999562 116.593184
2478 -18.829329 27.999562 116.593184
2479 -18.829329 27.999562 116.593184
2480 -18.897029 28.012230 116.593184
2481 -19.000751 27.941038 116.593184
2482 -19.067882 27.644994 116.593184
2483 -19.052551 27.028722 116.593184
2484 -18.967912 26.602057 116.593184
2485 -18.900931 26.401889 116.593184
2486 -18.790585 25.971778 116.593184
2487 -18.738977 25.374226 116.593184
2517 -4.782915 19.438381 118.844649
2518 -4.773657 19.442159 118.844649
2519 -4.656262 19.564263 118.960878
2520 -4.605141 19.904661 118.960878
2521 -4.889018 20.449041 118.960878
2522 -5.057565 20.581702 118.960878
2523 -5.449272 20.875661 118.960878
2524 -5.914387 21.325814 118.960878
2525 -6.272333 21.812254 118.960878
2526 -6.415904 22.163636 118.960878
2527 -6.457583 22.412626 118.960878
2545 -6.934394 26.669133 118.960878
2546 -6.934394 26.669133 118.960878
2547 -6.934394 26.669133 118.960878
2548 -6.934394 26.669133 118.960878
2549 -6.934394 26.669133 118.960878
2550 -6.939669 26.737046 118.960878
2551 -7.122434 26.892342 118.960878
2552 -7.553401 26.881930 118.960878
2553 -7.901644 26.499843 118.960878
2554 -7.956101 26.277351 118.960878
2555 -8.040196 25.896664 118.960878
2588 -25.398820 19.496215 118.960878
2589 -25.973168 19.450431 118.960878
2590 -26.619704 19.415642 118.960878
2591 -27.199827 19.363963 118.960878
2592 -27.902706 19.248218 118.960878
2593 -28.604056 19.109251 118.960878
2594 -29.177918 18.995652 118.960878
2595 -29.811501 18.862268 118.960878
2596 -30.446461 18.723292 118.960878
2597 -31.082923 18.604289 118.960878
2598 -31.654853 18.507977 118.960878
2631 -36.470938 6.695252 118.960878
2632 -36.501817 6.623534 118.960878
2633 -36.745845 6.518981 118.960878
2634 -37.286704 6.614791 118.960878
2635 -37.893894 6.845459 118.960878
2636 -38.479093 7.127875 118.960878
2637 -39.041174 7.453795 118.960878
2638 -39.530174 7.774836 118.960878
2639 -40.160239 8.105631 118.960878
2640 -40.818948 8.383594 118.960878
2641 -41.356631 8.614051 118.960878
2675 -50.794894 3.920461 118.960878
2676 -50.794894 3.920461 118.960878
2677 -50.794894 3.920461 118.960878
2678 -50.823160 3.911780 118.960878
2679 -50.941383 3.978197 118.960878
2680 -51.040459 4.334669 118.960878
2681 -51.043227 4.758429 118.960878
2682 -50.935883 5.027552 118.960878
2683 -50.824306 5.426657 118.960878
2684 -50.807338 5.620904 118.960878
2685 -50.791535 6.145601 118.960878
2719 -52.734286 17.007041 118.960878
2720 -52.586810 16.793246 118.960878
2721 -52.348552 16.332619 118.960878
2722 -52.279804 16.092368 118.960878
2723 -52.196487 15.731918 118.960878
2724 -52.056065 15.174391 118.960878
2725 -51.862673 14.633051 118.960878
2726 -51.679106 14.200386 118.960878
2727 -51.615294 14.026762 118.960878
2728 -51.440019 13.601482 118.960878
2729 -51.261401 13.124047 118.960878
2763 -33.591805 1.012799 120.184569
2764 -33.414248 0.941572 120.184569
2765 -32.956736 0.945952 120.184569
2766 -32.383950 1.019526 120.543314
2767 -31.741837 1.077969 120.543314
2768 -31.029455 1.089162 121.922150
2769 -30.316966 1.090533 121.922150
2770 -29.734467 1.089500 131.232963
2771 -29.089468 1.088356 131.232963
2772 -28.444771 1.071284 131.453606
2773 -27.797625 1.049862 131.453606
2792 -22.704953 0.713734 131.650942
2793 -22.683333 0.562864 131.650942
2794 -22.987471 0.184934 131.650942
2795 -23.656648 -0.036537 131.650942
2796 -24.229342 -0.155591 131.650942
2797 -24.864906 -0.291710 131.650942
2798 -25.498403 -0.437217 131.650942
2799 -26.117513 -0.632868 131.650942
2800 -26.712079 -0.895076 131.650942
2801 -27.179729 -1.193305 131.650942
2802 -27.472201 -1.565175 131.650942
2839 -29.178157 -10.312898 142.941424
2840 -29.175445 -10.352570 142.941424
2841 -29.325040 -10.516565 142.941424
2842 -29.767309 -10.588282 142.941424
2843 -30.538452 -10.543867 142.941424
2844 -31.183962 -10.494374 142.941424
2845 -31.766233 -10.500713 142.971783
2846 -32.413120 -10.563499 142.971783
2847 -33.052179 -10.650635 142.991646
2848 -33.690819 -10.757365 142.991646
2849 -34.265812 -10.850555 142.991646
2888 -43.905107 -12.562282 142.991646
2889 -43.905107 -12.562282 142.991646
2890 -43.905107 -12.562282 142.991646
2891 -43.941800 -12.576368 142.991646
2892 -44.026698 -12.531715 142.991646
2893 -44.027970 -12.473045 142.991646
2894 -43.879679 -12.350290 142.991646
2895 -43.409708 -12.285623 142.991646
2896 -42.707306 -12.279059 142.991646
2897 -42.122614 -12.261778 142.991646
2898 -41.475624 -12.200600 142.991646
2940 -22.954229 -4.867113 142.991646
2941 -22.954229 -4.867113 142.991646
2942 -22.954229 -4.867113 142.991646
2943 -22.954229 -4.867113 142.991646
2944 -22.954229 -4.867113 142.991646
2945 -22.956217 -4.847232 142.991646
2946 -23.080879 -4.691298 142.991646
2947 -23.546470 -4.587073 142.991646
2948 -24.191935 -4.570219 142.991646
2949 -24.825501 -4.712609 142.991646
2950 -25.384028 -4.877976 142.991646
2991 -41.435279 -7.662195 142.991646
2992 -41.615434 -7.374257 142.991646
2993 -41.833724 -6.778662 142.991646
2994 -41.876028 -6.677123 142.991646
2995 -42.023675 -6.321561 142.991646
2996 -42.241016 -5.762323 142.991646
2997 -42.288831 -5.604680 142.991646
2998 -42.395955 -5.229695 142.991646
2999 -42.536980 -4.845084 142.991646
3000 -42.640587 -4.612081 142.991646
3001 -42.908171 -4.064021 142.991646
3043 -44.913264 1.470803 142.991646
3044 -44.766401 1.299472 142.991646
3045 -44.632845 0.811709 142.991646
3046 -44.624306 0.575517 142.991646
3047 -44.640594 0.101144 142.991646
3048 -44.599451 -0.172604 142.991646
3049 -44.507416 -0.510282 142.991646
3050 -44.347320 -1.061236 142.991646
3051 -44.279905 -1.292875 142.991646
3052 -44.183390 -1.639666 142.991646
3053 -44.052082 -2.168605 142.991646
3096 -29.896725 -8.169719 142.991646
3097 -29.735980 -7.701571 142.991646
3098 -29.577339 -7.211643 142.991646
3099 -29.414232 -6.707427 142.991646
3100 -29.338457 -6.561897 142.991646
3101 -29.119731 -6.239031 142.991646
3102 -28.906596 -5.818280 142.991646
3103 -28.846357 -5.627632 142.991646
3104 -28.680319 -5.187960 142.991646
3105 -28.530497 -4.653753 142.991646
3106 -28.406332 -4.179772 142.991646
3148 -12.377274 8.471507 142.991646
3149 -12.377274 8.471507 142.991646
3150 -12.377274 8.471507 142.991646
3151 -12.407158 8.469720 142.991646
3152 -12.520542 8.367865 142.991646
3153 -12.584356 7.950114 142.991646
3154 -12.575597 7.563590 142.991646
3155 -12.499688 7.320321 142.991646
3156 -12.410038 6.829147 142.991646
3157 -12.385226 6.332434 142.991646
3158 -12.414221 5.919937 142.991646
3202 -7.797450 -7.186664 142.991646
3203 -7.797450 -7.186664 142.991646
3204 -7.797450 -7.186664 142.991646
3205 -7.797450 -7.186664 142.991646
3206 -7.876586 -7.149167 142.991646
3207 -7.954213 -6.837518 142.991646
3208 -7.613292 -6.371992 142.991646
3209 -7.081537 -5.999242 142.991646
3210 -6.487849 -5.745018 142.991646
3211 -5.914977 -5.644946 142.991646
3212 -5.205457 -5.621065 142.991646
3258 5.453429 -4.839138 142.991646
3259 5.453429 -4.839138 142.991646
3260 5.453429 -4.839138 142.991646
3261 5.494755 -4.806969 142.991646
3262 5.548101 -4.713458 142.991646
3263 5.556673 -4.674405 142.991646
3264 5.556673 -4.674405 142.991646
3265 5.556673 -4.674405 142.991646
3266 5.556673 -4.674405 142.991646
3267 5.556673 -4.674405 142.991646
3268 5.556673 -4.674405 142.991646
3316 -3.125721 2.682125 142.991646
3317 -3.098252 2.608170 142.991646
3318 -3.170178 2.492035 142.991646
3319 -3.472889 2.392982 142.991646
3320 -4.094930 2.316669 142.991646
3321 -4.798244 2.339395 142.991646
3322 -5.372698 2.419382 142.991646
3323 -5.962673 2.496515 142.991646
3324 -6.153864 2.531052 142.991646
3325 -6.376162 2.620761 142.991646
3326 -6.567078 2.819791 142.991646
3375 4.060376 20.094015 142.991646
3376 4.060376 20.094015 142.991646
3377 4.060376 20.094015 142.991646
3378 4.029747 20.027134 142.991646
3379 3.938205 19.998429 142.991646
3380 3.810820 20.129916 142.991646
3381 3.718961 20.521321 142.991646
3382 3.635072 21.031918 142.991646
3383 3.582302 21.310654 142.991646
3384 3.594957 21.356437 142.991646
3385 3.636511 21.562105 142.991646
3436 2.303870 27.750799 142.991646
3437 2.465494 27.580206 142.991646
3438 2.846747 27.219829 142.991646
3439 3.393748 26.870881 142.991646
3440 3.973690 26.583066 142.991646
3441 4.584663 26.364939 142.991646
3442 5.288413 26.282745 142.991646
3443 5.871739 26.319323 142.991646
3444 6.511610 26.418194 142.991646
3445 7.147308 26.552844 142.991646
3446 7.777656 26.711393 142.991646
3498 12.344136 27.844323 142.991646
3499 12.489019 27.699305 142.991646
3500 12.695063 27.395490 142.991646
3501 12.832246 27.062692 142.991646
3502 12.911129 26.820206 142.991646
3503 13.098766 26.341039 142.991646
3504 13.443292 25.873252 142.991646
3505 13.978545 25.554794 142.991646
3506 14.465604 25.234447 142.991646
3507 14.855337 24.732197 142.991646
3508 14.950831 24.499136 142.991646
3561 21.165093 20.189033 142.991646
3562 21.165093 20.189033 142.991646
3563 21.165093 20.189033 142.991646
3564 21.165093 20.189033 142.991646
3565 21.119782 20.208965 142.991646
3566 21.089887 20.258755 142.991646
3567 21.188942 20.376466 142.991646
3568 21.590674 20.448447 142.991646
3569 22.220428 20.452672 142.991646
3570 22.932832 20.441023 142.991646
3571 23.512780 20.433873 142.991646
3600 36.340085 21.211152 142.991646
3601 36.364893 21.065588 142.991646
3602 36.139172 20.702443 142.991646
3603 35.730007 20.299752 142.991646
3604 35.139283 19.897152 142.991646
3605 34.602719 19.487235 142.991646
3606 34.281309 19.037654 142.991646
3607 34.208587 18.546094 142.991646
3608 34.247557 18.274099 142.991646
3609 34.330566 17.862543 142.991646
3610 34.350965 17.528540 142.991646
3669 32.998648 10.580210 142.991646
3670 32.998648 10.580210 142.991646
3671 32.998648 10.580210 142.991646
3672 33.035473 10.617260 142.991646
3673 33.068566 10.782622 142.991646
3674 33.041849 11.283076 142.991646
3675 32.985945 11.783460 142.991646
3676 32.953048 12.059433 142.991646
3677 32.952964 12.334429 142.991646
3678 32.955822 12.789382 142.991646
3679 32.975903 13.228877 142.991646
3739 26.888949 29.821936 142.991646
3740 26.888949 29.821936 142.991646
3741 26.888949 29.821936 142.991646
3742 26.888949 29.821936 142.991646
3743 26.888949 29.821936 142.991646
3744 26.888949 29.821936 142.991646
3745 26.888949 29.821936 142.991646
3746 26.888949 29.821936 142.991646
3747 26.869678 29.827219 142.991646
3748 26.757585 29.784567 142.991646
3749 26.679907 29.523717 142.991646
3810 21.494177 6.727677 142.991646
3811 21.499270 6.719071 142.991646
3812 21.467344 6.669302 142.991646
3813 21.383030 6.647734 142.991646
3814 21.234277 6.822804 142.991646
3815 21.113911 7.286341 142.991646
3816 21.146942 7.762562 142.991646
3817 21.248329 8.226284 142.991646
3818 21.174786 8.656289 142.991646
3819 20.984849 8.983874 142.991646
3820 20.999522 8.970573 142.991646
3884 37.961059 26.790460 142.991646
3885 37.961059 26.790460 142.991646
3886 37.961059 26.790460 142.991646
3887 37.938605 26.810317 142.991646
3888 37.890638 26.823853 142.991646
3889 37.810803 26.801766 142.991646
3890 37.704912 26.641781 142.991646
3891 37.684894 26.190088 142.991646
3892 37.708926 25.933835 142.991646
3893 37.728947 25.544519 142.991646
3894 37.727726 25.014648 142.991646
3961 21.251193 3.059059 142.991646
3962 21.213846 2.605645 142.991646
3963 21.211224 2.405662 142.991646
3964 21.217203 1.980912 142.991646
3965 21.264842 1.700172 142.991646
4031 21.330298 1.479735 142.991646
4032 21.330298 1.479735 142.991646
4033 21.330298 1.479735 142.991646
4034 21.330298 1.479735 142.991646
4035 21.330298 1.479735 142.991646
4036 21.220923 1.579164 142.991646
4037 21.197878 1.997486 142.991646
4038 21.282222 2.469348 142.991646
4039 21.412417 2.852708 142.991646
4040 21.576960 3.115286 142.991646
4041 21.746539 3.556657 142.991646
4108 10.149342 7.739571 142.991646
4109 10.149342 7.739571 142.991646
4110 10.149342 7.739571 142.991646
4111 10.129630 7.736340 142.991646
4112 10.003820 7.810662 142.991646
4113 9.967885 8.199506 142.991646
4114 10.376762 8.656007 142.991646
4115 10.908978 8.897142 142.991646
4116 11.592190 9.107386 142.991646
4117 12.194606 9.343096 142.991646
4118 12.746814 9.669382 142.991646
4186 32.699627 -0.151872 142.991646
4187 32.699627 -0.151872 142.991646
4188 32.608044 -0.266192 142.991646
4189 32.248315 -0.358999 142.991646
4190 31.654111 -0.359880 142.991646
4191 30.942351 -0.333369 142.991646
4192 30.358954 -0.372669 142.991646
4193 29.721015 -0.481847 142.991646
4194 29.149337 -0.605976 142.991646
4195 28.520916 -0.771349 142.991646
4196 27.833105 -0.966533 142.991646
4264 20.760269 -9.317006 149.321836
4265 20.760269 -9.317006 149.321836
4266 20.760269 -9.317006 149.321836
4267 20.760269 -9.317006 149.321836
4268 20.760269 -9.317006 149.321836
4269 20.763572 -9.307567 149.601640
4270 20.983724 -9.179557 149.601640
4271 21.413139 -9.180395 149.601640
4272 22.053756 -9.229538 149.601640
4273 22.697319 -9.272259 149.601640
4274 23.344413 -9.294403 149.601640
4344 36.552850 -7.906866 152.889015
4345 36.554147 -7.956370 152.889015
4346 36.431924 -8.084681 152.889015
4347 35.913563 -8.099543 152.889015
4348 35.211322 -7.967078 152.889015
4349 34.640820 -7.863084 152.889015
4350 33.997429 -7.791598 152.889015
4351 33.348355 -7.798188 152.889015
4352 32.703926 -7.861171 152.889015
4353 32.057995 -7.904842 152.889015
4354 31.410841 -7.925462 152.889015
4425 18.251431 12.684042 152.727767
4426 17.672683 12.736010 152.727767
4427 17.038779 12.602916 152.727767
4428 16.447744 12.333436 152.727767
4429 15.880316 12.016436 152.727767
4430 15.374632 11.722317 152.727767
4431 14.698913 11.332703 152.727767
4432 14.190756 11.042883 152.727767
4433 13.630089 10.714066 152.727767
4434 13.077190 10.372476 152.727767
4435 12.578823 9.965652 152.727767
4506 -14.189970 -1.188339 152.727767
4507 -14.765115 -0.914408 152.727767
4508 -15.339596 -0.823133 152.727767
4509 -15.986724 -0.809053 152.727767
4510 -16.633986 -0.826361 152.727767
4511 -17.281374 -0.837192 152.727767
4512 -17.861195 -0.827902 152.727767
4513 -18.573149 -0.800005 152.727767
4514 -19.284811 -0.765538 152.727767
4515 -19.864141 -0.689394 152.727767
4516 -20.487853 -0.517263 152.727767
4587 -53.805556 -10.646164 152.727767
4588 -53.805556 -10.646164 152.727767
4589 -53.888767 -10.755486 152.727767
4590 -53.873681 -11.137478 152.727767
4591 -53.531881 -11.512088 152.727767
4592 -53.384232 -11.585721 152.727767
4593 -53.094954 -11.695948 152.727767
4594 -52.544724 -11.742073 152.727767
4595 -51.968727 -11.675199 152.727767
4596 -51.261395 -11.590286 152.727767
4597 -50.552822 -11.546890 152.727767
4670 -15.417725 2.692714 152.727767
4671 -14.804016 2.906737 152.727767
4672 -14.185964 3.107964 152.727767
4673 -13.572789 3.323104 152.727767
4674 -13.041992 3.568252 152.727767
4675 -12.431082 4.033759 152.727767
4676 -12.088902 4.463910 152.727767
4677 -11.851715 4.913744 152.727767
4678 -11.763761 5.059136 152.727767
4679 -11.526213 5.458754 152.727767
4680 -11.328278 5.917520 152.727767
4752 15.790066 27.396786 152.727767
4753 15.790066 27.396786 152.727767
4754 15.827051 27.316075 152.727767
4755 15.678474 26.935606 152.727767
4756 15.294220 26.524437 152.727767
4757 14.719556 26.226083 152.727767
4758 14.089399 26.095834 152.727767
4759 13.442303 26.084863 152.727767
4760 12.795805 26.120451 152.727767
4761 12.151979 26.159340 152.727767
4762 11.572767 26.189178 152.727767
4835 -13.566967 27.653434 152.727767
4836 -13.566967 27.653434 152.727767
4837 -13.566967 27.653434 152.727767
4838 -13.566967 27.653434 152.727767
4839 -13.595311 27.681303 152.727767
4840 -13.606397 27.792145 152.727767
4841 -13.321758 27.972991 152.727767
4842 -12.741957 28.005715 152.727767
4843 -12.184383 27.907757 152.727767
4844 -11.543271 27.801298 152.727767
4845 -10.937009 27.572642 152.727767
4918 -18.579035 1.853774 152.727767
4919 -19.141061 1.691987 152.727767
4920 -19.771885 1.535298 152.727767
4921 -20.402641 1.378344 152.727767
4922 -21.034758 1.226939 152.727767
4923 -21.663877 1.063659 152.727767
4924 -22.219970 0.882407 152.727767
4925 -22.883468 0.616158 152.727767
4926 -23.550519 0.358769 152.727767
4927 -24.094606 0.143852 152.727767
4928 -24.702491 -0.086191 152.727767
5001 -28.868592 -27.459817 158.011047
5002 -28.868592 -27.459817 158.011047
5003 -28.868592 -27.459817 159.172394
5004 -28.868592 -27.459817 159.172394
5005 -28.795423 -27.418451 159.172394
5006 -28.685990 -27.037485 159.992159
5007 -28.744069 -26.544456 159.992159
5008 -28.829246 -26.245331 159.992159
5009 -28.962772 -25.999332 159.938147
5010 -29.118314 -25.521168 159.938147
5011 -29.158601 -25.209045 159.938147
5052 -39.832087 -18.483782 160.019533
5053 -39.832087 -18.483782 160.019533
5054 -39.832087 -18.483782 160.019533
5055 -39.832087 -18.483782 160.019533
5056 -39.832087 -18.483782 160.019533
5057 -39.835670 -18.474446 160.019533
5058 -39.825460 -18.399580 160.019533
5059 -39.607802 -18.304845 160.019533
5060 -39.102117 -18.291938 160.019533
5061 -38.542301 -18.346600 160.019533
5062 -37.897417 -18.404508 160.019533
5142 -39.329160 -30.035805 160.019533
5143 -39.329160 -30.035805 160.019533
5144 -39.329160 -30.035805 160.019533
5145 -39.329160 -30.035805 160.019533
5146 -39.416591 -29.938638 160.019533
5147 -39.349376 -29.558889 160.019533
5148 -38.940902 -29.171156 160.019533
5149 -38.339412 -28.786517 160.019533
5150 -37.720036 -28.434370 160.019533
5151 -37.228865 -28.116830 160.019533
5152 -36.706063 -27.730736 160.019533
5232 -18.936624 -25.137337 159.992159
5233 -18.936624 -25.137337 159.992159
5234 -19.064412 -25.233633 159.992159
5235 -19.497527 -25.229114 159.992159
5236 -20.122548 -25.118187 159.992159
5237 -20.757557 -25.005567 159.992159
5238 -21.401390 -24.938187 159.992159
5239 -22.045905 -24.916250 159.992159
5240 -22.630903 -24.914717 159.992159
5241 -23.340890 -24.911605 159.992159
5242 -24.052986 -24.890477 159.992159
5323 -29.886194 -44.134869 176.402866
5324 -29.851237 -44.370541 176.402866
5325 -30.098639 -44.740380 176.402866
5326 -30.665770 -45.274283 176.402866
5327 -31.174776 -45.678316 176.402866
5328 -31.657100 -46.009092 176.402866
5329 -32.205826 -46.357504 176.402866
5330 -32.757708 -46.700868 177.149121
5331 -33.315838 -47.029051 177.149121
5332 -33.930371 -47.394470 177.149121
5333 -34.418935 -47.716047 178.203398
5382 -38.541190 -51.194762 178.374357
5383 -38.541190 -51.194762 178.374357
5384 -38.541190 -51.194762 178.374357
5385 -38.541190 -51.194762 178.374357
5386 -38.620652 -51.105626 178.374357
5387 -38.594986 -50.767356 178.374357
5388 -38.111520 -50.273791 178.374357
5389 -37.509200 -49.891371 178.374357
5390 -36.991002 -49.619934 178.374357
5391 -36.426057 -49.298527 178.374357
5392 -35.877986 -48.949232 178.490479
5488 -21.999859 -32.870676 178.490479
5489 -21.999859 -32.870676 178.490479
5490 -21.999859 -32.870676 178.490479
5491 -21.999859 -32.870676 178.490479
5492 -21.999859 -32.870676 178.490479
5493 -21.987944 -32.813017 178.490479
5494 -22.060774 -32.704099 178.490479
5495 -22.402255 -32.638027 178.490479
5496 -23.005558 -32.680656 178.490479
5497 -23.632894 -32.844362 178.490479
5498 -24.179793 -33.051988 178.490479
5598 -28.992125 -63.512414 195.695711
5599 -28.992125 -63.512414 195.695711
5600 -28.992125 -63.512414 195.695711
5601 -29.009537 -63.522202 195.695711
5602 -29.177754 -63.385325 195.695711
5603 -29.313142 -62.972540 195.695711
5604 -29.308111 -62.432846 195.695711
5605 -29.158491 -61.903876 195.695711
5606 -29.008150 -61.385465 195.695711
5607 -28.903295 -60.901926 195.695711
5608 -28.861979 -60.625095 195.695711
5662 -12.492881 -53.632705 195.695711
5663 -12.492881 -53.632705 195.695711
5664 -12.492881 -53.632705 195.695711
5665 -12.446884 -53.594517 195.695711
5666 -12.413485 -53.541996 195.695711
5667 -12.422924 -53.441214 195.695711
5668 -12.464796 -53.386072 195.695711
5669 -12.791136 -53.277254 195.695711
5670 -13.445531 -53.330752 195.695711
5671 -14.025400 -53.384956 195.695711
5672 -14.674936 -53.376922 195.695711
5776 -45.799099 -59.015243 195.695711
5777 -45.637579 -59.178974 195.695711
5778 -45.405230 -59.351350 195.695711
5779 -44.787816 -59.552516 195.695711
5780 -44.083938 -59.644449 195.695711
5781 -43.505293 -59.729926 195.695711
5782 -42.869005 -59.862412 195.695711
5783 -42.239046 -60.022469 195.695711
5784 -41.620235 -60.221029 195.695711
5785 -40.946091 -60.459242 195.695711
5786 -40.455389 -60.631309 195.695711
5893 -32.638222 -76.433265 208.301348
5894 -32.638222 -76.433265 208.301348
5895 -32.638222 -76.433265 208.301348
5896 -32.638222 -76.433265 208.301348
5897 -32.731722 -76.292981 208.301348
5898 -32.652799 -75.919122 208.301348
5899 -32.341079 -75.366982 208.301348
5900 -31.886688 -74.902618 208.301348
5901 -31.467002 -74.495105 208.301348
5902 -31.019163 -73.971524 208.301348
5903 -30.775189 -73.590650 208.301348
5964 -18.466048 -66.192326 208.301348
5965 -18.235330 -66.281379 208.301348
5966 -17.683521 -66.256867 208.301348
5967 -17.057716 -66.081756 208.301348
5968 -16.501729 -65.908118 208.301348
5969 -15.807745 -65.737435 208.301348
5970 -15.105418 -65.633864 208.301348
5971 -14.533502 -65.511940 208.301348
5972 -13.916123 -65.325638 208.301348
5973 -13.279979 -65.221175 208.301348
5974 -12.635127 -65.208642 208.301348
6093 -9.685375 -64.822256 208.301348
6094 -9.685375 -64.822256 208.301348
6095 -9.685375 -64.822256 208.301348
6096 -9.685375 -64.822256 208.301348
6097 -9.654746 -64.796620 208.301348
6098 -9.643522 -64.728793 208.301348
6099 -9.783634 -64.576836 208.301348
6100 -10.078552 -64.473970 208.301348
6101 -10.319707 -64.391128 208.301348
6102 -10.904344 -64.219997 208.301348
6103 -11.548548 -64.165629 208.301348
6222 -16.714900 -43.033308 208.301348
6223 -16.723306 -43.087066 208.301348
6224 -16.876253 -43.187846 208.301348
6225 -17.271207 -43.229968 208.301348
6226 -17.969360 -43.186518 208.301348
6227 -18.677887 -43.271329 208.301348
6228 -19.243409 -43.419710 208.301348
6229 -19.860108 -43.624932 208.301348
6230 -20.472909 -43.833868 208.301348
6231 -21.106610 -43.961790 208.301348
6232 -21.753185 -43.985706 208.301348
6352 -8.133737 -47.358186 208.301348
6353 -8.098027 -47.526725 208.301348
6354 -8.234329 -47.949266 208.301348
6355 -8.539510 -48.433280 208.301348
6356 -9.020185 -48.959197 208.301348
6357 -9.484135 -49.493089 208.301348
6358 -9.794081 -49.904035 208.301348
6359 -9.925306 -50.122650 208.301348
6360 -10.154419 -50.550086 208.301348
6361 -10.309872 -50.812429 208.301348
6362 -10.563363 -51.231737 208.301348
6483 -25.886150 -89.382800 219.341951
6484 -25.886150 -89.382800 219.341951
6485 -25.936956 -89.456853 219.341951
6486 -26.187057 -89.484558 219.307300
6487 -26.305418 -89.399994 219.307300
6488 -26.476203 -89.253527 219.307300
6489 -26.764826 -89.076481 219.307300
6490 -27.191303 -89.019349 219.307300
6491 -27.571733 -89.264646 219.307300
6492 -27.748069 -89.752562 219.307300
6493 -27.769440 -89.996540 219.307300
6560 -30.031527 -101.310352 233.396769
6561 -30.031527 -101.310352 233.396769
6562 -30.031527 -101.310352 233.396769
6563 -30.031527 -101.310352 233.396769
6564 -30.038437 -101.271158 233.396769
6565 -30.162635 -101.161372 233.396769
6566 -30.613242 -101.118500 233.396769
6567 -31.190448 -101.166645 233.396769
6568 -31.826151 -101.289362 233.396769
6569 -32.403000 -101.367792 233.396769
6570 -33.047699 -101.371128 233.396769
