7 -47.500000 111.000000 0.000000
8 -47.551335 110.960330 4.327817
9 -47.881750 110.947012 4.327817
10 -48.173815 111.032163 7.446475
11 -48.376956 111.197934 7.446475
12 -48.520887 111.640421 7.446475
13 -48.550542 112.083048 7.561085
14 -48.510771 112.350008 7.561085
15 -48.497828 112.799553 7.561085
16 -48.527389 113.288555 7.561085
17 -48.603162 113.772251 7.561085
18 -48.736056 114.162717 7.561085
19 -48.869769 114.420045 7.561085
20 -49.059687 114.811194 7.561085
21 -49.198025 115.244300 7.561085
22 -49.296004 115.739604 7.561085
23 -49.333790 116.197962 7.561085
24 -49.344485 116.422706 7.561085
25 -49.373256 116.841684 7.561085
26 -49.420043 117.213712 7.561085
27 -49.450137 117.441735 7.561085
28 -49.458076 117.501208 7.561085
29 -49.373281 117.598574 7.561085
30 -49.271939 117.596070 7.561085
31 -49.127050 117.354836 7.561085
32 -49.068468 116.748830 9.621331
33 -49.061471 116.304079 9.621331
34 -49.002887 115.844737 11.098199
35 -48.900210 115.346536 11.268097
36 -48.830206 115.203155 11.268097
37 -48.573343 114.780457 12.306503
38 -48.423891 114.341347 12.306503
39 -48.307935 113.829583 12.658989
40 -48.234420 113.699216 12.658989
41 -47.870021 113.323350 12.658989
42 -47.385646 113.005717 15.901258
43 -46.878522 112.714139 15.901258
44 -46.336996 112.354975 17.098831
45 -45.822603 111.957700 18.869288
46 -45.221379 111.460859 18.869288
47 -44.783327 111.073204 20.946838
48 -44.348801 110.681544 22.111762
49 -43.852087 110.262408 22.111762
50 -43.229520 109.815594 23.037579
51 -42.679957 109.639678 23.920076
52 -42.037208 109.587732 23.920076
53 -41.391013 109.520524 24.908834
54 -40.813528 109.427403 24.908834
55 -40.179720 109.283708 25.927785
56 -39.429738 109.069607 26.914123
57 -38.872065 108.892948 26.914123
58 -38.252942 108.703532 27.969448
59 -37.704128 108.501237 29.080063
60 -37.097307 108.268295 29.080063
61 -36.364462 108.024581 30.036146
62 -35.791481 107.941690 30.036146
63 -35.209249 107.924217 30.412005
64 -34.562514 107.893963 30.412005
65 -33.787303 107.811192 30.412005
66 -33.216039 107.697800 30.412005
67 -32.644050 107.575119 30.412005
68 -32.009425 107.434712 31.631156
69 -31.252193 107.258387 31.631156
70 -30.680544 107.134170 31.631156
71 -30.110466 107.014658 31.631156
72 -29.482332 106.868262 31.631156
73 -29.396363 106.834284 31.631156
74 -29.338875 106.622828 31.631156
75 -29.363398 106.199015 31.631156
76 -29.433599 105.749483 31.631156
77 -29.478271 105.468053 31.631156
78 -29.496402 105.028926 31.631156
79 -29.439260 104.522749 32.003907
80 -29.278674 104.049879 32.003907
81 -29.071015 103.584125 32.920056
82 -28.957249 103.295757 32.920056
83 -28.779188 102.807577 33.842134
84 -28.702232 102.502197 33.842134
85 -28.732908 102.305712 33.842134
86 -28.836139 101.857568 34.538820
87 -28.886397 101.335771 34.867321
88 -28.859557 101.112397 34.867321
89 -28.830710 100.688521 34.867321
90 -28.818847 100.248681 35.694959
91 -28.832188 99.981514 35.694959
92 -28.842857 99.559204 36.640006
93 -28.833867 99.139356 36.640006
94 -28.777170 98.695825 37.588962
95 -28.772439 98.595939 37.588962
96 -28.783043 98.368686 37.588962
97 -28.789305 98.234457 37.588962
98 -28.790903 98.174538 37.588962
99 -28.777015 98.137492 38.606348
100 -28.639307 98.012120 38.606348
101 -28.297566 97.964562 38.711369
102 -27.755514 98.025035 38.881488
103 -27.042698 97.983369 38.881488
104 -26.468127 97.874715 38.881488
105 -25.224456 97.499445 38.986794
106 -25.224456 97.499445 38.986794
107 -24.619861 97.260872 38.986794
108 -24.021999 97.005946 38.986794
109 -23.325966 96.654297 38.986794
110 -22.818063 96.364165 38.986794
111 -22.333209 96.037105 38.986794
112 -21.814297 95.645677 38.986794
113 -21.164139 95.216110 38.986794
114 -20.679068 94.890724 38.881488
115 -20.242974 94.504594 38.881488
117 -19.277275 93.461490 38.923644
117 -19.277275 93.461490 38.923644
118 -19.240627 93.413983 38.923644
119 -19.298681 93.320017 38.923644
120 -19.667335 93.248956 38.923644
121 -19.978627 93.431803 38.923644
122 -20.109384 93.619730 39.030886
123 -20.284556 94.103864 39.030886
124 -20.277101 94.085305 39.030886
125 -20.267604 94.265055 39.030886
126 -20.257163 94.614829 39.030886
128 -20.359535 95.112123 38.923644
128 -20.359535 95.112123 38.923644
129 -20.400660 95.219512 38.923644
130 -20.434703 95.294595 38.923644
131 -20.523557 95.390300 38.923644
132 -20.995644 95.527035 38.923644
133 -21.557142 95.498429 38.923644
134 -22.203961 95.483631 38.923644
135 -22.786080 95.539265 38.923644
136 -23.423114 95.639176 38.923644
137 -24.184459 95.807840 38.923644
139 -25.351901 96.207809 38.923644
139 -25.412368 96.231658 38.923644
140 -25.907386 96.389384 38.923644
141 -26.543873 96.467302 39.030886
142 -27.293559 96.283843 39.030886
143 -27.713088 95.899279 39.030886
144 -27.983071 95.467132 39.406219
145 -28.115499 94.937625 39.406219
146 -28.108030 94.402832 39.406219
147 -28.104050 94.042957 41.117516
148 -28.042798 93.847690 41.117516
150 -27.916723 92.895763 42.707495
151 -27.961086 92.622199 42.707495
152 -28.040484 92.258269 42.707495
153 -28.107280 92.053939 42.707495
154 -28.196960 91.502670 43.583599
155 -28.190354 91.228700 43.583599
156 -28.147205 90.916826 43.583599
157 -28.124142 90.397426 44.464931
158 -28.127584 90.057529 44.464931
159 -28.169059 89.846597 45.529003
160 -28.216295 89.253895 45.529003
162 -28.175801 88.445588 46.420794
163 -28.183349 88.050926 46.420794
164 -28.221530 87.810104 46.420794
165 -28.339504 87.366361 47.405170
166 -28.381706 86.808382 47.405170
167 -28.366660 86.681875 48.123696
168 -28.335468 86.268479 48.123696
169 -28.353628 85.814011 48.123696
170 -28.357222 85.599222 48.688090
171 -28.354845 85.139236 48.688090
172 -28.369927 84.689566 48.688090
175 -28.400382 83.595736 50.757562
176 -28.450989 83.267343 50.757562
177 -28.535291 82.777097 50.757562
178 -28.575909 82.281545 51.774609
179 -28.585393 81.959327 51.774609
180 -28.571477 81.649647 52.693549
181 -28.562030 81.124733 52.693549
182 -28.564983 80.832396 52.693549
183 -28.584539 80.548073 53.615391
184 -28.601817 79.980879 53.615391
185 -28.601196 79.799666 53.615391
188 -28.563533 78.155249 55.319889
189 -28.569541 77.977851 55.319889
190 -28.582167 77.598061 56.324152
191 -28.594100 77.043195 56.324152
192 -28.589099 76.855761 56.324152
193 -28.577365 76.415918 57.373602
194 -28.581319 75.896005 57.373602
195 -28.578435 75.451067 57.373602
196 -28.587666 75.273808 58.450408
197 -28.601872 74.684011 58.450408
198 -28.595218 74.479119 58.450408
203 -28.653097 72.821159 60.326198
204 -28.662994 72.611753 60.326198
205 -28.718384 72.215607 61.402689
206 -28.767668 71.773395 61.402689
207 -28.785059 71.348760 61.402689
208 -28.825810 71.016267 62.078420
209 -28.850140 70.607135 62.078420
210 -28.847864 70.202141 62.078420
211 -28.829371 69.972895 63.087639
212 -28.816488 69.468106 63.087639
213 -28.820971 69.288162 64.162685
217 -28.814816 67.281166 66.125413
218 -28.853780 67.150348 66.125413
219 -28.995686 66.792684 66.125413
220 -29.093342 66.286936 66.125413
221 -29.100255 65.684621 67.016790
222 -29.075117 65.559712 67.016790
223 -29.031077 65.222922 67.970951
224 -29.016549 64.768216 67.970951
225 -29.035319 64.488849 67.970951
226 -29.050767 64.044144 68.985290
227 -29.053970 63.544162 68.985290
232 -29.050026 61.824468 71.014437
233 -29.067857 61.335112 71.014437
234 -29.123651 61.164286 71.971176
235 -29.250792 60.717494 71.971176
236 -29.284905 60.214304 71.971176
237 -29.262836 60.065974 72.872287
238 -29.231328 59.657399 72.872287
239 -29.218589 59.092576 72.872287
240 -29.223526 58.890136 73.776488
241 -29.235231 58.405278 73.776488
242 -29.227841 58.010347 73.776488
248 -29.245165 56.115806 76.664009
249 -29.266788 55.707217 76.664009
250 -29.334061 55.151331 76.664009
251 -29.339069 55.031435 77.666275
252 -29.347837 54.714070 77.666275
253 -29.308169 54.157099 77.666275
254 -29.263218 53.890897 78.633646
255 -29.189634 53.584660 78.633646
256 -29.056670 53.092357 78.633646
257 -28.988960 52.898979 79.651806
258 -28.775344 52.419506 79.651806
265 -28.343271 49.986618 82.510910
266 -28.351540 49.711763 82.510910
267 -28.370691 49.187112 82.510910
268 -28.375759 48.892320 83.287756
269 -28.365888 48.582514 83.287756
270 -28.364609 48.117605 83.287756
271 -28.369741 47.597712 84.407170
272 -28.393106 47.128405 84.407170
273 -28.409978 46.841453 85.519882
274 -28.416476 46.556527 85.519882
275 -28.427231 46.031640 85.519882
282 -28.467426 43.131557 88.483729
283 -28.495625 42.984298 89.457086
284 -28.580485 42.471543 89.457086
285 -28.612363 41.967667 89.457086
286 -28.605041 41.542732 90.431025
287 -28.605609 41.385243 90.431025
288 -28.600940 40.970269 91.405527
289 -28.594437 40.400306 91.405527
290 -28.602133 40.220493 91.405527
291 -28.606862 39.755519 92.424944
292 -28.611415 39.225539 92.424944
301 -28.801088 36.021324 96.566715
302 -28.862933 35.555411 96.566715
303 -28.911257 35.163482 96.566715
304 -28.948523 34.850845 96.566715
305 -28.964484 34.381185 96.609991
306 -28.957923 34.126538 96.609991
307 -28.934208 33.860124 96.609991
308 -28.919745 33.335356 96.609991
309 -28.928062 33.054681 96.609991
310 -28.949551 32.740463 96.609991
311 -28.954193 32.320622 96.609991
321 -28.972899 28.008294 96.832280
322 -29.012944 27.580493 96.832280
323 -29.069220 27.097549 96.832280
324 -29.080816 26.578225 96.832280
325 -29.035380 26.104268 96.832280
326 -28.943242 25.590383 96.832280
327 -28.762055 25.100008 97.064362
328 -28.645003 24.854065 97.064362
329 -28.482776 24.555266 97.298769
330 -28.280156 24.038761 97.298769
331 -28.257597 23.903124 97.298769
342 -26.909921 19.860459 103.493239
343 -26.857416 19.807157 103.493239
344 -26.657200 19.707531 103.493239
345 -26.235892 19.692442 103.800436
346 -25.628106 19.857208 103.800436
347 -24.866891 20.010803 103.878056
348 -24.223368 20.047273 103.929064
349 -23.641638 20.019496 103.929064
350 -23.061187 19.970829 104.692934
351 -22.354226 19.905214 104.692934
352 -21.774144 19.852196 104.734189
366 -13.204880 19.151024 117.368865
367 -13.168719 19.110082 117.368865
368 -13.128007 18.842895 117.368865
369 -13.138602 18.423270 117.478724
370 -13.186425 17.928294 117.478724
371 -13.170123 17.319520 118.098139
372 -12.995642 16.813508 118.098139
373 -12.737286 16.385496 119.011136
374 -12.736822 16.382901 118.986934
375 -12.718005 16.366450 118.986934
376 -12.488234 16.152822 118.986934
384 -11.648787 13.329207 121.568296
385 -11.529349 12.885055 121.568296
386 -11.361620 12.393113 122.525306
387 -11.209132 12.034298 122.525306
388 -11.073431 11.806692 123.425810
389 -10.818990 11.370617 123.425810
390 -10.627847 10.936077 123.425810
391 -10.458192 10.492638 124.136258
392 -10.411423 10.300769 124.136258
393 -10.281054 9.880759 124.682198
394 -10.096444 9.429672 124.682198
408 -8.485789 4.177104 125.542067
409 -8.491202 4.028719 125.542067
410 -8.750498 3.723315 125.542067
411 -9.277075 3.377793 125.592558
412 -9.850657 3.077462 125.592558
413 -10.424374 2.772073 125.592558
414 -10.973145 2.424191 125.592558
415 -11.485728 2.024732 125.592558
416 -11.977191 1.599377 125.592558
417 -12.412896 1.146253 125.592558
418 -12.547389 0.932695 125.592558
428 -13.506507 -3.074065 130.064948
429 -13.585872 -3.331628 130.064948
430 -13.585284 -3.838136 130.064948
431 -13.301039 -4.414046 130.064948
432 -12.950896 -4.866454 130.002349
433 -12.549360 -5.368011 130.002349
434 -12.235402 -5.846007 130.002349
435 -12.039084 -6.174138 130.002349
436 -11.903985 -6.384474 130.002349
437 -11.800128 -6.561204 130.002349
438 -11.568352 -6.929082 129.978808
457 -6.669729 -11.252403 129.978808
458 -6.669729 -11.252403 129.978808
459 -6.669729 -11.252403 129.978808
460 -6.662144 -11.245886 129.978808
461 -6.654919 -11.238972 129.978808
462 -6.672202 -11.200343 129.978808
463 -6.868775 -11.091214 129.978808
464 -7.381683 -11.072699 129.978808
465 -8.093732 -11.098065 129.978808
466 -8.741006 -11.114964 129.978808
467 -9.323177 -11.134544 129.978808
487 -12.260041 -11.656412 129.978808
488 -12.168132 -11.697452 129.978808
489 -12.076462 -11.707902 129.978808
490 -12.076462 -11.707902 129.978808
491 -12.076462 -11.707902 129.978808
492 -12.076462 -11.707902 129.978808
493 -12.076462 -11.707902 129.978808
494 -12.166375 -11.729874 129.978808
495 -12.324533 -11.590759 129.978808
496 -12.278010 -11.144687 129.978808
497 -11.865928 -10.670131 129.978808
517 -0.662582 -4.542831 134.633765
518 -0.022124 -4.497966 135.882636
519 0.557872 -4.496130 135.882636
520 1.140370 -4.494583 136.414994
521 1.852751 -4.484104 136.947912
522 2.432497 -4.482142 136.947912
523 3.077529 -4.559146 137.924511
524 3.713764 -4.691871 139.085048
525 4.352648 -4.810025 139.085048
526 4.993205 -4.855095 139.085048
527 5.770072 -4.828987 139.085048
539 7.976890 -4.929909 138.994859
540 7.976890 -4.929909 138.994859
541 7.976890 -4.929909 138.994859
542 7.976890 -4.929909 139.085048
543 7.976890 -4.929909 139.085048
544 7.976890 -4.929909 138.994859
545 7.976890 -4.929909 138.994859
546 7.976890 -4.929909 138.994859
547 7.976890 -4.929909 138.994859
548 7.856250 -5.059091 138.994859
549 7.831487 -5.593804 138.994859
569 8.055218 -11.065198 139.085048
570 8.047673 -11.094130 139.085048
571 7.928453 -11.184368 139.085048
572 7.777408 -11.124173 139.085048
573 7.679316 -10.779648 139.085048
574 7.671292 -10.255072 139.085048
575 7.656333 -10.036410 139.085048
576 7.557160 -9.685174 139.085048
577 7.402491 -9.162685 139.085048
578 7.319777 -8.932270 139.085048
579 7.168263 -8.605713 139.085048
600 4.735413 -5.698421 138.994859
601 4.193298 -5.903900 138.994859
602 3.802661 -6.356003 138.994859
603 3.605603 -6.809089 138.994859
604 3.538524 -7.166952 138.994859
605 3.574466 -7.429416 138.994859
606 3.604693 -7.863000 138.994859
607 3.563228 -8.406337 138.994859
608 3.508660 -8.832760 138.994859
609 3.426551 -9.047495 138.994859
610 3.245069 -9.486310 138.994859
631 2.618168 -11.504359 138.994859
632 2.598394 -11.501359 138.994859
633 2.598394 -11.501359 138.994859
634 2.643171 -11.455037 138.994859
635 2.637735 -11.255271 138.994859
636 2.480411 -10.903941 138.994859
637 2.371586 -10.530035 138.994859
638 2.331148 -10.225368 138.994859
639 2.334656 -9.860562 138.994859
640 2.393579 -9.628034 138.994859
641 2.470993 -9.139370 138.994859
661 -1.127461 -5.625927 138.994859
663 -0.954812 -5.730143 138.994859
664 -0.720243 -5.684581 138.994859
664 -0.588383 -5.499692 138.994859
665 -0.594748 -5.531562 138.994859
666 -0.595846 -5.561542 138.994859
667 -0.621447 -5.429008 138.994859
668 -0.597257 -5.048516 138.994859
669 -0.220474 -4.657792 138.994859
670 0.405223 -4.536920 138.994859
671 1.051849 -4.568555 138.994859
692 14.421312 -3.111357 138.994859
693 14.882258 -3.008040 138.994859
694 15.356385 -2.770110 138.994859
695 15.678714 -2.276895 138.994859
696 15.715657 -2.162724 138.994859
697 15.865576 -1.797468 138.994859
698 16.127956 -1.344714 138.994859
699 16.344401 -1.130403 138.994859
720 16.472330 -1.026205 138.994859
721 16.472330 -1.026205 138.994859
722 16.472330 -1.026205 138.994859
723 16.472330 -1.026205 138.994859
724 16.480608 -0.997413 138.994859
725 16.472639 -0.936631 138.994859
726 16.370673 -0.843733 138.994859
727 16.083051 -0.813933 138.994859
728 15.571504 -1.142493 138.994859
729 15.460980 -1.338007 138.994859
730 15.351795 -1.493438 138.994859
751 6.230828 -1.093856 138.994859
752 6.230828 -1.093856 138.994859
753 6.201419 -1.119951 138.994859
754 6.172596 -1.194203 138.994859
755 6.168994 -1.213869 138.994859
756 6.240825 -1.366740 138.994859
757 6.427135 -1.504804 138.994859
758 6.431857 -1.506446 138.994859
759 6.427177 -1.487001 138.994859
760 6.427177 -1.487001 138.994859
761 6.444290 -1.497348 138.994859
782 3.066507 -1.163650 138.994859
783 3.357893 -1.082095 138.994859
804 3.634739 -1.103698 138.994859
805 3.647746 -1.161111 138.994859
806 3.644020 -1.210972 138.994859
807 3.569793 -1.325051 138.994859
808 3.268094 -1.467250 138.994859
809 3.277832 -1.464976 138.994859
810 3.070204 -1.433546 138.994859
811 2.781562 -1.406250 138.994859
812 2.629166 -1.400901 138.994859
813 2.579169 -1.400338 138.994859
814 2.579169 -1.400338 138.994859
835 7.126595 -3.835102 138.994859
836 7.165447 -3.478201 138.994859
837 7.149978 -2.983493 138.994859
838 7.129164 -2.694455 138.994859
839 7.112090 -2.400224 138.994859
840 7.102616 -1.850311 138.994859
841 7.066417 -1.326711 138.994859
842 7.023425 -0.992325 138.994859
843 7.045895 -0.663849 138.994859
844 7.114160 -0.229246 138.994859
845 7.161395 -0.061508 138.994859
866 11.280507 4.511899 138.994859
867 11.463964 4.400353 138.994859
868 11.857938 4.297029 138.994859
869 12.469211 4.412615 138.994859
870 13.138679 4.654854 138.994859
871 13.649217 4.896682 138.994859
872 14.264041 5.074965 138.994859
873 14.913119 5.077603 138.994859
874 15.485190 5.000900 138.994859
875 16.005928 4.878417 138.994859
897 16.239554 4.813522 138.994859
920 15.907919 4.839158 138.994859
921 15.901020 4.810065 138.994859
922 15.734673 4.698879 138.994859
923 15.379566 4.743729 138.994859
924 15.033739 4.909236 138.994859
925 14.608171 5.140865 138.994859
926 13.983912 5.293379 138.994859
927 13.207431 5.290783 138.994859
928 12.626648 5.246121 138.994859
929 12.045653 5.204490 138.994859
930 11.398645 5.179815 138.994859
952 7.805148 5.240050 138.994859
953 7.843885 4.985982 138.994859
954 7.791606 4.464864 138.994859
955 7.706962 4.099581 138.994859
956 7.653694 3.839997 138.994859
957 7.580040 3.391171 138.994859
958 7.566185 3.059199 138.994859
959 7.576920 2.734552 138.994859
960 7.562235 2.384925 138.994859
961 7.516662 2.123882 138.994859
962 7.468434 1.631458 138.994859
984 4.209856 -5.055129 138.994859
985 3.565186 -5.034532 138.994859
986 2.982717 -5.032397 138.994859
987 2.402772 -5.040337 138.994859
988 1.754145 -5.006855 138.994859
989 0.991882 -4.855430 138.994859
990 0.422358 -4.733825 138.994859
991 -0.156966 -4.676755 138.994859
992 -0.804232 -4.683997 138.994859
993 -1.447425 -4.731540 138.994859
994 -2.220450 -4.814098 138.994859
1016 -12.834680 -0.279101 138.994859
1017 -12.819003 0.004350 138.994859
1018 -12.695467 0.294063 138.994859
1019 -12.526803 0.754032 138.994859
1020 -12.194724 1.182960 138.994859
1021 -11.467022 1.377008 138.994859
1023 -10.564926 1.368632 138.994859
1024 -10.047441 1.365872 138.994859
1024 -9.529941 1.366426 138.994859
1025 -8.952441 1.367043 138.994859
1026 -8.369970 1.370359 138.994859
1048 -2.575549 0.629004 139.085048
1049 -2.575549 0.629004 139.085048
1050 -2.485606 0.712233 139.085048
1051 -2.461764 1.050759 139.085048
1052 -2.854101 1.393652 139.085048
1053 -3.490586 1.504506 139.085048
1054 -4.126739 1.637660 139.085048
1055 -4.761647 1.749542 139.085048
1056 -5.406578 1.806945 139.085048
1057 -6.053295 1.833764 138.994859
1058 -6.698705 1.763692 138.994859
1081 -13.625040 -2.244392 139.085048
1082 -13.908503 -2.659012 139.085048
1083 -14.160718 -2.991660 139.085048
1105 -14.367623 -3.363620 139.085048
1106 -14.008605 -3.429757 139.085048
1107 -13.495699 -3.386014 139.085048
1108 -12.915007 -3.315150 138.994859
1109 -12.272812 -3.255973 138.994859
1110 -11.497159 -3.202663 138.994859
1111 -10.915075 -3.182550 138.994859
1112 -10.333786 -3.242199 138.994859
1113 -9.640667 -3.370677 138.994859
1114 -9.209076 -3.424571 138.994859
1115 -9.012143 -3.439397 138.994859
1138 -8.782284 -3.529918 138.994859
1139 -8.484657 -3.811854 138.994859
1140 -7.997189 -4.168566 138.994859
1141 -7.417936 -4.462996 138.994859
1142 -6.813329 -4.686107 138.994859
1143 -6.179998 -4.817421 138.994859
1144 -5.533522 -4.841578 138.994859
1145 -4.883826 -4.823346 138.994859
1146 -4.238876 -4.816144 138.994859
1147 -3.591791 -4.794008 138.994859
1148 -2.945323 -4.757771 138.994859
1170 7.240779 -1.704362 138.994859
1171 7.213266 -1.241486 138.994859
1172 7.107038 -0.747875 138.994859
1173 7.079820 -0.496093 138.994859
1174 7.198180 -0.209997 138.994859
1175 7.393945 0.271080 138.994859
1176 7.559525 0.763844 138.994859
1177 7.677892 1.060329 138.994859
1178 7.851547 1.346773 138.994859
1179 8.126727 1.811177 138.994859
1180 8.320856 2.205967 138.994859
1204 13.905217 11.134992 138.994859
1205 14.432803 11.385998 138.994859
1206 14.986372 11.574800 138.994859
1207 15.608985 11.761454 138.994859
1208 16.349158 12.006949 138.994859
1209 16.881230 12.247983 138.994859
1210 17.366033 12.575001 138.994859
1211 17.923752 12.907682 138.994859
1212 18.702846 13.234374 138.994859
1213 19.297216 13.497407 138.994859
1214 19.771303 13.711040 138.994859
1227 23.847466 15.632743 138.994859
1228 23.847466 15.632743 138.994859
1229 23.847466 15.632743 138.994859
1230 23.847466 15.632743 138.994859
1231 23.847466 15.632743 138.994859
1232 23.847466 15.632743 138.994859
1233 23.847466 15.632743 138.994859
1234 23.695140 15.676226 138.994859
1235 23.288337 15.636688 138.994859
1236 22.680689 15.473717 138.994859
1237 22.083560 15.217750 138.994859
1261 23.683136 10.565414 138.994859
1262 23.680928 10.406994 138.994859
1263 23.383684 10.227525 138.994859
1264 22.843014 10.173513 138.994859
1265 22.272933 10.313491 138.994859
1266 21.675673 10.526910 138.994859
1267 21.094246 10.541981 138.994859
1268 20.597205 10.197312 138.994859
1269 20.381558 9.682648 138.994859
1270 20.303863 9.179682 138.994859
1271 20.364809 8.709883 139.625394
1297 21.359011 -0.737319 142.562585
1298 21.292804 -1.240528 142.658090
1299 21.333330 -1.435350 142.658090
1300 21.457067 -1.825916 142.658090
1301 21.538981 -2.293636 142.849749
1302 21.542798 -2.508593 142.849749
1303 21.552802 -2.968484 142.849749
1304 21.552565 -3.233439 142.849749
1305 21.550840 -3.643429 142.849749
1307 21.571700 -4.202971 142.849749
1308 21.601022 -4.478836 142.849749
1336 23.056385 -11.475542 151.904743
1337 23.056385 -11.475542 151.904743
1339 23.056385 -11.475542 151.904743
1340 23.002996 -11.380466 151.492742
1342 23.306247 -11.211339 151.492742
1343 24.350903 -11.214556 153.739165
1345 25.291363 -11.458152 153.739165
1346 26.213291 -11.749904 153.739165
1348 27.183884 -11.799304 153.739165
1349 28.087018 -11.711489 153.739165
1351 29.180288 -11.666639 153.408119
1368 36.701017 -12.138086 153.303003
1369 36.701017 -12.138086 153.303003
1370 36.604515 -12.083142 153.468078
1372 36.633649 -11.758798 153.573601
1373 37.247166 -11.578363 153.573601
1375 38.216513 -11.597778 153.408119
1376 38.991026 -11.625239 153.408119
1378 39.630817 -11.641438 153.408119
1407 39.825773 -11.645587 153.520588
1409 39.947989 -11.496745 153.520588
1410 39.770700 -10.867112 153.520588
1412 39.125496 -10.137122 153.520588
1413 38.618487 -9.571111 153.520588
1414 38.104601 -8.906727 153.520588
1416 37.846743 -8.534898 153.520588
1446 38.024022 -8.561992 153.520588
1447 38.655558 -8.471196 153.520588
1449 39.473949 -8.073429 153.468078
1450 40.165248 -7.692546 153.520588
1452 40.571147 -7.120459 153.520588
1453 40.598488 -6.741754 153.520588
1454 40.595793 -6.002013 153.520588
1456 40.563189 -5.500742 153.520588
1457 40.558458 -5.090801 153.520588
1459 40.523582 -4.327071 153.520588
1460 40.478613 -3.606658 153.520588
1490 40.698125 -3.226213 153.520588
1492 40.834628 -3.767405 153.520588
1493 40.804235 -4.134194 153.520588
1494 40.784868 -4.788525 153.520588
1496 40.818903 -5.141862 153.520588
1497 40.819471 -5.566014 153.520588
1499 40.694281 -6.075838 153.520588
1500 40.592858 -6.500601 153.520588
1501 40.440319 -6.910638 153.520588
1503 40.116842 -7.623692 153.520588
1504 39.334125 -8.031812 153.520588
1534 33.502034 -8.526917 153.520588
1536 33.150117 -9.066523 153.520588
1537 32.240141 -9.393875 153.520588
1539 31.336995 -9.614822 153.520588
1540 30.873665 -9.693490 153.520588
1570 30.754998 -9.711316 153.520588
1572 30.578921 -9.851242 153.520588
1573 29.817844 -9.694625 153.520588
1574 28.975313 -9.351114 153.520588
1576 28.121916 -9.050611 153.520588
1577 27.118987 -8.786135 153.520588
1579 26.166331 -8.578790 153.520588
1580 25.277791 -8.382450 153.520588
1582 24.326356 -8.169559 153.520588
1583 23.445783 -7.950244 153.520588
1585 22.519403 -7.669239 153.520588
1615 32.777428 -2.067281 153.520588
1617 32.791880 -2.041026 153.520588
1618 32.745777 -1.893595 153.520588
1620 32.223515 -1.771675 153.520588
1621 31.325415 -1.836991 153.520588
1623 30.362463 -1.953504 153.520588
1624 29.524469 -2.010227 153.520588
1625 28.618261 -2.058404 153.520588
1627 27.713924 -2.093031 153.520588
1628 26.744852 -2.135381 153.520588
1630 25.775649 -2.174569 153.520588
1660 29.697115 -7.847142 153.520588
1661 30.669400 -7.835815 153.520588
1663 31.639271 -7.849512 153.520588
1664 32.544054 -7.834228 153.520588
1666 33.321417 -7.848166 153.520588
1667 34.356197 -7.832711 153.520588
1669 35.261079 -7.846808 153.520588
1670 36.103431 -7.835851 153.520588
1671 37.073301 -7.847328 153.520588
1673 37.980455 -7.824071 153.520588
1674 38.947190 -7.786358 153.520588
1704 41.053180 -0.753033 153.520588
1706 41.165786 -1.162518 153.520588
1707 41.133728 -1.607927 153.520588
1709 41.004931 -2.298941 153.520588
1710 41.031720 -2.745858 153.520588
1712 41.113439 -3.410248 153.520588
1713 41.122789 -3.862530 153.520588
1715 41.103240 -4.437157 153.520588
1716 41.036805 -5.133482 153.520588
1717 40.952959 -5.518808 153.520588
1719 40.723374 -6.132160 153.520588
1749 23.287942 -7.847580 153.520588
1750 23.322152 -7.712844 153.520588
1752 23.652228 -7.584842 153.520588
1753 24.302956 -7.690147 153.520588
1755 25.257023 -7.861410 153.520588
1756 26.166255 -7.862053 153.520588
1758 27.135690 -7.833226 153.520588
1759 27.975474 -7.814343 153.520588
1761 28.882653 -7.815439 153.520588
1762 29.917364 -7.823955 153.520588
1764 30.952011 -7.826156 153.520588
1794 41.618416 -7.241380 153.520588
1796 41.618416 -7.241380 153.520588
1797 41.631791 -7.193429 153.520588
1799 41.579366 -7.080046 153.520588
1800 41.113673 -7.003040 153.520588
1802 40.240106 -7.380129 153.520588
1803 39.418301 -7.757962 153.520588
1805 38.539747 -7.968082 153.520588
1806 37.703334 -8.043694 153.520588
1807 36.737686 -8.103228 153.520588
1809 35.900756 -8.134051 153.520588
1839 21.531310 -3.979218 153.520588
1840 21.696332 -3.316025 153.520588
1842 22.367494 -2.633814 153.520588
1843 23.239658 -2.415118 153.520588
1845 24.143923 -2.381192 153.520588
1846 25.047841 -2.338137 153.520588
1847 25.955325 -2.270725 153.520588
1849 26.855973 -2.182164 153.520588
1850 27.757129 -2.135572 153.520588
1852 28.662025 -2.145642 153.520588
1853 29.569359 -2.162994 153.520588
1883 36.009788 -2.857147 153.520588
1885 36.068968 -2.826227 153.520588
1886 36.124859 -2.568162 153.520588
1887 35.611304 -2.291720 153.520588
1889 34.872157 -2.210422 153.520588
1890 33.773161 -2.255988 153.520588
1892 32.866246 -2.288532 153.520588
1893 31.896751 -2.319557 153.520588
1895 30.927886 -2.365703 153.520588
1896 29.958750 -2.405348 153.520588
1898 29.114682 -2.386050 153.520588
1928 24.683604 -7.855463 153.520588
1929 25.588484 -7.856261 153.520588
1931 26.557912 -7.847452 153.520588
1932 27.461250 -7.902118 153.520588
1934 28.367548 -7.948377 153.520588
1935 29.336796 -7.986039 153.520588
1936 30.306666 -8.001433 153.520588
1938 31.276547 -8.015952 153.520588
1939 32.183255 -8.053849 153.633235
1941 33.022936 -8.071526 153.633235
1942 33.994784 -8.136771 153.633235
1973 35.374959 -8.316675 153.633235
1974 35.244823 -8.497402 153.633235
1975 34.674603 -8.510083 153.633235
1977 33.782018 -8.416374 153.633235
1978 32.879135 -8.355789 153.633235
1979 31.975002 -8.316666 153.633235
1981 31.197637 -8.302964 153.633235
1982 30.230155 -8.298777 153.633235
1984 29.395208 -8.289327 153.633235
1985 28.492774 -8.278601 153.633235
1986 27.588267 -8.248770 153.633235
2017 28.442564 -1.370600 153.633235
2018 29.335317 -1.207840 153.633235
2020 30.165735 -1.051693 153.633235
2021 31.119034 -0.872630 153.633235
2022 31.884987 -0.739160 153.633235
2024 32.777710 -0.590666 153.633235
2025 33.676711 -0.449663 153.633235
2026 34.571922 -0.286471 153.633235
2028 35.244585 -0.206818 153.633235
2029 35.539562 -0.179392 153.633235
2060 35.619225 -0.172060 153.633235
2061 35.619225 -0.172060 153.633235
2063 35.619225 -0.172060 153.633235
2064 35.615025 -0.142405 153.633235
2065 35.334295 0.018758 153.633235
2067 34.667985 -0.005111 153.633235
2068 33.710946 -0.189891 153.633235
2070 32.887433 -0.367735 153.633235
2071 31.992654 -0.533360 153.633235
2072 31.101427 -0.704407 153.633235
2074 30.211079 -0.866408 153.633235
2104 19.216238 -9.691340 153.633235
2106 19.071852 -9.948484 153.633235
2107 19.015832 -10.076554 153.633235
2108 19.021085 -10.116190 153.633235
2110 19.023834 -10.125844 153.633235
2111 19.001339 -10.223281 153.633235
2113 19.001339 -10.223281 153.633235
2114 18.980618 -10.189359 153.633235
2115 19.024719 -10.025485 153.633235
2117 19.130905 -9.925442 153.633235
2118 19.197624 -9.881300 153.633235
2149 18.883901 -10.530349 153.633235
2150 18.883901 -10.530349 153.633235
2152 18.883901 -10.530349 153.633235
2153 18.883901 -10.530349 153.633235
2154 18.883901 -10.530349 153.633235
2156 18.883901 -10.530349 153.633235
2157 18.883901 -10.530349 153.633235
2158 18.883901 -10.530349 153.633235
2160 18.883901 -10.530349 153.633235
2161 18.900014 -10.542197 153.633235
2162 18.900014 -10.542197 153.633235
2193 33.795002 -8.133231 153.633235
2195 34.570636 -8.205127 153.633235
2196 35.467490 -8.359079 153.633235
2198 35.912930 -8.422811 153.633235
2229 35.990276 -8.463201 153.581024
2230 35.804349 -8.645273 153.581024
2231 35.016331 -8.660893 153.581024
2233 34.111422 -8.708061 153.581024
2234 33.346195 -8.856970 153.581024
2236 32.410929 -9.298695 153.581024
2237 31.730852 -9.901418 153.581024
2238 31.123601 -10.556785 153.581024
2240 30.802827 -11.018602 153.581024
2271 30.647942 -11.360774 153.633235
2272 30.572986 -11.416024 153.633235
2273 30.253709 -11.263943 153.633235
2275 30.083853 -10.945512 153.633235
2276 29.983523 -10.253452 153.633235
2278 29.887214 -9.734097 153.633235
2279 29.497237 -9.446141 153.633235
2281 28.549817 -9.383998 153.633235
2283 27.257221 -9.460049 153.633235
2284 26.480001 -9.479610 153.633235
2286 25.380479 -9.447989 153.633235
2316 21.288520 -9.465752 153.633235
2318 21.586860 -9.665274 153.633235
2319 21.919915 -9.826210 153.633235
2321 22.142487 -9.901057 153.633235
2322 22.343687 -9.878784 153.633235
2323 22.703961 -9.989543 153.633235
2325 23.089948 -10.968731 153.633235
2327 22.673239 -11.614435 153.633235
2329 22.673239 -11.614435 153.633235
2331 22.673239 -11.614435 153.633235
2333 22.664077 -11.618441 153.633235
2363 21.162381 -11.900651 153.633235
2364 21.829575 -12.060159 153.633235
2366 22.668773 -11.615478 153.633235
2367 22.867712 -11.279114 153.633235
2369 22.998516 -10.783050 153.633235
2370 22.980352 -10.298992 153.633235
2372 22.782844 -9.758983 153.633235
2373 22.616937 -9.266193 153.633235
2374 22.425899 -8.793395 153.633235
2376 22.160986 -8.241256 153.633235
2377 21.941341 -7.848606 153.633235
2408 21.463852 -6.964630 153.633235
2409 21.463852 -6.964630 153.633235
2410 21.480253 -6.939544 153.633235
2412 21.484517 -6.867633 153.633235
2413 21.381002 -6.702167 153.633235
2415 20.969439 -6.657087 153.633235
2445 20.819449 -6.867880 153.633235
2447 20.819449 -6.867880 153.633235
2448 20.819449 -6.867880 153.633235
2450 20.686968 -6.650517 153.633235
2451 20.912418 -6.236951 153.633235
2452 21.284857 -5.616467 153.633235
2454 21.417257 -4.796374 153.633235
2455 21.464257 -4.485880 153.633235
2457 21.501743 -3.853273 153.633235
2458 21.503085 -3.108287 153.633235
2460 21.485674 -2.781262 153.633235
2491 20.557363 8.421624 153.633235
2493 20.618742 8.438039 153.633235
2494 20.786606 8.096231 153.633235
2496 20.830190 7.436434 153.633235
2497 20.792637 6.661017 153.633235
2498 20.933340 6.198241 153.633235
2500 21.033464 6.115331 153.633235
2501 21.341673 5.722370 153.633235
2502 21.464623 5.052738 153.633235
2504 21.439929 4.748754 153.633235
2505 21.414863 4.076827 153.633235
2536 20.324766 -7.657827 153.633235
2537 19.977170 -8.249946 153.633235
2539 19.804246 -8.477827 153.633235
2540 19.579427 -8.836078 153.633235
2542 19.531516 -9.100040 153.633235
2572 19.572555 -9.262532 153.633235
2574 19.572555 -9.262532 153.633235
2575 19.572555 -9.262532 153.633235
2577 19.425388 -8.993216 153.633235
2578 19.570557 -8.331971 153.633235
2579 20.082741 -7.600955 153.633235
2581 20.676948 -6.882405 153.633235
2582 21.131187 -6.323841 153.633235
2583 21.409573 -5.643218 153.633235
2585 21.396043 -5.336316 153.633235
2586 21.378720 -4.661613 153.633235
2617 20.870595 7.744391 153.633235
2618 20.601227 8.401266 153.633235
2620 20.453088 8.694103 153.633235
2621 20.123445 9.240578 153.633235
2622 20.016456 9.562471 153.633235
2624 19.857453 10.218227 153.633235
2625 19.722133 10.636761 153.633235
2626 19.530459 11.247120 153.633235
2628 19.153910 11.962193 153.633235
2629 18.588645 12.549817 153.633235
2631 17.651168 12.749407 153.633235
2661 8.171226 1.845135 153.633235
2663 7.785262 1.309913 153.633235
2664 7.517020 0.595806 153.633235
2666 7.578252 -0.135329 153.633235
2667 8.278357 -0.785688 153.633235
2668 9.115208 -1.142281 153.633235
2670 9.901633 -1.451360 153.633235
2671 10.744277 -1.794845 153.633235
2673 11.642818 -2.160049 153.633235
2674 12.444137 -2.427921 153.633235
2675 13.293671 -2.753129 153.633235
2706 17.561768 -4.041552 153.633235
2707 17.561768 -4.041552 153.633235
2709 17.561768 -4.041552 153.633235
2710 17.561768 -4.041552 153.633235
2711 17.561768 -4.041552 153.633235
2713 17.561768 -4.041552 153.633235
2714 17.561768 -4.041552 153.633235
2715 17.561768 -4.041552 153.633235
2717 17.561768 -4.041552 153.633235
2718 17.561768 -4.041552 153.633235
2719 17.561768 -4.041552 153.633235
2750 17.561768 -4.041552 153.633235
2752 17.330229 -4.198920 153.633235
2753 16.526630 -3.981099 153.633235
2755 15.804694 -3.685984 153.633235
2756 14.910571 -3.303775 153.633235
2757 14.104948 -3.049562 153.633235
2759 13.240962 -2.765230 153.633235
2760 12.397537 -2.423827 153.633235
2761 11.571528 -2.042106 153.633235
2763 10.867214 -1.707100 153.633235
2764 9.978319 -1.306657 153.633235
2795 13.006825 10.034800 153.633235
2797 13.784578 10.597249 153.633235
2798 14.799292 11.034325 153.633235
2800 15.753596 11.447573 153.633235
2801 16.635251 11.857948 153.633235
2803 17.314376 12.209954 153.633235
2804 17.575332 12.398979 153.633235
2805 18.075236 12.621133 153.633235
2807 19.005244 12.564123 153.633235
2808 19.480938 11.845950 153.633235
2809 19.602338 11.254386 153.633235
2840 21.379463 -0.643849 153.633235
2842 21.536765 -1.387054 153.633235
2843 21.742912 -1.831421 153.633235
2874 21.846882 -2.013733 153.633235
2875 21.644980 -2.175611 153.633235
2876 20.900115 -1.860654 153.633235
2878 20.338923 -1.254691 153.633235
2879 19.900149 -0.659046 153.633235
2880 19.430522 -0.093781 153.633235
2882 19.221692 0.168057 153.633235
2883 19.137123 0.263293 153.633235
2884 19.133537 0.266777 153.633235
2886 19.133537 0.266777 153.633235
2887 19.133537 0.266777 153.633235
2918 19.133537 0.266777 153.633235
2919 19.133537 0.266777 153.633235
2920 19.061331 0.258703 153.633235
2922 18.979779 0.390422 153.633235
2923 18.993648 0.427903 153.633235
2924 18.993648 0.427903 153.633235
2926 18.993648 0.427903 153.633235
2956 19.197524 0.228776 153.633235
2958 19.578450 -0.330722 153.633235
2959 19.847820 -0.987268 153.633235
2961 20.099007 -1.553492 153.633235
2991 20.439430 -1.990954 153.633235
2993 21.023157 -2.508147 153.633235
2994 21.466756 -3.148334 153.633235
2995 21.664310 -3.727605 153.633235
2997 21.634266 -4.065102 153.633235
2998 21.537429 -4.552350 153.633235
2999 21.494427 -4.924732 153.633235
3001 21.391215 -5.595322 153.633235
3003 20.965126 -6.239473 153.633235
3004 20.319240 -6.640640 153.633235
3005 19.842371 -6.904492 153.633235
3036 19.669463 -7.005001 153.633235
3037 19.669463 -7.005001 153.633235
3039 19.575104 -7.022264 153.633235
3040 19.457845 -6.744702 153.633235
3041 19.965807 -6.278750 153.633235
3043 20.684952 -6.177993 153.633235
3044 20.654776 -6.174458 153.633235
3045 20.617282 -6.175159 153.633235
3047 20.961831 -6.160117 153.633235
3048 21.209296 -6.101997 153.633235
3050 21.284493 -6.074699 153.633235
3080 18.968894 0.190866 153.633235
3082 18.803160 0.360347 153.633235
3083 18.795056 0.524879 153.633235
3084 18.799172 0.574710 153.633235
3086 18.799172 0.574710 153.633235
3087 18.799172 0.574710 153.633235
3088 18.799172 0.574710 153.633235
3090 18.799172 0.574710 153.633235
3120 18.799172 0.574710 153.633235
3151 18.799172 0.574710 153.633235
3181 18.799172 0.574710 153.633235
3212 18.799172 0.574710 153.633235
3242 18.799172 0.574710 153.633235
3273 18.799172 0.574710 153.633235
3303 18.799172 0.574710 153.633235
3334 18.799172 0.574710 153.633235
3364 18.799172 0.574710 153.633235
3395 18.799172 0.574710 153.633235
3425 18.799172 0.574710 153.633235
3456 18.799172 0.574710 153.633235
3486 18.799172 0.574710 153.633235
3517 18.799172 0.574710 153.633235
3547 18.799172 0.574710 153.633235
3578 18.799172 0.574710 153.633235
3608 18.799172 0.574710 153.633235
3639 18.799172 0.574710 153.633235
3669 18.799172 0.574710 153.633235
3700 18.799172 0.574710 153.633235
3730 18.799172 0.574710 153.633235
3761 18.799172 0.574710 153.633235
3791 18.799172 0.574710 153.633235
3822 18.799172 0.574710 153.633235
3852 18.799172 0.574710 153.633235
3883 18.799172 0.574710 153.633235
3913 18.799172 0.574710 153.633235
3944 18.799172 0.574710 153.633235
3974 18.799172 0.574710 153.633235
4005 18.799172 0.574710 153.633235
4035 18.799172 0.574710 153.633235
4066 18.799172 0.574710 153.633235
4096 18.799172 0.574710 153.633235
4127 18.799172 0.574710 153.633235
4157 18.799172 0.574710 153.633235
4188 18.799172 0.574710 153.633235
4218 18.799172 0.574710 153.633235
4249 18.799172 0.574710 153.633235
4279 18.799172 0.574710 153.633235
4310 18.799172 0.574710 153.633235
4341 18.799172 0.574710 153.633235
4371 18.799172 0.574710 153.633235
4402 18.799172 0.574710 153.633235
4432 18.799172 0.574710 153.633235
4463 18.799172 0.574710 153.633235
4493 18.799172 0.574710 153.633235
4524 18.799172 0.574710 153.633235
4554 18.799172 0.574710 153.633235
4585 18.799172 0.574710 153.633235
4615 18.799172 0.574710 153.633235
4646 18.799172 0.574710 153.633235
4676 18.799172 0.574710 153.633235
4707 18.799172 0.574710 153.633235
4737 18.799172 0.574710 153.633235
4768 18.799172 0.574710 153.633235
4799 18.799172 0.574710 153.633235
4800 18.799172 0.574710 153.633235
4801 18.799172 0.574710 153.633235
4803 18.799172 0.574710 153.633235
4804 18.799172 0.574710 153.633235
4805 18.799172 0.574710 153.633235
4807 18.799172 0.574710 153.633235
4808 18.799172 0.574710 153.633235
4809 18.799172 0.574710 153.633235
4811 18.799172 0.574710 153.633235
4812 18.799172 0.574710 153.633235
4843 18.946765 0.490412 153.633235
4844 19.636019 0.326467 153.633235
4845 20.475487 0.371833 153.633235
4847 21.097953 0.658377 153.633235
4848 21.424206 1.300075 153.633235
4849 21.515090 1.998213 153.633235
4851 21.492478 2.367455 153.633235
4852 21.477961 3.012287 153.633235
4854 21.448748 3.606456 153.633235
4855 21.452919 3.928899 153.633235
4856 21.439988 4.322987 153.633235
4887 15.913863 12.158892 153.633235
4889 15.126288 11.703792 153.633235
4890 14.375604 11.189780 153.633235
4891 13.695714 10.688033 153.633235
4893 12.966561 10.157192 153.633235
4894 12.597020 9.591352 153.633235
4895 12.580799 9.197874 153.633235
4897 12.720774 8.635135 153.633235
4898 12.879710 8.251825 153.633235
4899 13.130236 7.603747 153.633235
4901 13.283655 7.286537 153.633235
4931 17.482698 3.567825 153.633235
4933 17.482698 3.567825 153.633235
4934 17.482698 3.567825 153.633235
4935 17.482698 3.567825 153.633235
4937 17.482698 3.567825 153.633235
4938 17.482698 3.567825 153.633235
4939 17.482698 3.567825 153.633235
4941 17.482698 3.567825 153.633235
4942 17.482698 3.567825 153.633235
4944 17.482698 3.567825 153.633235
4945 17.482698 3.567825 153.633235
4976 17.482698 3.567825 153.633235
4977 17.459244 3.545489 153.633235
4978 17.090253 3.594034 153.633235
4980 16.514832 4.107410 153.633235
4981 15.841825 4.812491 153.633235
4982 15.239315 5.302769 153.633235
4984 14.466746 5.783139 153.633235
4985 13.882753 6.423384 153.633235
4987 13.656652 6.940801 153.633235
4989 13.562967 7.623400 153.633235
4991 13.510831 8.275886 153.633235
5022 26.195299 18.556813 153.633235
5023 26.098612 18.673804 153.633235
5024 25.591774 18.617941 153.633235
5026 25.080839 18.121054 153.633235
5027 24.791097 17.652761 153.633235
5028 24.490187 17.247234 153.633235
5030 24.135659 16.685005 153.633235
5031 23.887836 16.393864 153.633235
5033 23.637093 16.032926 153.633235
5034 23.356051 15.609374 153.633235
5036 22.444690 15.155993 153.633235
5066 15.762003 4.528414 153.633235
5068 16.216984 4.189271 153.633235
5099 16.448787 3.986263 153.633235
5101 16.122528 3.846849 153.633235
5102 15.529002 4.381067 153.633235
5103 15.054467 5.107176 153.633235
5105 14.644482 5.674093 153.633235
5106 14.068242 6.263876 153.633235
5108 13.770354 6.776807 153.633235
5109 13.686372 7.137133 153.633235
5110 13.594644 7.825275 153.633235
5112 13.508463 8.163157 153.633235
5113 13.305293 8.716309 153.633235
5144 26.634481 18.922746 153.633235
5146 27.208910 19.623970 153.633235
5147 27.954215 20.133328 153.633235
5148 28.714803 20.495462 153.633235
5150 29.524946 20.909639 153.633235
5151 30.219604 21.310887 153.633235
5152 30.654003 21.489529 153.633235
5184 30.771586 21.531940 153.633235
5186 30.771586 21.531940 153.633235
5187 30.771586 21.531940 153.633235
5188 30.771586 21.531940 153.633235
5190 30.756350 21.579039 153.633235
5191 30.894502 21.762169 153.633235
5192 31.669805 21.844377 153.633235
5194 32.494307 21.663591 153.633235
5195 33.238758 21.430889 153.633235
5196 34.160069 21.127542 153.633235
5198 34.977680 20.914623 153.633235
5231 40.458800 19.628519 153.633235
5232 40.450017 19.599912 153.633235
5234 40.423255 19.586539 153.633235
5235 40.286233 19.655204 153.633235
5237 40.227958 19.703019 153.633235
5238 40.305402 19.657265 153.633235
5239 40.347039 19.600994 153.633235
5241 40.400186 19.528362 153.633235
5242 40.387142 19.592040 153.633235
5243 40.335596 19.821293 153.633235
5245 40.308336 19.927860 153.633235
5280 32.970434 11.794229 153.633235
5282 32.964656 11.034538 153.633235
5283 32.982295 10.600204 153.633235
5285 32.983519 9.865324 153.633235
5287 32.988445 9.185491 153.633235
5288 32.988538 8.760554 153.633235
5289 32.999597 8.095646 153.633235
5291 32.969275 7.754504 153.633235
5292 32.964546 7.310013 153.633235
5293 33.024244 7.021165 153.633235
5295 32.980750 6.460005 153.633235
5331 33.067025 4.847850 153.633235
5332 33.067025 4.847850 153.633235
5333 32.958174 4.839537 153.633235
5335 32.800578 4.586614 153.633235
5336 33.174206 3.829902 153.633235
5337 33.829130 3.367870 153.633235
5339 34.217459 3.150681 153.633235
5375 34.502770 3.013826 153.633235
5376 35.114692 3.044676 153.633235
5377 35.918104 3.289775 153.633235
5379 36.674359 3.480134 153.633235
5380 37.631301 3.666666 153.633235
5382 38.462879 3.801243 153.633235
5383 39.356368 3.956465 153.633235
5384 40.224389 4.220569 153.633235
5386 40.865734 4.442671 153.633235
5422 41.211062 4.502140 153.633235
5424 41.319927 4.521145 153.633235
5425 41.466907 4.739446 153.633235
5427 41.489411 5.416810 153.633235
5428 41.501042 5.848653 153.633235
5429 41.647929 6.347401 153.633235
5431 41.997909 7.066674 153.633235
5432 42.812775 7.700985 153.633235
5434 43.444518 7.964650 153.633235
5435 43.931334 8.056714 153.633235
5472 44.245107 8.084488 153.633235
5473 44.245107 8.084488 153.633235
5475 44.245107 8.084488 153.633235
5476 44.228912 8.115396 153.633235
5477 43.876625 8.228652 153.633235
5479 42.981513 8.147505 153.633235
5480 42.157293 7.764695 153.633235
5482 41.403745 7.255770 153.633235
5483 40.714059 6.662445 153.633235
5484 40.104164 6.077680 153.633235
5486 39.505393 5.399103 153.633235
5523 39.228685 4.950667 153.633235
5524 39.227014 4.940807 153.633235
5526 39.217234 4.938720 153.633235
5527 39.100039 5.007687 153.633235
5528 39.120254 5.393195 153.633235
5529 39.441140 6.149457 153.633235
5531 39.757097 6.632744 153.633235
5532 40.010617 7.057807 153.633235
5534 40.287800 7.627974 153.633235
5535 40.421647 7.951118 153.633235
5536 40.597151 8.420589 153.633235
5574 41.602328 13.720134 153.633235
5575 41.718709 13.815149 153.633235
5576 41.511114 14.466386 153.633235
5578 40.806245 14.931303 153.633235
5579 39.936956 15.371937 153.633235
5581 39.294269 15.813288 153.633235
5582 38.634354 16.301197 153.633235
5583 37.785740 16.558767 153.633235
5585 36.879658 16.541681 153.633235
5586 36.042411 16.473783 153.633235
5587 35.206806 16.419566 153.633235
5625 32.688680 8.289432 153.633235
5626 32.807971 8.386289 153.633235
5628 32.808720 8.995538 153.633235
5629 32.682501 9.473608 153.633235
5630 32.527162 9.920626 153.633235
5632 32.493264 10.618289 153.633235
5633 32.510835 11.047652 153.633235
5634 32.507245 11.672635 153.633235
5636 32.512728 11.932556 153.633235
5637 32.504412 12.637504 153.633235
5639 32.489508 12.917107 153.633235
5676 40.805017 20.481396 153.633235
5677 40.805017 20.481396 153.633235
5679 40.805017 20.481396 153.633235
5680 40.805017 20.481396 153.633235
5681 40.805017 20.481396 153.633235
5683 40.805017 20.481396 153.633235
5684 40.805017 20.481396 153.633235
5685 40.805017 20.481396 153.633235
5687 40.805017 20.481396 153.633235
5688 40.805017 20.481396 153.633235
5690 40.805017 20.481396 153.633235
5727 40.805017 20.481396 153.633235
5728 40.851483 20.373375 153.633235
5730 40.563743 20.181576 153.633235
5731 39.703107 20.145104 153.633235
5733 38.873004 20.288841 153.633235
5734 37.972158 20.365682 153.633235
5735 36.999953 20.300543 153.633235
5737 36.036196 20.153963 153.633235
5738 35.145511 19.967691 153.633235
5740 34.335188 19.579300 153.633235
5741 33.863407 18.917291 153.633235
5778 32.800474 15.690139 153.633235
5780 32.937116 15.682621 153.633235
5781 33.039067 15.761498 153.633235
5783 33.089118 16.092040 153.633235
5784 33.097418 16.620834 153.633235
5785 33.204334 17.164772 153.633235
5787 33.426469 17.781753 153.633235
5789 33.774285 18.342457 153.633235
5790 33.956285 18.719850 153.633235
5791 34.142059 19.216203 153.633235
5793 34.585128 20.028615 153.633235
5830 41.099111 24.974060 153.633235
5832 41.099111 24.974060 153.633235
5833 41.099111 24.974060 153.633235
5834 41.046429 25.126778 153.633235
5836 40.404176 25.203425 153.633235
5837 39.448516 25.019671 153.633235
5839 38.603082 24.692204 153.633235
5840 37.949695 24.067112 153.633235
5842 37.760129 23.773398 153.633235
5843 37.442665 23.211975 153.633235
5844 36.992401 22.544265 153.633235
5882 32.604717 8.028725 153.633235
5883 32.550405 8.033118 153.633235
5884 32.376452 8.386595 153.633235
5886 32.363342 8.864006 153.633235
5887 32.506159 9.188535 153.633235
5889 32.663057 9.739596 153.633235
5890 32.590161 10.091474 153.633235
5891 32.521061 10.737020 153.633235
5893 32.523311 11.072013 153.633235
5894 32.529285 11.589434 153.633235
5895 32.542679 12.074160 153.633235
5933 33.891633 25.545320 153.633235
5934 33.887791 25.554553 153.633235
5935 33.843569 25.607805 153.633235
5937 33.784032 25.577384 153.633235
5938 33.691335 25.245876 153.633235
5975 33.814758 24.993078 153.633235
5976 33.814758 24.993078 153.633235
5978 33.814758 24.993078 153.633235
5979 33.814758 24.993078 153.633235
5981 33.762269 25.068606 153.633235
5982 33.161115 25.198716 153.633235
5983 32.326418 25.059864 153.633235
5985 31.888804 24.567363 153.633235
5986 31.891715 24.223621 153.633235
5988 31.963982 23.638244 153.633235
5989 32.048769 23.065371 153.633235
6026 32.611902 9.197468 153.633235
6064 32.605018 9.092695 153.633235
6065 32.582792 9.048309 153.633235
6067 32.522687 9.016096 153.633235
6068 32.380498 9.126249 153.633235
6069 32.332925 9.731364 153.633235
6071 32.436001 10.082271 153.633235
6072 32.551831 10.880433 153.633235
6074 32.530466 11.419915 153.633235
6075 32.500782 11.868931 153.633235
6077 32.486757 12.428543 153.633235
6078 32.470165 12.840709 153.633235
6115 28.373237 24.891372 153.633235
6117 28.405636 24.589889 153.633235
6118 27.920256 24.095575 153.633235
6119 27.081912 23.832736 153.633235
6121 26.558178 23.844672 153.633235
6158 26.666895 23.605909 153.633235
6160 26.969223 23.022947 153.633235
6161 26.974739 22.546170 153.633235
6162 26.788146 21.913128 153.633235
6164 26.648129 21.403288 153.633235
6165 26.354017 20.824301 153.633235
6167 26.211611 20.335448 153.633235
6168 26.105194 19.837503 153.633235
6170 25.962295 19.275463 153.633235
6171 25.810568 18.886733 153.633235
6172 25.507303 18.245320 153.633235
6210 9.960073 4.945389 153.633235
6211 9.695420 4.573164 153.633235
6213 9.295090 4.127000 153.633235
6214 9.006015 3.617831 153.633235
6215 8.868253 3.152889 153.633235
6217 8.601543 2.563586 153.633235
6218 8.358206 2.167532 153.633235
6220 7.949599 1.547617 153.633235
6221 7.697495 1.256765 153.633235
6222 7.416843 0.672501 153.633235
6224 7.366620 0.080839 153.633235
6261 -8.123840 -4.218245 153.633235
6263 -9.032512 -3.864953 153.633235
6264 -9.818540 -3.561806 153.633235
6265 -10.674228 -3.252813 153.633235
6267 -11.487142 -3.022215 153.633235
6268 -12.301209 -2.798621 153.633235
6269 -13.123151 -2.187229 153.633235
6271 -13.620029 -1.602340 153.633235
6272 -14.343374 -1.112219 153.633235
6274 -15.369182 -1.036832 153.633235
6275 -16.273308 -1.076071 153.633235
6313 -23.589143 -1.057217 153.633235
6314 -23.715657 -1.160938 153.633235
6316 -24.412486 -1.128335 153.633235
6317 -25.377118 -1.031448 153.633235
6319 -26.411992 -1.033680 153.633235
6320 -27.442472 -1.153132 153.633235
6322 -28.287452 -1.486243 153.633235
6324 -29.126688 -2.040761 153.633235
6325 -29.434843 -2.422610 153.633235
6364 -29.426302 -2.806248 153.633235
6366 -29.389136 -3.376364 153.633235
6367 -29.464694 -4.021728 153.633235
6368 -29.498806 -4.349611 153.633235
6370 -29.518620 -4.919266 153.633235
6371 -29.546398 -5.498416 153.633235
6372 -29.542909 -5.848399 153.633235
6373 -29.536780 -6.503362 153.633235
6375 -29.545589 -6.840745 153.633235
6377 -29.550340 -7.546967 153.633235
6378 -29.538653 -7.831728 153.633235
6419 -31.242063 -21.502674 153.633235
6420 -31.059817 -21.687413 153.633235
6421 -30.828696 -22.197851 153.633235
6422 -30.803041 -22.358149 153.633235
6423 -30.741710 -22.717874 153.633235
6424 -30.654649 -23.072084 153.633235
6425 -30.545441 -23.307929 153.734872
6426 -30.278370 -23.888828 153.734872
6427 -30.204879 -24.135424 153.734872
6428 -30.129002 -24.441148 154.771350
6429 -29.989593 -24.926449 154.771350
6455 -28.285535 -34.569100 164.842261
6456 -28.248515 -34.716835 164.842261
6457 -28.236638 -35.231224 164.842261
6458 -28.247992 -35.530875 164.842261
6459 -28.278758 -35.869463 165.912540
6460 -28.290036 -36.214154 165.912540
6461 -28.252211 -36.471369 165.912540
6462 -28.221208 -36.915090 167.126452
6463 -28.179857 -37.181510 167.126452
6464 -28.130436 -37.583183 167.126452
6465 -28.118844 -37.917741 168.121536
6492 -29.148365 -48.273177 178.636086
6493 -29.180102 -48.826944 178.636086
6494 -29.165051 -49.296563 178.636086
6495 -29.157846 -49.516412 179.414858
6496 -29.146287 -49.881217 179.414858
6497 -29.117466 -50.435468 179.414858
6498 -29.114225 -50.650272 180.610108
6499 -29.112877 -51.030239 180.610108
6500 -29.100083 -51.580068 180.610108
6501 -29.077429 -51.798405 181.623928
6502 -29.028941 -52.159811 181.623928
6533 -29.407841 -63.232481 193.237293
6534 -29.378821 -63.435317 193.237293
6535 -29.391725 -63.899934 194.234527
6536 -29.415966 -64.464413 194.234527
6537 -29.432711 -64.608440 194.234527
6538 -29.457037 -65.042663 194.234527
6539 -29.460657 -65.587627 195.261700
6540 -29.447843 -65.757096 195.261700
6541 -29.405024 -66.169872 195.261700
6542 -29.398500 -66.419538 196.258838
6543 -29.399743 -66.834534 196.258838
6578 -29.546705 -79.554599 208.505663
6579 -29.581976 -80.022539 208.505663
6580 -29.632966 -80.580132 209.595256
6581 -29.637344 -81.109927 209.595256
6582 -29.622917 -81.379362 209.595256
6583 -29.588532 -81.687372 211.151442
6584 -29.539698 -82.219889 211.151442
6585 -29.328804 -82.724572 211.151442
6586 -29.018908 -83.214794 212.335987
6587 -28.862184 -83.507755 212.335987
6588 -28.745132 -83.799992 212.335987
6626 -30.360367 -95.856781 226.884314
6627 -30.292351 -96.046911 226.884314
6628 -30.268750 -96.535812 226.884314
6629 -30.293831 -96.794538 226.884314
6630 -30.309387 -97.199180 226.884314
6631 -30.303027 -97.714065 226.884314
6632 -30.265659 -98.187543 226.884314
6633 -30.258212 -98.367387 226.884314
6634 -30.228422 -98.831419 227.682963
6635 -30.202746 -99.385785 227.682963
6636 -30.158759 -99.868773 227.682963
6679 -29.279882 -115.242904 233.368918
6680 -29.197160 -115.465933 233.368918
6681 -29.171389 -115.942104 233.368918
6682 -29.219394 -116.399442 233.368918
6683 -29.316172 -116.601933 233.368918
6684 -29.485438 -116.996400 233.368918
6685 -29.564986 -117.344631 233.368918
6686 -29.631976 -117.657485 233.368918
6687 -29.738674 -118.135688 233.368918
6688 -29.808842 -118.333523 233.368918
6689 -29.956554 -118.774109 233.368918
