6 -46.500000 113.000000 0.000000
7 -46.351929 113.059956 14.869096
8 -45.987860 113.049994 14.869096
9 -45.492390 112.669979 14.869096
10 -45.089674 112.167982 17.400288
11 -45.014537 112.055825 17.400288
12 -44.782257 111.718002 17.528549
13 -44.482033 111.239419 17.528549
14 -44.166301 110.771668 17.528549
15 -43.651706 110.277121 22.357326
16 -43.069696 109.862170 23.333453
17 -42.575226 109.549568 23.333453
18 -42.323155 109.402160 24.307407
19 -42.135596 109.376269 24.307407
20 -42.023500 109.384613 25.303163
21 -41.944897 109.398763 25.303163
22 -41.871346 109.447318 25.303163
23 -41.769255 109.646896 25.548582
24 -41.728755 110.146587 25.548582
25 -41.679131 110.611040 25.592382
26 -41.632486 110.787456 25.592382
27 -41.484266 111.233167 25.592382
28 -41.170518 111.778832 25.592382
29 -41.082680 111.881271 25.592382
30 -40.817424 112.193824 25.592382
31 -40.500587 112.655031 25.592382
32 -40.288957 113.080222 25.592382
33 -40.174790 113.291325 25.592382
34 -39.927750 113.760226 25.592382
35 -39.744214 114.146233 25.592382
36 -39.670771 114.358909 25.592382
37 -39.473220 114.817958 25.592382
38 -39.352139 115.036414 25.592382
39 -39.143049 115.341659 25.592382
40 -38.860754 115.891724 26.683516
41 -38.827919 116.530218 26.683516
42 -39.204843 117.045219 26.683516
43 -39.711675 117.330811 27.217091
44 -40.271738 117.659247 28.109252
45 -40.762210 118.084626 28.109252
46 -41.204363 118.554047 28.109252
47 -41.623283 119.047712 28.109252
48 -41.955164 119.441434 28.109252
49 -42.434233 120.047426 28.109252
50 -42.809436 120.491319 28.109252
51 -43.157003 120.869586 28.109252
52 -43.200296 121.009987 28.109252
53 -43.045594 121.217899 28.109252
54 -42.619323 121.315198 28.109252
55 -41.972817 121.342767 28.109252
56 -41.328051 121.355062 28.109252
57 -40.619205 121.444813 28.109252
58 -39.920849 121.597378 28.109252
59 -39.355455 121.747302 28.109252
60 -38.733791 121.937109 28.109252
61 -38.140373 122.150323 28.109252
62 -37.666153 122.558968 29.189211
63 -37.374097 123.059752 30.136523
64 -37.264538 123.483658 30.136523
65 -37.304748 123.990260 30.136523
66 -37.386309 124.189025 30.136523
67 -37.525301 124.584566 30.136523
68 -37.586659 125.049936 30.136523
69 -37.588626 125.242426 30.136523
70 -37.572810 125.646819 30.136523
71 -37.533597 125.883543 30.136523
72 -37.509168 126.012497 30.136523
73 -37.494731 126.038740 30.136523
74 -37.315293 126.072363 30.136523
75 -36.926447 125.815247 30.136523
76 -36.514561 125.330684 30.136523
77 -36.192689 124.803803 30.136523
78 -36.095429 124.676775 30.136523
79 -35.847507 124.313507 30.136523
80 -35.527863 123.829562 30.136523
81 -35.098923 123.278310 30.136523
82 -34.644159 122.733081 30.136523
83 -34.267546 122.291990 30.136523
84 -34.181725 122.142592 30.136523
85 -34.282571 121.782595 29.946787
86 -34.657072 121.290555 30.454721
87 -35.090702 120.897990 30.454721
88 -35.610384 120.407165 30.454721
89 -36.073991 119.866566 30.454721
90 -36.304259 119.533509 30.454721
91 -36.650942 118.989610 30.454721
92 -37.016884 118.473767 30.454721
93 -37.333843 118.055452 30.454721
94 -37.678156 117.516251 30.454721
95 -37.757985 117.420123 30.454721
96 -38.049896 117.051791 30.454721
97 -38.380808 116.543254 30.454721
98 -38.421704 116.409550 30.454721
99 -38.554031 116.005884 30.454721
100 -38.808751 115.440919 30.454721
101 -39.110620 114.913785 30.454721
102 -39.196115 114.790539 30.454721
103 -39.455456 114.441327 30.454721
104 -39.764044 113.965774 30.454721
105 -40.012052 113.468088 30.454721
106 -40.058416 113.238197 30.454721
107 -40.014801 112.782972 30.454721
108 -39.744551 112.216156 30.454721
109 -39.420645 111.726111 30.454721
110 -39.247230 111.481378 30.454721
111 -39.015666 111.143137 30.454721
112 -38.733088 110.656820 30.454721
113 -38.678102 110.533525 30.454721
114 -38.487063 110.098640 30.454721
115 -38.216600 109.543613 30.454721
116 -37.920268 109.021921 30.454721
117 -37.863694 108.899349 30.454721
118 -37.699875 108.523582 30.454721
119 -37.499766 108.027449 30.454721
120 -37.410993 107.828890 30.454721
121 -37.197303 107.338440 30.454721
122 -36.985021 106.817607 30.454721
123 -36.921618 106.695617 30.454721
124 -36.750489 106.334141 30.454721
125 -36.504163 105.773400 30.454721
126 -36.272903 105.387572 30.454721
127 -35.850479 104.675431 30.454721
128 -35.830968 104.628040 30.454721
129 -35.830968 104.628040 30.454721
130 -35.850839 104.626008 30.454721
131 -35.982692 104.699804 30.454721
132 -36.032268 105.099069 30.454721
133 -35.623685 105.576105 30.454721
134 -35.062657 105.900031 30.454721
135 -34.449202 106.114742 30.454721
136 -33.827987 106.305721 30.454721
137 -33.269485 106.479596 30.454721
138 -32.376175 106.868022 30.454721
139 -32.237477 106.947315 30.454721
140 -32.138355 107.097888 32.048870
141 -32.120440 107.551731 32.048870
142 -32.164318 108.062263 32.048870
143 -32.117792 108.595698 32.048870
144 -31.855855 109.136335 32.048870
145 -31.523524 109.632744 32.048870
146 -31.418624 109.797123 32.048870
147 -31.195487 110.144037 32.048870
148 -30.957268 110.611109 32.048870
149 -30.779495 111.119465 32.048870
150 -30.766850 111.141031 32.048870
151 -30.717864 111.165493 32.048870
152 -30.584098 111.138646 32.048870
153 -30.461746 110.868797 32.048870
154 -30.375573 110.357365 32.048870
155 -30.364771 109.842538 32.048870
156 -30.342845 109.566020 32.048870
157 -30.258592 109.139561 32.048870
158 -30.139756 108.677105 32.048870
159 -30.081742 108.490962 32.048870
160 -29.821648 107.656507 32.048870
161 -29.807171 107.598280 32.048870
162 -29.671256 107.029488 32.048870
163 -29.695330 106.804259 32.048870
164 -29.865456 106.470085 32.175924
165 -30.052422 105.964562 32.175924
166 -30.086894 105.574121 32.175924
167 -30.033995 105.319759 33.165797
168 -29.981756 104.913361 33.165797
169 -29.984847 104.668380 33.165797
170 -29.990522 104.218416 33.724324
172 -29.988804 103.553548 34.807615
172 -29.987661 103.518567 34.807615
173 -30.005778 103.084542 34.807615
174 -30.084310 102.667033 34.807615
175 -30.096759 102.487477 34.807615
176 -30.105898 102.082605 35.426121
177 -30.093648 101.567876 35.426121
178 -30.093643 101.312876 35.426121
179 -30.093635 100.862876 36.237688
180 -30.089924 100.397907 36.237688
181 -30.058577 100.200458 37.200135
183 -30.035518 99.177399 37.968014
184 -30.057151 98.993722 37.968014
185 -30.143698 98.491177 37.968014
186 -30.185017 98.043347 37.968014
187 -30.190044 97.653454 39.360006
188 -30.186984 97.348509 39.360006
189 -30.200723 96.873708 40.104490
190 -30.228589 96.414564 40.104490
191 -30.239900 96.057299 40.104490
192 -30.236657 95.789818 41.077610
193 -30.230292 95.264857 41.077610
195 -30.232754 94.460070 42.665327
196 -30.230702 94.365093 42.665327
197 -30.408045 94.232735 42.665327
198 -30.878825 94.319911 42.933088
199 -31.430155 94.614542 43.024761
200 -31.742740 94.989514 43.024761
201 -32.176532 95.424172 43.024761
202 -32.777997 95.663197 43.024761
203 -33.394339 95.853273 43.024761
204 -34.022955 96.006751 43.024761
205 -34.601214 96.075657 43.024761
208 -36.474016 96.041562 43.024761
209 -36.621828 96.053880 43.024761
210 -36.641617 96.086515 43.024761
211 -36.598823 96.180237 43.024761
212 -36.285748 96.268346 43.024761
213 -35.699272 96.262869 43.024761
214 -35.056080 96.170659 43.024761
215 -34.423605 96.032212 43.024761
216 -33.856917 95.887032 43.024761
217 -33.163538 95.712797 43.024761
218 -32.463805 95.578871 43.024761
221 -31.459439 94.886838 43.024761
222 -31.365285 94.469067 43.024761
223 -31.354998 94.192391 43.024761
224 -31.381044 93.903684 43.024761
225 -31.380617 93.408809 43.024761
226 -31.365342 93.016646 43.024761
227 -31.322476 92.635423 43.384906
228 -31.310850 92.328162 43.384906
229 -31.290565 91.908694 44.203734
230 -31.290446 91.683697 44.203734
231 -31.277756 91.203904 44.203734
234 -31.112861 90.105741 45.945295
235 -31.113696 89.816669 45.945295
236 -31.168295 89.608800 45.945295
237 -31.208090 89.096315 47.082588
238 -31.170470 88.593244 47.082588
239 -31.109429 88.152566 47.082588
240 -31.066439 87.820758 47.784622
241 -30.966726 87.532525 47.784622
242 -30.807033 87.085219 48.754591
243 -30.632115 86.679123 48.754591
244 -30.536377 86.350390 48.754591
247 -30.350578 85.292173 50.639610
248 -30.311557 84.934414 50.639610
249 -30.319563 84.635266 50.639610
250 -30.356307 84.244717 51.571020
251 -30.354214 83.832556 51.571020
252 -30.346980 83.580359 51.571020
253 -30.351278 83.250403 52.576136
254 -30.328194 82.753600 52.576136
255 -30.309286 82.528157 52.576136
256 -30.281109 82.144287 53.581808
257 -30.269167 81.684443 53.581808
261 -30.226961 80.401065 55.576345
262 -30.223134 79.986158 55.576345
263 -30.173167 79.782607 55.576345
264 -30.030578 79.340024 55.576345
265 -29.914144 79.010181 55.576345
266 -29.769762 78.730224 56.532912
267 -29.560366 78.282201 56.532912
268 -29.484441 78.049264 57.339429
269 -29.366879 77.680036 57.339429
270 -29.246180 77.258931 57.339429
271 -29.177351 76.956709 58.283875
275 -28.774432 75.158445 60.305308
276 -28.740461 74.961395 60.305308
277 -28.730420 74.612654 60.305308
278 -28.819149 74.047106 60.305308
279 -28.859208 73.877034 61.317943
280 -28.941542 73.475858 61.317943
281 -28.977297 72.847242 62.140568
282 -28.972885 72.377281 62.140568
283 -28.943647 72.109771 63.162728
284 -28.884585 71.674141 63.162728
285 -28.877462 71.394360 63.162728
290 -28.902240 69.318462 65.074804
291 -28.891076 69.178908 65.074804
292 -28.899234 68.685523 66.147790
293 -28.954819 68.391166 66.147790
294 -29.048422 68.059268 66.147790
295 -29.116386 67.519087 66.992016
296 -29.113417 67.254566 66.992016
297 -29.081881 66.870912 68.064162
298 -29.069146 66.376090 68.064162
299 -29.061095 65.781149 68.064162
300 -29.042072 65.241560 68.859641
306 -29.015784 63.289894 71.033022
307 -29.034875 62.805637 71.033022
308 -29.095361 62.359732 72.050331
309 -29.154562 62.132355 72.050331
310 -29.218235 61.626852 72.861583
311 -29.211716 61.382253 72.861583
312 -29.185250 61.003196 73.829603
313 -29.169878 60.433420 73.829603
314 -29.182426 60.233814 73.829603
315 -29.198961 59.809161 74.897865
316 -29.203302 59.274189 74.897865
321 -29.136638 56.632407 77.904109
322 -29.172491 56.376839 77.904109
323 -29.260567 56.002270 77.904109
324 -29.320241 55.390582 79.018291
325 -29.310725 55.245936 79.018291
326 -29.283372 54.846914 79.018291
327 -29.269250 54.267097 79.848921
328 -29.270041 54.002150 79.848921
329 -29.279325 53.637268 80.822338
330 -29.301032 53.122788 80.822338
331 -29.294514 52.642854 80.822338
338 -29.224928 49.924723 83.854697
339 -29.222094 49.754747 83.854697
340 -29.246152 49.336004 84.917432
341 -29.326240 48.716164 84.917432
342 -29.371936 48.248424 84.917432
343 -29.386660 47.818851 85.767420
344 -29.377381 47.314023 86.828856
345 -29.382499 47.136724 86.828856
346 -29.397614 46.727021 86.828856
347 -29.389068 46.167183 87.848565
348 -29.372663 45.983252 87.848565
356 -29.319253 42.812918 90.860609
357 -29.363385 42.602678 90.860609
358 -29.457194 42.142329 91.880413
359 -29.505701 41.644862 91.880413
360 -29.509600 41.345170 91.880413
361 -29.483295 41.036330 92.861242
362 -29.469753 40.521531 92.861242
363 -29.482479 40.331959 93.881043
364 -29.499726 39.907334 93.881043
365 -29.491954 39.647713 93.881043
366 -29.450786 39.154435 94.862270
376 -29.443621 35.486168 97.883453
377 -29.476033 35.309566 97.883453
378 -29.571961 34.844661 98.352684
379 -29.614717 34.329135 98.352684
380 -29.617716 33.804201 98.430739
381 -29.608471 33.284284 98.430739
382 -29.610795 32.904340 98.510357
383 -29.597353 32.389652 98.510357
384 -29.558784 32.097294 98.510357
385 -29.523598 31.681512 98.510357
386 -29.525623 31.486705 98.510357
396 -29.481501 27.576692 98.632704
397 -29.481501 27.576692 98.632704
398 -29.491321 27.574802 98.758546
399 -29.617118 27.633833 98.758546
400 -29.681069 27.916487 98.758546
401 -29.668443 28.393072 98.758546
402 -29.592337 28.874549 98.758546
403 -29.580074 29.351227 98.758546
404 -29.596989 29.790794 98.758546
405 -29.624341 30.016631 98.758546
406 -29.711327 30.503836 98.758546
416 -30.710948 34.260381 98.758546
417 -30.823546 34.612413 98.758546
418 -30.905847 34.895643 98.758546
419 -31.077262 35.436489 98.758546
420 -31.218718 35.818378 98.758546
421 -31.305495 36.058901 98.758546
422 -31.408522 36.440046 98.758546
423 -31.539565 36.731115 98.758546
424 -31.914735 37.041609 98.758546
425 -32.472909 37.141190 98.758546
426 -33.119140 37.107283 98.758546
438 -40.315782 37.475105 98.758546
439 -40.384614 37.502701 98.758546
440 -40.424371 37.590008 98.758546
441 -40.332087 37.709541 98.758546
442 -39.999657 37.798578 98.758546
443 -39.341487 37.794406 98.758546
444 -38.701608 37.736486 98.758546
445 -38.058530 37.687103 98.758546
446 -37.411557 37.663929 98.758546
447 -36.764184 37.675468 98.758546
448 -36.117081 37.697643 98.758546
459 -30.751845 39.856248 98.758546
460 -30.550854 40.355666 98.758546
461 -30.448747 40.824652 98.758546
462 -30.365055 41.059623 98.758546
463 -30.197715 41.503790 98.758546
464 -30.098496 41.875515 98.758546
465 -29.992129 42.129095 98.758546
466 -29.838116 42.641010 98.758546
467 -29.742165 43.157120 98.758546
468 -29.664959 43.590174 98.758546
469 -29.590332 43.865201 98.758546
480 -28.512906 48.455610 98.758546
481 -28.507615 48.975476 98.758546
482 -28.527705 49.570129 98.758546
483 -28.535124 50.020068 98.758546
484 -28.536653 50.442492 98.758546
485 -28.527356 50.692319 98.758546
486 -28.514536 51.142081 98.758546
487 -28.514525 51.446937 98.758546
488 -28.500624 51.781623 98.758546
489 -28.496035 52.291590 98.758546
490 -28.495294 52.614060 98.758546
501 -27.908856 56.583410 98.758546
502 -27.768979 57.145886 98.758546
503 -27.460124 57.666070 98.758546
504 -26.862938 58.043309 98.758546
505 -26.303523 58.204240 98.758546
506 -25.667770 58.326412 98.758546
507 -25.025107 58.423312 98.758546
508 -24.383094 58.524854 98.758546
509 -23.744789 58.647417 98.758546
510 -23.172297 58.767710 98.758546
511 -22.475123 58.870674 98.758546
523 -21.719104 58.916006 98.758546
524 -21.719104 58.916006 98.758546
525 -21.719104 58.916006 98.758546
526 -21.719104 58.916006 98.758546
527 -21.719104 58.916006 98.758546
528 -21.719104 58.916006 98.758546
529 -21.730085 58.932706 98.758546
530 -21.897454 59.030978 98.758546
531 -22.354254 59.115961 98.758546
532 -22.987382 59.066536 98.758546
533 -23.620608 58.920297 98.758546
545 -28.591558 55.570956 98.758546
546 -28.664827 55.434602 98.758546
547 -28.864389 55.105413 98.758546
548 -29.058939 54.645662 98.758546
549 -29.090160 54.488745 98.758546
550 -29.225511 54.012820 98.758546
551 -29.307286 53.713907 98.758546
552 -29.411862 53.374698 98.758546
553 -29.533269 52.928538 98.758546
554 -29.594415 52.759574 98.758546
555 -29.774206 52.385563 98.758546
566 -31.037862 47.973765 98.758546
567 -31.077496 47.681773 98.758546
568 -31.183622 47.218810 98.758546
569 -31.249714 46.970290 98.758546
570 -31.370846 46.668713 98.758546
571 -31.596959 46.102211 98.758546
572 -31.703440 45.805930 98.758546
573 -31.822105 45.536679 98.758546
574 -32.230134 45.131532 98.758546
575 -32.825028 44.883224 98.758546
576 -33.461029 44.763030 98.758546
588 -40.795277 43.060719 98.758546
589 -41.428831 42.915457 98.758546
590 -41.994775 42.767570 98.758546
591 -42.685500 42.583115 98.758546
592 -43.376671 42.401341 98.758546
593 -43.955161 42.109464 98.758546
594 -44.419002 41.753253 98.758546
595 -44.902368 41.319292 98.758546
596 -45.259536 40.863103 98.758546
597 -45.346045 40.705258 98.758546
598 -45.572415 40.299092 98.758546
609 -46.727848 38.071190 98.758546
610 -46.727848 38.071190 98.758546
611 -46.727848 38.071190 98.758546
612 -46.727848 38.071190 98.758546
613 -46.799318 38.088701 98.758546
614 -46.891170 38.345797 98.758546
615 -46.693234 38.781466 98.758546
616 -46.303315 39.292019 98.758546
617 -45.807468 39.712099 98.758546
618 -45.307585 40.127483 98.758546
619 -44.835891 40.574504 98.758546
631 -38.151416 43.564142 98.758546
632 -37.519972 43.718329 98.758546
633 -36.953180 43.852672 98.758546
634 -36.263042 44.039367 98.758546
635 -35.574623 44.232294 98.758546
636 -35.005399 44.367197 98.758546
637 -34.374061 44.521675 98.758546
638 -33.749443 44.701516 98.758546
639 -33.119173 44.860241 98.758546
640 -32.484362 44.999863 98.758546
641 -31.875012 45.212543 98.758546
653 -30.036169 49.423296 98.758546
654 -29.999416 49.675460 98.758546
655 -30.026467 50.258796 98.758546
656 -30.057205 50.450850 98.758546
657 -30.123196 50.799036 98.758546
658 -30.131106 51.148590 98.758546
659 -30.063458 51.399568 98.758546
660 -29.971549 51.895787 98.758546
661 -29.880073 52.335578 98.758546
662 -29.793343 52.548525 98.758546
663 -29.597327 53.051327 98.758546
675 -29.161615 57.564889 98.758546
676 -29.165471 57.989688 98.758546
677 -29.207639 58.477819 98.758546
678 -29.237062 58.956744 98.758546
679 -29.192460 59.426939 98.758546
680 -29.152456 59.756795 98.758546
681 -29.039257 60.082390 98.758546
682 -28.859102 60.617586 98.758546
683 -28.794828 60.879796 98.758546
684 -28.712136 61.142015 98.758546
685 -28.573216 61.637594 98.758546
697 -28.256416 66.215385 98.758546
698 -28.295515 66.653412 98.758546
699 -28.348235 67.075119 98.758546
700 -28.367818 67.316825 98.758546
701 -28.382379 67.806572 98.758546
702 -28.387564 68.296539 98.758546
703 -28.374748 68.701337 98.758546
704 -28.376152 69.166293 98.758546
705 -28.372960 69.615927 98.758546
706 -28.340862 69.868897 98.758546
707 -28.303971 70.322311 98.758546
719 -28.301604 75.025888 98.758546
720 -28.304107 75.415703 98.758546
721 -28.369295 75.712377 98.758546
722 -28.521842 75.925875 98.758546
723 -28.948957 76.125587 98.758546
724 -29.553773 76.356398 98.758546
725 -30.157358 76.583676 98.758546
726 -30.709918 76.767978 98.758546
727 -31.389653 76.981515 98.758546
728 -32.073659 77.180989 98.758546
729 -32.629872 77.353959 98.758546
741 -40.298262 79.705267 98.801267
742 -40.307904 79.707918 98.801267
743 -40.375081 79.670730 98.801267
744 -40.499919 79.316984 98.801267
745 -40.476157 78.738087 98.801267
746 -40.418122 78.405929 98.801267
747 -40.327615 78.127794 98.801267
748 -40.176458 77.604333 98.801267
749 -40.122192 77.367481 98.801267
750 -40.065728 77.037281 98.801267
751 -39.919836 76.479048 98.801267
765 -39.210347 71.181284 98.801267
766 -39.208458 71.171464 98.801267
767 -39.301623 71.084705 98.801267
768 -39.487085 71.125532 98.801267
769 -39.635220 71.455656 98.801267
770 -39.681938 71.917421 98.801267
771 -39.678051 72.134675 98.801267
772 -39.658946 72.514136 98.674264
773 -39.665006 72.849058 98.674264
774 -39.682704 73.183383 98.674264
775 -39.791267 73.650217 98.674264
790 -43.558092 79.996601 98.716211
791 -43.590214 80.082584 98.716211
792 -43.514814 80.224994 98.931746
793 -43.147302 80.345412 98.931746
794 -42.595158 80.374054 98.931746
795 -41.891421 80.280751 98.931746
796 -41.186496 80.177474 98.931746
797 -40.610905 80.088194 98.758546
798 -39.966860 80.022590 98.758546
799 -39.322521 79.994298 98.758546
800 -38.680353 79.973661 98.758546
815 -30.919818 82.657746 98.758546
816 -30.790158 82.993580 98.758546
817 -30.638933 83.516775 98.758546
818 -30.577193 83.732959 98.758546
819 -30.424440 84.058757 98.758546
820 -30.183639 84.645614 98.758546
821 -30.146813 84.780683 98.758546
822 -30.017363 85.185414 98.758546
823 -29.847868 85.639771 98.758546
824 -29.683648 86.127616 98.758546
825 -29.600435 86.373568 98.716211
840 -28.047644 92.150885 98.758546
841 -28.083880 92.352013 98.758546
842 -28.163444 92.794109 98.758546
843 -28.163391 93.318728 98.758546
844 -28.120720 93.781646 98.758546
845 -28.052141 94.352524 98.758546
846 -27.933886 94.791160 98.758546
847 -27.844923 95.191283 98.758546
848 -27.769462 95.424264 98.758546
849 -27.640812 95.760116 98.758546
850 -27.202096 96.164742 98.758546
866 -25.521816 92.913925 98.758546
867 -25.521816 92.913925 98.758546
868 -25.521816 92.913925 98.758546
869 -25.457617 92.960571 98.758546
870 -25.370494 93.278877 98.758546
871 -25.398458 93.747729 98.758546
872 -25.467468 93.972016 98.758546
873 -25.608151 94.393726 98.758546
874 -25.632243 94.551900 98.758546
875 -25.709243 95.040851 98.758546
876 -25.814054 95.626346 98.758546
891 -29.920552 102.073168 98.758546
892 -30.240201 102.592680 98.758546
893 -30.364632 102.797867 98.758546
894 -30.531963 103.076412 98.758546
895 -30.830251 103.579648 98.758546
896 -31.180524 104.090491 98.758546
897 -31.645882 104.626134 98.758546
898 -32.050415 104.937389 98.758546
899 -32.651669 105.163310 98.758546
900 -33.363584 105.214703 98.758546
901 -34.070339 105.119944 98.758546
917 -39.830725 101.749060 98.758546
918 -39.687398 101.664196 98.758546
919 -39.339265 101.620498 98.758546
920 -38.700055 101.835979 98.758546
921 -38.084504 102.199474 98.758546
922 -37.586278 102.506056 98.758546
923 -37.029178 102.840881 98.758546
924 -36.459752 103.154187 98.758546
925 -35.882967 103.453818 98.758546
926 -35.317278 103.773733 98.758546
927 -34.748251 104.204266 98.758546
942 -30.772329 100.531941 98.758546
943 -30.789599 100.189989 98.758546
944 -30.826535 99.892291 98.758546
945 -30.855263 99.418247 98.758546
946 -30.860647 98.838309 98.758546
947 -30.853578 98.238352 98.758546
948 -30.854920 97.923409 98.758546
949 -30.852098 97.613437 98.758546
950 -30.829250 97.098952 98.758546
951 -30.824690 96.779101 98.758546
952 -30.840724 96.464515 98.758546
968 -30.836452 90.331076 98.758546
969 -30.877133 89.958417 98.758546
970 -30.928563 89.785975 98.758546
971 -31.024143 89.280730 98.758546
972 -31.027197 88.856047 98.758546
973 -31.013320 88.621606 98.758546
974 -31.009724 88.121627 98.758546
975 -31.008367 87.671647 98.758546
976 -31.018190 87.441857 98.758546
977 -31.035152 87.002188 98.758546
978 -31.031958 86.729707 98.758546
994 -32.612474 80.764774 98.758546
995 -33.211220 80.518309 98.758546
996 -33.799149 80.241356 98.758546
997 -34.342498 80.026172 98.758546
998 -35.038651 79.892403 98.758546
999 -35.750224 79.862199 98.758546
1000 -36.395219 79.859708 98.758546
1001 -36.980214 79.857448 98.758546
1002 -37.625210 79.854956 98.758546
1003 -38.272701 79.855060 98.758546
1004 -38.920182 79.860056 98.758546
1019 -48.962367 79.795672 98.758546
1020 -48.971091 79.790784 98.758546
1021 -49.125025 79.598242 98.758546
1022 -49.174161 79.102958 98.758546
1023 -49.134549 78.846341 98.758546
1024 -48.969706 78.476910 98.758546
1025 -48.729371 78.015828 98.758546
1026 -48.582446 77.549849 98.758546
1027 -48.533224 77.143264 98.758546
1028 -48.509717 76.849223 98.758546
1029 -48.425335 76.321036 98.758546
1045 -48.292495 70.399378 98.758546
1046 -48.396242 70.139404 98.758546
1047 -48.576754 69.594336 98.758546
1048 -48.627515 69.218174 98.758546
1049 -48.682990 68.741536 98.758546
1050 -48.783934 68.191059 98.758546
1051 -48.894902 67.854475 98.758546
1052 -49.049572 67.568743 98.758546
1053 -49.322227 67.068240 98.758546
1054 -49.486580 66.748059 98.758546
1055 -49.652218 66.451170 98.758546
1072 -49.968578 65.547666 98.758546
1073 -49.842413 65.488965 98.758546
1074 -49.473180 65.496937 98.758546
1075 -49.106361 65.885361 98.758546
1076 -49.027982 66.315377 98.758546
1077 -48.992253 66.445537 98.758546
1078 -48.834577 66.888103 98.758546
1079 -48.621627 67.378737 98.758546
1080 -48.536488 67.542977 98.758546
1081 -48.325784 67.968667 98.758546
1082 -48.062626 68.445748 98.758546
1098 -44.670338 74.613052 98.758546
1099 -44.485922 75.077577 98.758546
1100 -44.324206 75.352749 98.758546
1101 -44.130434 75.594722 98.758546
1102 -43.910045 75.866626 98.758546
1103 -43.910045 75.866626 98.758546
1104 -43.833099 76.106990 98.758546
1105 -43.602579 76.499604 98.758546
1106 -43.070813 76.862797 98.758546
1107 -42.447259 77.024335 98.758546
1108 -41.873879 77.140281 98.758546
1125 -31.714716 81.057824 98.674264
1126 -31.461297 81.468939 98.674264
1127 -31.334481 81.892554 98.674264
1128 -31.341447 82.087240 98.674264
1129 -31.375088 82.495852 98.674264
1130 -31.399931 83.025170 98.674264
1131 -31.399761 83.300169 98.674264
1132 -31.400772 83.805168 98.674264
1133 -31.407248 84.250048 98.674264
1134 -31.416162 84.689944 98.674264
1135 -31.410634 84.944884 98.674264
1152 -31.519932 92.206511 98.674264
1153 -31.513218 92.548894 98.674264
1154 -31.504540 93.016309 98.674264
1155 -31.485326 93.227938 98.674264
1156 -31.464751 93.717296 98.674264
1157 -31.475567 94.142051 98.674264
1158 -31.455781 94.345647 98.674264
1159 -31.405927 94.797511 98.674264
1160 -31.407512 95.352312 98.674264
1161 -31.444880 95.835865 98.674264
1162 -31.484905 96.025812 98.674264
1178 -30.910898 102.633367 98.674264
1179 -31.014246 103.014558 98.674264
1180 -31.126714 103.465569 98.674264
1181 -31.277437 103.944398 98.674264
1182 -31.523547 104.395071 98.674264
1183 -31.972311 104.924773 98.674264
1184 -32.481240 105.196282 98.674264
1185 -33.180377 105.303872 98.953981
1186 -33.760203 105.292661 98.953981
1187 -34.407031 105.263425 98.953981
1188 -35.053679 105.231214 98.953981
1205 -44.400484 104.478875 98.953981
1206 -44.400484 104.478875 98.953981
1207 -44.359442 104.450723 98.953981
1208 -44.274619 104.432322 98.953981
1209 -44.155374 104.468144 98.953981
1210 -44.044932 104.544318 98.953981
1211 -43.986008 104.654179 98.953981
1212 -43.965241 104.816821 98.953981
1213 -43.979907 105.048764 98.953981
1214 -43.865250 105.487838 98.953981
1215 -43.355893 105.817189 98.953981
1232 -32.524658 105.079882 98.953981
1233 -31.988451 104.855075 98.953981
1234 -31.542467 104.396005 98.953981
1235 -31.370840 104.035604 98.953981
1236 -31.268670 103.748230 98.953981
1237 -31.106422 103.291194 98.953981
1238 -30.976500 102.868339 98.953981
1239 -30.887042 102.587297 98.953981
1240 -30.735040 102.074591 98.953981
1241 -30.630136 101.626757 98.953981
1242 -30.492187 101.045621 98.953981
1259 -29.766925 94.914200 98.953981
1260 -29.800056 94.446430 98.953981
1261 -29.872430 93.987135 98.953981
1262 -29.935978 93.451085 98.953981
1263 -29.949603 92.959006 98.953981
1264 -29.916599 92.693679 98.953981
1265 -29.881094 92.210181 98.953981
1266 -29.872947 91.840360 98.953981
1267 -29.885931 91.630763 98.953981
1268 -29.892589 91.105981 98.953981
1269 -29.872598 90.551344 98.953981
1286 -29.798360 84.249002 98.953981
1287 -29.826648 83.794965 98.953981
1288 -29.886395 83.567821 98.953981
1289 -29.946315 83.137654 98.953981
1290 -29.920404 82.698862 98.953981
1291 -29.881952 82.472541 98.953981
1292 -29.829165 82.061384 98.953981
1293 -29.815542 81.546621 98.953981
1294 -29.822354 81.021703 98.953981
1295 -29.806210 80.907861 98.953981
1296 -29.769355 80.454740 98.953981
1313 -29.695979 73.654774 98.953981
1314 -29.719532 73.140605 98.953981
1315 -29.751546 72.912890 98.953981
1316 -29.791655 72.555226 98.953981
1317 -29.805444 71.990621 98.953981
1318 -29.777853 71.486377 98.953981
1319 -29.774748 71.311407 98.953981
1320 -29.759786 70.916691 98.953981
1321 -29.754129 70.589287 98.953981
1322 -29.741909 70.174499 98.953981
1323 -29.720086 69.720023 98.953981
1339 -29.602780 63.457887 98.953981
1340 -29.622089 63.114039 98.953981
1341 -29.706935 62.784951 98.953981
1342 -29.747652 62.222396 98.953981
1343 -29.715635 62.076002 98.953981
1344 -29.638423 61.648384 98.953981
1345 -29.625544 61.428986 98.953981
1346 -29.631482 61.069051 98.953981
1347 -29.617111 60.469238 98.953981
1348 -29.602984 59.994448 98.953981
1349 -29.599311 59.687024 98.953981
1366 -29.410802 52.284345 98.953981
1367 -29.457572 51.853264 98.953981
1368 -29.548818 51.346825 98.953981
1369 -29.549360 51.138172 98.953981
1370 -29.490537 50.788235 98.953981
1371 -29.461005 50.474835 98.953981
1372 -29.453578 50.169926 98.953981
1373 -29.440154 49.630093 98.953981
1374 -29.435829 49.307672 98.953981
1375 -29.441339 48.962716 98.953981
1376 -29.432222 48.480345 98.953981
1393 -29.276679 42.234307 98.953981
1394 -29.301151 41.815338 98.953981
1395 -29.354345 41.581512 98.953981
1396 -29.410761 41.115846 98.953981
1397 -29.403885 40.816652 98.953981
1398 -29.343448 40.543461 98.953981
1399 -29.311422 40.109945 98.953981
1400 -29.325695 39.840322 98.953981
1401 -29.334368 39.335529 98.953981
1402 -29.323750 39.040908 98.953981
1403 -29.266645 38.754094 98.953981
1420 -29.018317 31.600499 98.953981
1421 -28.978522 31.349006 98.953981
1422 -28.983111 30.894196 98.953981
1423 -28.996284 30.344366 98.953981
1424 -28.980507 29.939678 98.953981
1425 -28.943029 29.531615 98.953981
1426 -28.867360 29.246612 98.953981
1427 -28.818048 28.834872 98.953981
1428 -28.812468 28.622456 98.953981
1429 -28.773804 28.149325 98.953981
1430 -28.673711 27.671433 98.953981
1447 -27.407696 21.323694 104.097504
1448 -27.327068 21.198746 104.097504
1449 -27.172423 21.108493 104.097504
1450 -26.760947 21.030788 105.198148
1451 -26.124292 20.998910 105.198148
1452 -25.475740 20.958239 105.548332
1453 -24.834496 20.853959 105.548332
1454 -24.265836 20.716947 105.762424
1455 -23.576242 20.528085 106.943398
1456 -22.958184 20.335152 106.943398
1457 -22.337263 20.151599 106.797427
1475 -15.055370 17.948617 110.105088
1476 -15.055370 17.948617 110.105088
1477 -15.055370 17.948617 110.105088
1478 -15.029324 17.963390 110.105088
1479 -14.969675 18.029758 110.105088
1480 -14.954756 18.076484 110.105088
1481 -14.978141 18.143861 110.105088
1482 -15.241179 18.268598 110.105088
1483 -15.806330 18.316211 110.105088
1484 -16.450292 18.283421 110.105088
1485 -17.158951 18.241032 110.105088
1494 -23.196586 18.858880 110.105088
1495 -23.764294 18.981832 110.105088
1496 -24.296481 19.348185 110.105088
1497 -24.771829 19.791470 110.105088
1498 -25.254117 20.227149 110.105088
1499 -25.818649 20.665424 110.105088
1500 -26.296407 21.003015 110.105088
1501 -26.769945 21.346378 110.105088
1502 -27.309668 21.806382 110.105088
1503 -27.649053 22.317153 110.105088
1504 -27.725021 22.507196 110.105088
1522 -28.331389 29.873752 110.105088
1523 -28.336119 30.118688 110.105088
1524 -28.366850 30.622737 110.105088
1525 -28.397044 30.830479 110.105088
1526 -28.428635 31.269055 110.105088
1527 -28.439106 31.773946 110.105088
1528 -28.455243 31.933131 110.105088
1529 -28.479699 32.432376 110.105088
1530 -28.471059 32.862240 110.105088
1531 -28.449723 33.251638 110.105088
1532 -28.454912 33.719108 110.105088
1549 -28.545567 40.561976 110.822788
1550 -28.542497 41.066954 110.822788
1551 -28.550405 41.306643 110.822788
1552 -28.579040 41.695570 110.822788
1553 -28.610772 42.249639 110.822788
1554 -28.616581 42.594523 110.822788
1555 -28.614646 42.899517 110.822788
1556 -28.607456 43.284385 110.822788
1557 -28.598883 43.669272 110.822788
1558 -28.597988 44.144269 110.822788
1559 -28.599678 44.684266 110.822788
1577 -28.726332 51.765481 110.822788
1578 -28.762008 52.273779 110.822788
1579 -28.820445 52.633928 110.822788
1580 -28.906438 52.931677 110.822788
1581 -28.969774 53.406568 110.822788
1582 -28.971965 53.651393 110.822788
1583 -28.956641 53.981027 110.822788
1584 -28.950476 54.335931 110.822788
1585 -28.958540 54.630820 110.822788
1586 -28.962873 55.125703 110.822788
1587 -28.963773 55.358079 110.822788
1605 -29.097029 62.255173 110.822788
1606 -29.118112 62.749622 110.822788
1607 -29.115154 63.149611 110.822788
1608 -29.102061 63.574317 110.822788
1609 -29.108222 63.909260 110.822788
1610 -29.116591 64.364183 110.822788
1611 -29.107433 64.834093 110.822788
1612 -29.102894 65.299069 110.822788
1613 -29.110938 65.523925 110.822788
1614 -29.125400 65.938672 110.822788
1615 -29.137790 66.513539 110.822788
1632 -29.197755 73.331693 110.822788
1633 -29.197542 73.801690 110.822788
1634 -29.205483 74.006374 110.822788
1635 -29.226813 74.375665 110.822788
1636 -29.236231 74.925573 110.822788
1637 -29.234073 75.210509 110.822788
1638 -29.231852 75.580456 110.822788
1639 -29.238996 76.085399 110.822788
1640 -29.227958 76.299977 110.822788
1641 -29.210040 76.809482 110.822788
1642 -29.222959 77.274280 110.822788
1660 -29.327076 84.352550 110.822788
1661 -29.350672 84.655713 110.822788
1662 -29.448692 84.944416 110.822788
1663 -29.519292 85.362777 110.822788
1664 -29.531272 85.627461 110.822788
1665 -29.538409 86.117398 110.822788
1666 -29.534152 86.599787 110.822788
1667 -29.519319 87.062049 110.822788
1668 -29.510101 87.549402 110.822788
1669 -29.518084 87.886808 110.822788
1670 -29.528846 88.341680 110.822788
1688 -29.659022 94.899284 110.822788
1689 -29.657545 95.368834 110.822788
1690 -29.705220 95.791089 110.822788
1691 -29.734966 96.240053 110.822788
1692 -29.732748 96.430031 110.822788
1693 -29.753824 96.844429 110.822788
1694 -29.778002 97.333775 110.822788
1695 -29.823907 97.629430 110.822788
1696 -29.911598 98.055382 110.822788
1697 -29.960927 98.447258 110.822788
1698 -29.965960 98.659694 110.822788
1715 -32.008485 105.430612 110.107994
1716 -32.477136 105.880839 110.107994
1717 -32.955552 106.320857 110.107994
1718 -33.427331 106.767923 110.107994
1719 -33.846542 107.175948 110.107994
1720 -34.353970 107.679671 110.107994
1721 -34.864995 108.179734 110.107994
1722 -35.278377 108.590081 110.107994
1723 -35.769842 109.015335 110.107994
1724 -36.258336 109.444081 110.107994
1725 -36.711840 109.909292 110.107994
1743 -40.371116 116.124053 110.822788
1744 -40.602919 116.671838 110.822788
1745 -40.874740 117.143657 110.822788
1746 -41.233797 117.694404 110.822788
1747 -41.473264 118.060519 110.822788
1748 -41.629515 118.298865 110.822788
1749 -41.922681 118.793354 110.822788
1750 -42.027768 119.016726 110.822788
1751 -42.134755 119.334119 110.822788
1752 -42.349131 119.790709 110.822788
1753 -42.746245 120.371707 110.822788
1771 -45.434586 125.671677 110.822788
1772 -45.280473 125.593276 110.822788
1773 -45.123102 125.178263 110.822788
1774 -45.071209 124.850203 110.822788
1775 -45.037340 124.521955 110.822788
1776 -44.983213 124.070186 110.822788
1777 -44.927965 123.745953 110.822788
1778 -44.790379 123.402497 110.822788
1779 -44.662463 122.966781 110.822788
1780 -44.602906 122.711277 110.822788
1781 -44.503788 122.349633 110.822788
1799 -39.021399 113.935596 110.822788
1800 -38.862612 113.601420 110.822788
1801 -38.611666 113.042706 110.822788
1802 -38.550991 112.870938 110.822788
1803 -38.412056 112.458999 110.822788
1804 -38.165998 111.961855 110.822788
1805 -37.857933 111.474142 110.822788
1806 -37.482849 110.871494 110.822788
1807 -37.400835 110.716954 110.822788
1808 -37.227460 110.362049 110.822788
1809 -36.933114 109.810873 110.822788
1828 -31.148796 102.328580 110.822788
1829 -31.058506 101.918431 110.822788
1830 -30.992580 101.407939 110.822788
1831 -30.993587 101.255442 110.822788
1832 -30.996472 100.787951 110.822788
1833 -30.997711 100.319203 110.822788
1834 -30.990086 100.119348 110.822788
1835 -30.973175 99.644655 110.822788
1836 -30.964099 99.084735 110.822788
1837 -30.977262 98.589946 110.822788
1838 -30.975368 98.427457 110.822788
1856 -30.978655 91.759638 110.822788
1857 -31.022547 91.372526 110.822788
1858 -31.095829 90.918450 110.822788
1859 -31.113938 90.704250 110.822788
1860 -31.165634 90.217011 110.822788
1861 -31.176603 89.942282 110.822788
1862 -31.188175 89.532445 110.822788
1863 -31.194199 89.052545 110.822788
1864 -31.180831 88.602743 110.822788
1865 -31.182941 88.397754 110.822788
1866 -31.176376 87.907845 110.822788
1884 -31.125620 80.872457 110.822788
1885 -31.137945 80.548315 110.822788
1886 -31.243335 80.294482 110.822788
1887 -31.354427 79.757959 110.822788
1888 -31.359093 79.288214 110.822788
1889 -31.326129 78.829571 110.822788
1890 -31.289907 78.506767 110.822788
1891 -31.298093 78.241900 110.822788
1892 -31.302180 77.731924 110.822788
1893 -31.303701 77.276961 110.822788
1894 -31.308677 76.817114 110.822788
1912 -31.249554 69.615773 110.822788
1913 -31.267943 69.395118 110.822788
1914 -31.320232 69.077062 110.822788
1915 -31.367836 68.511656 110.822788
1916 -31.383823 67.909436 110.822788
1917 -31.388739 67.522031 110.822788
1918 -31.393453 67.220985 110.822788
1919 -31.374736 66.876500 110.822788
1920 -31.372332 66.376669 110.822788
1921 -31.369658 65.926814 110.822788
1922 -31.352003 65.630032 110.822788
1940 -31.688618 58.692256 110.822788
1941 -32.255991 58.267215 110.822788
1942 -32.801574 58.057124 110.822788
1943 -33.413014 57.836640 110.822788
1944 -34.015417 57.592732 110.822788
1945 -34.551041 57.357596 110.822788
1946 -35.195923 57.048834 110.822788
1947 -35.835219 56.728714 110.822788
1948 -36.351467 56.458914 110.822788
1949 -36.927208 56.157225 110.822788
1950 -37.499378 55.854122 110.822788
1969 -46.597720 50.870283 110.822788
1970 -46.597720 50.870283 110.822788
1971 -46.581134 50.839578 110.822788
1972 -46.305577 50.718749 110.822788
1973 -45.751237 50.873629 110.822788
1974 -45.164474 51.152379 110.822788
1975 -44.627852 51.517538 110.822788
1976 -44.162419 51.892002 110.822788
1977 -43.581584 52.153891 110.822788
1978 -43.004593 52.226498 110.822788
1979 -42.290882 52.197528 110.822788
1997 -31.297510 49.287945 110.822788
1998 -31.207650 48.915077 110.822788
1999 -31.147006 48.601049 110.822788
2000 -30.971466 48.001353 110.284407
2001 -30.909077 47.854534 110.284407
2002 -30.740380 47.508573 110.284407
2003 -30.649162 47.231603 110.284407
2004 -30.593508 46.898739 110.284407
2005 -30.494213 46.490937 110.284407
2006 -30.406806 46.209190 110.284407
2007 -30.224548 45.684997 110.284407
2026 -28.887884 38.749849 110.284407
2027 -28.864331 38.501549 110.284407
2028 -28.897611 37.997656 110.284407
2029 -28.918849 37.494440 110.284407
2030 -28.892225 37.026478 110.284407
2031 -28.863203 36.509295 110.284407
2032 -28.829161 36.105819 110.284407
2033 -28.829736 35.870821 110.284407
2034 -28.831634 35.410825 110.284407
2035 -28.827816 34.945857 110.284407
2036 -28.801333 34.765303 110.284407
2054 -28.638014 27.199383 110.284407
2055 -28.663763 26.895585 110.284407
2056 -28.717584 26.494200 110.284407
2057 -28.751730 26.166221 110.284407
2058 -28.742779 25.681468 110.284407
2059 -28.714433 25.469183 110.284407
2060 -28.609063 25.140697 110.284407
2061 -28.510904 24.661058 110.284407
2062 -28.451673 24.351785 110.284407
2063 -28.385330 23.977637 110.284407
2064 -28.259511 23.520108 110.284407
2083 -19.283169 21.667000 110.284407
2084 -19.029708 22.138113 110.284407
2085 -18.998500 22.536339 110.284407
2086 -19.026872 22.915205 110.284407
2087 -19.058782 23.148024 110.284407
2088 -19.109079 23.640272 110.284407
2089 -19.127533 24.169930 110.284407
2090 -19.136160 24.699850 110.284407
2091 -19.140694 25.179826 110.284407
2092 -19.131928 25.444681 110.284407
2093 -19.117181 25.904444 110.284407
2111 -19.396943 33.295729 110.284407
2112 -19.396943 33.295729 110.284407
2113 -19.396943 33.295729 110.284407
2114 -19.307909 33.249223 110.284407
2115 -19.194567 32.881154 110.284407
2116 -19.224853 32.418923 110.284407
2117 -19.282264 32.125152 110.284407
2118 -19.386426 31.806803 110.284407
2119 -19.481100 31.253814 110.284407
2120 -19.464207 31.108342 110.284407
2121 -19.353426 30.703642 110.284407
2140 -19.155413 23.372433 110.284407
2141 -19.135272 23.053069 110.284407
2142 -19.118821 22.583382 110.284407
2143 -19.138145 22.124391 110.284407
2144 -19.387449 21.476126 110.284407
2145 -19.957644 21.054769 110.284407
2146 -20.477336 20.786911 110.284407
2147 -21.077991 20.545836 110.791202
2148 -21.708465 20.415889 110.791202
2149 -22.355154 20.421242 110.791202
2150 -22.997001 20.521368 110.791202
2169 -27.820037 26.809479 110.791202
2170 -27.829401 26.843177 110.791202
2171 -27.896657 26.934451 110.791202
2172 -27.911182 26.948200 110.791202
2173 -27.911182 26.948200 110.791202
2174 -27.911182 26.948200 110.791202
2175 -27.893289 26.939322 110.791202
2176 -27.791818 26.725175 110.791202
2177 -27.784060 26.222253 110.791202
2178 -27.839020 25.857665 110.791202
2179 -27.923353 25.660044 110.791202
2198 -21.886787 19.659185 110.791202
2199 -21.268350 19.476253 110.791202
2200 -20.640504 19.318006 110.791202
2201 -20.017214 19.143047 110.791202
2202 -19.337329 18.938588 110.791202
2203 -18.783486 18.758341 110.791202
2204 -18.174488 18.538449 110.791202
2205 -17.558490 18.331038 110.791202
2206 -16.940199 18.138903 110.791202
2207 -16.327596 17.929449 110.791202
2208 -15.656657 17.689677 110.791202
2226 -9.579264 12.150227 124.096779
2227 -9.524525 12.050054 124.096779
2228 -9.543996 11.684198 124.096779
2229 -9.699014 11.184370 124.096779
2230 -10.054270 10.535725 124.280049
2231 -10.174651 10.319479 124.280049
2232 -10.335950 10.025871 124.860925
2233 -10.593917 9.506877 124.860925
2234 -10.661624 9.303239 125.635706
2235 -10.806990 8.904030 125.635706
2236 -10.992476 8.375800 126.654059
2247 -12.224343 4.477697 131.066436
2248 -12.244200 4.068198 131.066436
2249 -12.252541 3.553280 130.872497
2250 -12.247003 3.210904 130.872497
2251 -12.235294 2.931149 130.872497
2252 -12.237322 2.306752 131.260392
2253 -12.404655 1.854711 131.260392
2254 -12.529848 1.596399 131.309294
2255 -12.687123 1.347116 131.309294
2256 -12.836706 0.887279 131.260392
2257 -12.897449 0.461843 131.260392
2270 -13.591965 -3.973551 131.701217
2271 -13.591965 -3.973551 131.701217
2272 -13.591965 -3.973551 131.701217
2273 -13.591965 -3.973551 131.701217
2274 -13.596236 -3.964509 131.701217
2275 -13.581165 -3.841940 131.701217
2276 -13.257348 -3.661517 131.701217
2277 -12.751983 -3.573261 131.701217
2278 -12.119950 -3.701930 131.701217
2279 -11.505763 -3.914505 131.701217
2280 -10.904447 -4.147800 131.701217
2302 -2.008948 -6.976268 133.622044
2303 -2.008948 -6.976268 133.622044
2304 -2.081321 -7.028409 133.622044
2305 -2.398780 -7.015142 133.622044
2306 -2.951909 -6.800461 133.622044
2307 -3.498805 -6.449454 133.622044
2308 -4.026006 -6.069281 133.622044
2309 -4.561359 -5.701020 133.622044
2310 -5.134147 -5.394519 133.622044
2311 -5.674539 -5.170818 133.622044
2312 -6.348885 -4.933209 133.622044
2336 -12.778131 2.691783 133.622044
2337 -12.778131 2.691783 133.622044
2338 -12.778131 2.691783 133.622044
2339 -12.676588 2.569516 133.622044
2340 -12.634461 2.114926 133.622044
2341 -12.670138 1.777049 133.622044
2342 -12.751862 1.556764 133.622044
2343 -12.851518 1.154785 133.622044
2344 -12.874727 0.600777 133.622044
2345 -12.844783 0.137005 133.622044
2346 -12.799938 -0.204868 133.622044
2370 -1.416526 -4.698426 135.505906
2371 -0.838341 -4.652624 136.404731
2372 -0.126628 -4.621643 136.404731
2373 0.520806 -4.612344 137.212137
2374 1.103242 -4.603733 137.212137
2375 1.750417 -4.583926 137.568204
2376 2.395234 -4.569001 137.568204
2377 3.042982 -4.616585 138.906626
2378 3.685453 -4.714935 138.906626
2379 4.258087 -4.776518 139.709594
2380 4.972591 -4.790779 139.709594
2394 10.549460 -5.091831 140.253951
2395 10.549460 -5.091831 140.341621
2396 10.620221 -5.015889 140.341621
2397 10.632582 -4.635930 140.341621
2398 10.326967 -4.102979 140.341621
2399 10.085794 -3.780888 140.341621
2400 9.874297 -3.514683 140.341621
2401 9.505586 -2.973918 140.425249
2402 9.410186 -2.809610 140.425249
2403 9.247221 -2.516932 140.425249
2404 8.971397 -2.006726 140.425249
2431 9.057593 6.289803 140.425249
2432 9.057593 6.289803 140.425249
2433 9.057593 6.289803 140.068164
2434 9.057593 6.289803 140.068164
2435 8.992789 6.350488 140.068164
2436 8.968452 6.664562 140.068164
2437 9.390994 7.177037 140.068164
2438 9.998689 7.546262 140.068164
2439 10.535622 7.778442 140.068164
2440 11.109495 8.082879 140.068164
2441 11.590540 8.415301 140.068164
2470 17.781789 13.402777 140.068164
2471 18.001138 13.326772 140.068164
2472 18.512882 13.397712 140.068164
2473 19.102381 13.671066 140.068164
2474 19.683210 13.962831 140.068164
2475 20.262606 14.257437 140.068164
2476 20.825680 14.581550 140.068164
2477 21.337052 14.864015 140.068164
2478 22.023459 15.035578 140.068164
2479 22.735029 15.060520 140.068164
2480 23.317262 15.066534 140.068164
2495 26.100281 15.571756 140.068164
2496 26.100281 15.571756 140.068164
2497 26.100281 15.571756 140.068164
2498 26.080390 15.569930 140.068164
2499 25.931508 15.695528 140.068164
2500 25.877659 16.124142 140.068164
2501 25.909265 16.456532 140.068164
2502 25.987527 16.756434 140.068164
2503 26.064129 17.350947 140.068164
2504 26.056406 17.840701 140.068164
2505 26.056897 18.025695 140.068164
2535 27.835168 27.302292 140.068164
2536 27.891352 27.046459 140.068164
2537 27.836089 26.640695 140.068164
2538 27.753838 26.208502 140.068164
2539 27.640287 25.861690 140.068164
2540 27.532309 25.394395 140.068164
2541 27.468848 25.086404 140.068164
2542 27.347986 24.736704 140.068164
2543 27.233184 24.317553 140.068164
2544 27.163042 23.923806 140.068164
2545 27.065745 23.710359 140.068164
2562 18.369505 21.204713 140.068164
2563 18.329185 21.175403 140.068164
2564 18.198043 20.843656 140.068164
2565 18.323988 20.324640 140.068164
2566 18.640647 19.883191 140.068164
2567 18.978489 19.425882 140.068164
2568 19.202349 18.921298 140.068164
2569 19.317435 18.543767 140.068164
2570 19.414212 18.212679 140.068164
2571 19.502249 17.741323 140.068164
2572 19.545778 17.168188 140.068164
2604 24.103928 4.669275 141.237568
2605 24.528070 4.266977 141.237568
2606 25.080183 3.812722 141.237568
2607 25.585340 3.403683 141.237568
2608 26.036548 3.031353 141.262347
2609 26.534241 2.613260 141.262347
2610 27.030413 2.193363 141.262347
2611 27.526518 1.773388 141.375142
2612 27.971811 1.394007 141.375142
2613 28.506564 0.919399 141.375142
2614 28.983391 0.477703 141.375142
2647 31.612978 -1.363954 142.170077
2648 31.612978 -1.363954 142.170077
2649 31.693521 -1.309799 142.170077
2650 31.747229 -0.926104 142.170077
2651 31.315177 -0.421434 142.170077
2652 30.726998 -0.149033 142.334292
2653 30.130906 0.108964 142.334292
2654 29.629143 0.409230 142.435707
2655 29.114541 0.805673 142.435707
2656 28.630979 1.239704 142.435707
2657 28.174426 1.698816 142.435707
2691 19.694795 16.018179 142.435707
2692 19.694795 16.018179 142.435707
2693 19.704430 16.015503 142.435707
2694 19.815565 15.883957 142.435707
2695 19.825509 15.426644 142.435707
2696 19.739878 14.888759 142.435707
2697 19.666233 14.612608 142.435707
2698 19.515492 14.274899 143.594745
2699 19.395562 13.801252 143.594745
2700 19.420009 13.213449 143.594745
2701 19.496986 12.785599 143.594745
2736 21.519652 -0.376628 143.700142
2737 21.474505 -0.436904 143.700142
2738 21.364661 -0.449961 143.700142
2739 21.225869 -0.210997 143.700142
2740 21.123958 0.264178 143.700142
2741 21.197708 0.752723 143.700142
2742 21.361329 1.322078 143.700142
2743 21.484575 1.834159 143.605887
2744 21.504858 2.335256 143.605887
2745 21.506622 2.547584 143.605887
2746 21.512170 2.844994 143.605887
2781 19.890210 16.535684 143.605887
2782 19.787845 16.919583 143.605887
2783 19.708942 17.347269 143.605887
2784 19.608788 17.848153 143.605887
2785 19.579137 18.128268 143.605887
2786 19.548440 18.506979 143.605887
2787 19.466059 18.923441 143.605887
2788 19.285164 19.404829 143.605887
2789 18.943326 19.933760 143.605887
2790 18.381783 20.331478 143.605887
2791 17.813132 20.446572 143.605887
2825 -4.532068 19.966880 143.605887
2826 -5.108474 20.031013 143.605887
2827 -5.752441 20.098238 142.549257
2828 -6.396364 20.132652 142.549257
2829 -7.043649 20.121166 142.549257
2830 -7.689710 20.078554 142.549257
2831 -8.332110 20.020996 142.549257
2832 -9.042460 19.939592 142.549257
2833 -9.621012 19.871892 143.794613
2834 -10.262383 19.803667 143.794613
2836 -10.972292 19.743390 143.794613
2872 -34.628725 17.832668 142.549257
2873 -35.269385 17.723083 142.549257
2874 -35.890308 17.535958 142.549257
2875 -36.441654 17.194520 142.549257
2876 -36.964125 16.707469 142.549257
2877 -37.357719 16.281483 142.549257
2878 -37.787385 15.797101 142.549257
2879 -38.214634 15.313929 142.549257
2880 -38.648726 14.830163 142.549257
2881 -39.069306 14.359485 142.549257
2882 -39.383773 13.912453 142.549257
2921 -39.566975 13.517226 142.549257
2922 -39.353880 13.471091 142.549257
2923 -38.953713 13.608470 142.549257
2924 -38.522255 14.154297 142.549257
2925 -38.260236 14.691171 142.549257
2926 -37.980342 15.130293 142.549257
2927 -37.582132 15.640449 142.549257
2928 -37.161659 16.122751 142.549257
2929 -36.730444 16.595650 142.549257
2930 -36.280550 17.064657 142.549257
2931 -35.716674 17.500733 142.549257
2972 -9.837580 19.238462 142.549257
2973 -9.190721 19.266749 142.549257
2974 -8.543611 19.289226 142.549257
2975 -7.961578 19.312420 142.549257
2976 -7.184668 19.342616 142.549257
2977 -6.475268 19.371684 142.549257
2978 -5.893684 19.404147 142.549257
2979 -5.312312 19.440363 142.549257
2980 -4.663961 19.486531 142.549257
2981 -4.015838 19.535803 142.549257
2982 -3.371348 19.597721 142.549257
3022 19.472260 17.795248 142.549257
3023 19.500631 17.478786 142.549257
3024 19.496011 16.925057 142.549257
3026 19.515876 16.683640 142.549257
3026 19.554037 16.235282 142.549257
3027 19.559873 16.000432 142.549257
3028 19.560441 15.690433 142.549257
3029 19.554760 15.190524 142.549257
3030 19.573239 14.951725 142.549257
3031 19.616131 14.594438 142.549257
3032 19.639727 13.999934 142.549257
3074 21.524911 -1.594565 142.549257
3075 21.473408 -2.056551 142.549257
3076 21.437513 -2.394631 142.549257
3077 21.421968 -2.674058 142.549257
3078 21.435167 -3.148651 142.549257
3079 21.483775 -3.469913 143.889300
3080 21.523345 -4.083488 143.889300
3081 21.533860 -4.628334 143.889300
3082 21.552732 -4.786753 143.889300
3083 21.612423 -5.121428 143.984203
3084 21.652386 -5.564334 143.984203
3127 23.455255 -9.328227 152.643542
3128 23.898827 -9.274794 152.643542
3129 24.575374 -9.115747 152.643542
3130 25.402498 -8.956961 152.643542
3131 26.176289 -8.859688 152.643542
3133 26.946292 -8.771855 152.643542
3134 27.717089 -8.691297 152.643542
3135 28.487917 -8.611133 152.643542
3136 29.196589 -8.537489 152.808281
3137 30.037324 -8.484010 152.808281
3139 30.811239 -8.443088 152.973105
3182 38.918931 -9.123406 154.402237
3183 38.918931 -9.123406 154.402237
3185 38.918931 -9.123406 154.402237
3186 38.918931 -9.123406 154.402237
3187 38.775807 -9.003847 154.402237
3188 38.198609 -9.004300 154.402237
3190 37.355573 -9.052363 154.402237
3191 36.587658 -8.942536 154.402237
3192 35.848970 -8.692614 154.402237
3193 35.104684 -8.480149 154.402237
3194 34.330680 -8.416007 154.402237
3239 21.505053 2.900693 154.402237
3240 21.488799 3.454983 154.402237
3241 21.447869 3.847702 154.402237
3243 21.435020 4.612326 154.402237
3244 21.420593 5.291871 154.402237
3245 21.440177 5.906441 154.402237
3247 21.417179 6.415294 154.402237
3248 21.391283 6.816819 154.402237
3249 21.385970 7.346681 154.402237
3250 21.340883 7.690339 154.402237
3252 21.120139 8.239381 154.568208
3296 10.783806 20.313594 154.568208
3298 9.945575 20.367740 154.568208
3299 9.040707 20.369978 154.568208
3300 8.263343 20.355463 154.568208
3301 7.553468 20.342115 154.568208
3303 6.646120 20.341156 154.568208
3304 5.741476 20.366141 154.568208
3305 4.964115 20.357683 154.568208
3307 4.190305 20.315593 154.568208
3308 3.415165 20.255207 154.568208
3309 2.643258 20.186057 154.568208
3353 -25.975656 21.243374 154.511782
3355 -26.734184 21.412111 154.511782
3356 -27.438920 21.945762 154.511782
3357 -27.596500 22.293225 154.511782
3358 -27.660528 22.807717 154.511782
3360 -27.658869 23.437593 154.511782
3361 -27.666274 23.887463 154.511782
3362 -27.651884 24.219633 154.511782
3363 -27.655115 24.759452 154.511782
3365 -27.655434 25.164411 154.511782
3366 -27.654068 25.634392 154.511782
3411 -28.295079 42.736397 154.511782
3412 -28.442031 43.270277 154.511782
3413 -28.468148 43.848138 154.511782
3414 -28.398478 44.280017 154.511782
3416 -28.359957 44.803066 154.511782
3417 -28.410607 45.154270 154.511782
3418 -28.415434 45.568797 154.511782
3419 -28.365122 45.990727 154.511782
3421 -28.341084 46.540102 154.511782
3422 -28.366915 46.874013 154.511782
3423 -28.379988 47.483663 154.511782
3468 -28.623047 65.302568 154.511782
3469 -28.622004 65.889813 154.511782
3470 -28.576308 66.284651 154.511782
3471 -28.553009 66.883798 154.511782
3472 -28.546658 67.208601 154.511782
3474 -28.545284 67.738583 154.511782
3475 -28.561335 68.143217 154.511782
3476 -28.549952 68.475503 154.511782
3477 -28.553807 69.015377 154.511782
3479 -28.543539 69.350159 154.511782
3480 -28.521543 69.914730 154.511782
3524 -28.727664 87.623667 154.511782
3526 -28.803927 88.102486 154.511782
3527 -28.834948 88.615999 154.511782
3528 -28.834324 89.080912 154.511782
3529 -28.800708 89.825016 154.511782
3531 -28.797169 90.335003 154.511782
3532 -28.778012 90.604193 154.511782
3533 -28.746611 91.313360 154.511782
3534 -28.745140 91.863348 154.511782
3536 -28.757817 92.308077 154.511782
3537 -28.778146 92.842660 154.511782
3582 -28.887178 110.906701 154.511782
3583 -28.953713 111.351622 154.511782
3584 -28.968245 111.691311 154.511782
3585 -28.984904 112.421087 154.511782
3587 -28.972378 112.930867 154.511782
3588 -28.937192 113.273461 154.511782
3589 -28.890816 113.846283 154.511782
3590 -28.895222 114.436069 154.511782
3592 -28.876889 115.100659 154.511782
3593 -28.853959 115.699920 154.511782
3594 -28.776513 116.269531 154.511782
3618 -25.186075 124.760105 154.511782
3619 -25.094098 124.589409 154.511782
3620 -25.395742 124.138247 154.511782
3621 -26.036235 123.718114 154.511782
3623 -26.831078 123.498132 154.511782
3624 -27.436930 123.410987 154.511782
3625 -27.673309 123.299032 154.511782
3626 -27.881286 122.779037 154.511782
3628 -27.877013 122.120555 154.511782
3629 -27.817806 121.833193 154.511782
3630 -27.748038 121.164649 154.511782
3675 -28.423844 105.043956 154.511782
3676 -28.538624 105.005583 154.511782
3677 -28.725016 105.301367 154.511782
3678 -28.753667 105.951169 154.511782
3680 -28.684166 106.297670 154.511782
3681 -28.590954 106.818868 154.511782
3682 -28.585833 107.375457 154.511782
3684 -28.605784 107.975010 154.511782
3685 -28.625087 108.384544 154.511782
3686 -28.628547 109.019364 154.511782
3688 -28.609187 109.418838 154.511782
3732 -28.823648 128.510920 154.511782
3734 -28.900260 129.171148 154.511782
3735 -28.905731 129.478599 154.511782
3736 -28.916227 130.068506 154.511782
3737 -28.910044 130.468172 154.511782
3739 -28.896348 131.077969 154.511782
3740 -28.912148 131.697678 154.511782
3741 -28.934758 132.327155 154.511782
3742 -28.956460 132.851616 154.511782
3744 -28.963234 133.391476 154.511782
3745 -28.966041 133.796348 154.511782
3791 -28.279019 138.599385 154.511782
3792 -28.319642 137.988235 154.511782
3793 -28.436834 137.704262 154.511782
3795 -28.696596 137.208497 154.511782
3796 -28.860336 136.721046 154.511782
3797 -28.974426 136.275453 154.511782
3799 -29.099097 135.663729 154.511782
3800 -29.125769 135.260272 154.511782
3801 -29.086089 134.741910 154.511782
3802 -29.080403 134.282048 154.511782
3804 -29.073923 133.792149 154.511782
3850 -28.901109 115.251470 154.511782
3852 -28.895097 114.881858 154.511782
3853 -28.871108 114.297457 154.511782
3854 -28.861810 113.607528 154.511782
3855 -28.865092 113.122634 154.511782
3857 -28.869483 112.672751 154.511782
3858 -28.863661 112.192786 154.511782
3859 -28.857753 111.425311 154.511782
3860 -28.864720 111.010451 154.511782
3862 -28.880871 110.505720 154.511782
3863 -28.876747 110.165745 154.511782
3910 -28.710178 91.975419 154.511782
3911 -28.718956 91.704312 154.511782
3912 -28.739242 91.039625 154.511782
3914 -28.738785 90.634726 154.511782
3915 -28.722982 90.009925 154.511782
3916 -28.725243 89.660222 154.511782
3917 -28.746898 89.210778 154.511782
3919 -28.740457 88.871160 154.511782
3920 -28.716760 88.206684 154.511782
3921 -28.704867 87.847093 154.511782
3923 -28.673663 87.378297 154.511782
3969 -28.487237 68.613881 154.511782
3970 -28.499327 68.174065 154.511782
3972 -28.488826 67.579297 154.511782
3973 -28.490758 67.169302 154.511782
3974 -28.490676 66.689316 154.511782
3976 -28.458688 66.110344 154.511782
3977 -28.451202 65.805437 154.511782
3978 -28.435587 65.200639 154.511782
3979 -28.428629 64.760760 154.511782
3981 -28.436290 64.220814 154.511782
3982 -28.437743 63.808460 154.511782
4029 -28.213638 46.261859 154.511782
4030 -28.299147 45.756794 154.511782
4031 -28.332459 45.353181 154.511782
4033 -28.343213 44.683386 154.511782
4034 -28.334221 44.436049 154.511782
4035 -28.317160 43.813811 154.511782
4036 -28.310467 43.163847 154.511782
4038 -28.289493 42.862189 154.511782
4039 -28.283915 42.282637 154.511782
4040 -28.300297 41.575327 154.511782
4041 -28.317682 41.218313 154.511782
4088 -31.247335 22.981676 154.511782
4090 -31.311207 22.560105 154.511782
4091 -31.534735 22.019854 154.511782
4092 -31.926817 21.313262 154.511782
4093 -32.505821 20.698742 154.511782
4095 -33.027750 20.210124 154.511782
4096 -33.662553 19.652436 154.511782
4097 -34.249794 19.139083 154.511782
4098 -34.831397 18.619344 154.511782
4100 -35.456339 18.050603 154.511782
4101 -36.051072 17.490057 154.511782
4148 -34.589181 1.347256 154.511782
4149 -34.685047 1.246959 154.511782
4151 -35.121794 1.432192 154.511782
4152 -35.628898 1.995201 154.511782
4153 -35.836085 2.331355 154.511782
4155 -36.256516 2.933021 154.511782
4156 -36.952998 3.613880 154.511782
4157 -37.548781 4.117303 154.511782
4159 -38.237233 4.712391 154.511782
4160 -38.866094 5.276660 154.511782
4161 -39.566652 5.951066 154.511782
4209 -49.242909 10.295510 154.511782
4210 -49.390780 10.158998 154.511782
4212 -49.959892 10.398574 154.511782
4213 -50.241750 11.050315 154.511782
4214 -50.385302 11.492301 154.511782
4215 -50.617448 11.871314 154.511782
4217 -50.943436 12.477270 154.511782
4218 -51.035410 12.794189 154.511782
4219 -51.217954 13.370960 154.511782
4220 -51.324859 13.717105 154.511782
4222 -51.456548 14.220126 154.511782
4270 -52.454906 16.742733 154.511782
4272 -52.115340 16.166051 154.511782
4273 -52.018892 15.887286 154.511782
4274 -51.812672 15.234451 154.511782
4276 -51.604849 14.582743 154.511782
4277 -51.469537 14.265437 154.511782
4278 -51.192928 13.655683 154.511782
4279 -51.125935 13.377203 154.511782
4281 -51.011245 12.768449 154.511782
4282 -50.617272 12.050531 154.511782
4283 -49.980757 11.497530 154.511782
4332 -22.086748 0.551582 154.511782
4333 -21.379992 0.443539 154.511782
4334 -20.675369 0.322187 154.511782
4336 -20.038205 0.194088 154.511782
4337 -19.343274 0.036849 154.511782
4338 -18.646262 -0.110848 154.511782
4339 -17.951519 -0.268795 154.511782
4340 -17.318236 -0.415164 154.511782
4341 -16.682731 -0.551618 154.511782
4342 -15.985396 -0.709395 154.511782
4343 -15.415177 -0.840053 154.511782
4393 7.847249 1.033783 154.511782
4394 7.871721 1.016604 154.511782
4395 7.924850 0.781834 154.511782
4396 7.789885 0.290286 154.511782
4397 7.685029 -0.060153 154.511782
4398 7.625455 -0.384725 154.511782
4399 7.569864 -0.893727 154.511782
4400 7.560467 -1.348532 154.511782
4401 7.546163 -1.595409 154.511782
4402 7.497156 -1.992391 154.511782
4403 7.428091 -2.568254 154.511782
4454 -21.837929 -0.005075 154.511782
4455 -22.483697 -0.043505 154.511782
4456 -23.250660 -0.184110 154.511782
4457 -23.942747 -0.363612 154.511782
4458 -24.571755 -0.517186 154.511782
4459 -25.265820 -0.688719 154.511782
4460 -25.900298 -0.829852 154.511782
4462 -26.661063 -1.001831 154.511782
4463 -27.272627 -1.302018 154.511782
4464 -27.561010 -1.729592 154.511782
4465 -27.620079 -1.951722 154.511782
4514 -29.304304 -16.304473 154.511782
4515 -29.280121 -16.407852 154.511782
4516 -29.458844 -16.699283 154.511782
4517 -30.028808 -16.864613 154.511782
4518 -30.676926 -16.911287 154.511782
4519 -31.322156 -16.964812 154.511782
4520 -31.963931 -17.066129 154.511782
4521 -32.535600 -17.190119 154.511782
4522 -33.224546 -17.381098 154.511782
4523 -33.846758 -17.569093 154.511782
4524 -34.470438 -17.752136 154.511782
4554 -38.629897 -19.335718 154.511782
4555 -38.470756 -19.412477 154.511782
4556 -38.021113 -19.455009 154.511782
4557 -37.391692 -19.319441 154.511782
4558 -36.833399 -19.144762 154.511782
4559 -36.091432 -18.904191 154.511782
4560 -35.532292 -18.732258 154.511782
4561 -34.903936 -18.566315 154.511782
4562 -34.271753 -18.415211 154.511782
4563 -33.644657 -18.244683 154.511782
4564 -33.035662 -18.017913 154.511782
4619 -29.121627 -34.904615 168.758440
4620 -29.058823 -35.173374 168.758440
4621 -29.079540 -35.727283 168.758440
4622 -29.114676 -36.004744 168.758440
4623 -29.179232 -36.323079 168.758440
4624 -29.219069 -36.846292 168.758440
4625 -29.215912 -37.291062 168.758440
4626 -29.195472 -37.705419 169.773529
4627 -29.192621 -37.995405 169.773529
4628 -29.187347 -38.505377 169.773529
4629 -29.180960 -38.925275 170.927619
4662 -28.824297 -50.323137 183.165529
4663 -28.660508 -50.477398 183.165529
4664 -28.427792 -50.657682 183.165529
4665 -28.032216 -50.790664 184.105218
4666 -27.395578 -50.876356 184.105218
4667 -26.751970 -50.947192 184.105218
4668 -26.175818 -51.032807 184.412937
4669 -25.472195 -51.159704 184.412937
4670 -24.778655 -51.311473 184.412937
4671 -24.210530 -51.450883 184.647695
4672 -23.581305 -51.613775 184.647695
4709 -17.724637 -53.016484 184.647695
4710 -17.724637 -53.016484 184.647695
4711 -17.836427 -53.132459 184.647695
4712 -18.306916 -53.176920 184.647695
4713 -18.876844 -53.105201 184.647695
4714 -19.576889 -52.987013 184.647695
4715 -20.155922 -52.924558 184.647695
4716 -20.800216 -52.896143 184.647695
4717 -21.445032 -52.907582 184.647695
4718 -22.027058 -52.931070 184.647695
4719 -22.738974 -52.959917 184.647695
4789 -29.292182 -68.910663 202.548887
4790 -29.231862 -69.205149 202.548887
4791 -29.261477 -69.678310 202.548887
4792 -29.315652 -70.003797 202.548887
4793 -29.367897 -70.324522 202.548887
4794 -29.397947 -70.688063 202.701188
4795 -29.395196 -70.948048 202.701188
4796 -29.389219 -71.513016 203.698236
4797 -29.389856 -71.937946 203.698236
4798 -29.395825 -72.195375 203.698236
4799 -29.400230 -72.720351 204.726187
4841 -30.124947 -83.953179 217.460276
4842 -29.936732 -84.177039 217.460276
4843 -29.572122 -84.637673 217.460276
4844 -29.253084 -85.057710 217.460276
4845 -28.848407 -85.566333 217.460276
4846 -28.381305 -86.107600 217.577048
4847 -27.995939 -86.547688 217.577048
4848 -27.568924 -87.030767 218.486640
4849 -27.162795 -87.451796 218.486640
4850 -26.672109 -87.876748 218.486640
4851 -26.134298 -88.241731 219.812401
4895 -22.825247 -91.275146 220.660036
4896 -22.825247 -91.275146 220.660036
4897 -22.947517 -91.371056 220.660036
4898 -23.358953 -91.321816 220.660036
4899 -23.940117 -91.069001 220.660036
4900 -24.404629 -90.616410 220.660036
4901 -24.781074 -90.171928 220.660036
4902 -25.174317 -89.745722 220.660036
4903 -25.713436 -89.319824 220.660036
4904 -26.357877 -89.031428 220.660036
4905 -26.910157 -89.071744 220.660036
4991 -30.746496 -101.365907 234.805562
4992 -30.774903 -101.472163 234.805562
4993 -31.076362 -101.586298 234.805562
4994 -31.726608 -101.610016 234.805562
4995 -32.437895 -101.538337 234.805562
4996 -33.082328 -101.475807 234.805562
4997 -33.855625 -101.424986 234.805562
4999 -34.632746 -101.410666 234.805562
5000 -35.337563 -101.492606 234.805562
5000 -35.907982 -101.610043 234.805562
5001 -36.473044 -101.751448 234.805562
