6 -46.500000 113.000000 0.000000
7 -46.444428 113.042228 14.869096
8 -46.361311 113.252805 14.869096
9 -46.380795 113.656043 14.984326
10 -46.415994 113.883333 14.984326
11 -46.423171 113.927757 14.984326
12 -46.343347 114.007604 14.984326
13 -45.917127 113.964380 14.984326
14 -45.567195 113.532380 14.984326
15 -45.510394 113.385481 14.984326
16 -45.350379 112.986373 14.984326
17 -45.209379 112.617414 14.984326
18 -45.133516 112.368737 14.984326
19 -44.961367 111.873178 14.984326
20 -44.717265 111.440156 17.528549
21 -44.308165 110.938521 17.528549
22 -43.801334 110.462738 22.179496
23 -43.271097 110.234595 22.179496
24 -42.637621 110.128397 22.999348
25 -41.993071 110.044663 24.043503
26 -41.352577 109.934593 24.043503
27 -40.718917 109.801798 24.895984
28 -40.089297 109.640656 26.038626
29 -39.527328 109.487413 26.038626
30 -38.842344 109.282608 27.049030
31 -38.166642 109.056690 28.151910
32 -37.616646 108.864854 28.151910
33 -37.009899 108.665479 29.066304
34 -36.373867 108.606081 29.066304
35 -35.729007 108.686850 30.074076
36 -35.089250 108.768870 30.142496
37 -34.509506 108.824928 30.142496
38 -33.802805 108.856944 30.142496
39 -33.155551 108.874529 30.142496
40 -32.508379 108.895124 31.612815
41 -31.926286 108.916809 31.612815
42 -31.214274 108.942457 31.612815
43 -30.504288 108.946801 30.621725
44 -29.984452 108.958963 30.759227
45 -29.975934 108.964200 30.759227
46 -29.881998 109.099587 31.468239
47 -29.872172 109.472335 31.468239
48 -29.954246 109.970571 31.468239
49 -30.043696 110.209268 31.468239
50 -30.133263 110.639070 31.468239
51 -30.150359 110.973376 31.468239
52 -30.134783 111.277978 31.468239
53 -30.117833 111.667584 31.468239
54 -30.120881 111.922546 31.612815
55 -30.153610 112.366324 31.612815
56 -30.171718 112.469527 31.612815
57 -30.171718 112.469527 31.612815
58 -30.171718 112.469527 31.612815
59 -30.144312 112.457572 31.612815
60 -30.035419 112.245002 31.468239
61 -29.983915 111.785181 31.468239
62 -30.014285 111.407762 31.468239
63 -30.077613 111.155604 31.468239
64 -30.144873 110.701052 31.612815
65 -30.152090 110.451178 31.612815
66 -30.152899 109.976182 31.468239
67 -30.150280 109.916239 31.468239
68 -30.150280 109.916239 31.468239
69 -30.150280 109.916239 31.468239
70 -30.150280 109.916239 31.468239
71 -30.150280 109.916239 31.468239
72 -30.150280 109.916239 31.468239
73 -30.145689 109.970663 31.468239
74 -30.248969 110.111421 31.468239
75 -30.657501 110.183769 31.468239
76 -31.130389 110.160131 31.468239
77 -31.690365 109.798949 31.468239
78 -31.749292 109.683322 31.468239
79 -31.821600 109.480904 31.468239
80 -32.127173 109.121991 31.468239
81 -32.798893 108.952263 31.468239
82 -33.380074 108.981078 31.468239
83 -34.022652 109.077982 31.468239
84 -34.660990 109.186213 31.468239
85 -35.304360 109.258337 31.468239
86 -35.826873 109.306066 31.468239
87 -36.431566 109.528674 31.468239
88 -36.890186 110.034043 31.468239
89 -37.087378 110.378772 31.468239
90 -37.163381 110.668846 31.468239
91 -37.314547 111.108326 31.468239
92 -37.556059 111.593727 31.468239
93 -37.670320 111.781705 31.468239
94 -37.907394 112.204794 31.468239
95 -38.095498 112.549212 31.468239
96 -38.255541 112.787993 31.468239
97 -38.514169 113.261848 31.468239
98 -38.711970 113.688135 31.468239
99 -38.985796 114.186194 31.468239
100 -39.043877 114.319049 31.468239
101 -39.228515 114.718398 31.468239
102 -39.522287 115.258400 31.468239
103 -39.830618 115.728714 31.468239
104 -40.129491 116.144964 31.468239
105 -40.229626 116.323843 31.468239
106 -40.488569 116.803390 31.468239
107 -40.755422 117.278556 31.468239
108 -41.087546 117.772093 31.468239
109 -41.463682 118.289891 31.468239
110 -41.844916 118.794465 31.468239
111 -41.856111 118.811037 31.468239
112 -41.856111 118.811037 31.468239
113 -41.708790 118.885511 31.468239
114 -41.301594 118.717249 31.468239
115 -41.060841 118.327601 31.468239
116 -41.012091 118.092779 31.468239
117 -40.860846 117.621569 31.468239
118 -40.700809 117.158450 31.468239
119 -40.533156 116.749066 31.468239
120 -40.234740 116.202792 31.468239
121 -40.017918 115.928085 31.468239
122 -39.834933 115.671820 31.468239
123 -39.616430 115.270083 31.468239
124 -39.515082 115.083329 31.468239
125 -39.306243 114.656763 31.468239
126 -39.122935 114.245817 31.468239
127 -39.037336 114.081872 31.468239
128 -38.811203 113.613684 31.468239
129 -38.583230 113.154932 31.468239
130 -38.472110 112.973818 31.468239
131 -38.226933 112.538084 31.468239
132 -37.810518 111.829309 31.468239
133 -37.766023 111.756892 31.468239
134 -37.546451 111.352824 31.468239
135 -37.261415 110.859508 31.468239
136 -37.135829 110.681933 31.468239
137 -36.844385 110.209734 31.468239
138 -36.539221 109.722551 31.468239
139 -36.132340 109.308419 31.468239
140 -35.550259 109.033590 31.468239
141 -34.911768 108.931656 31.468239
142 -34.265314 108.894981 31.468239
143 -33.166698 108.840910 31.641271
144 -32.974586 108.828698 31.641271
145 -32.392343 108.816118 31.641271
146 -31.680266 108.802600 31.641271
147 -30.973855 108.733435 31.641271
148 -30.395779 108.643826 31.641271
149 -29.758884 108.541961 31.641271
150 -29.121981 108.426523 31.641271
151 -28.496493 108.249945 31.641271
152 -27.896402 108.032158 31.641271
153 -27.229450 107.799861 31.641271
154 -26.199084 107.736433 31.688642
155 -26.069136 107.740095 31.688642
156 -26.036898 107.716603 31.688642
157 -25.961873 107.470915 31.688642
158 -26.155517 106.964831 31.688642
159 -26.502714 106.445961 31.688642
160 -26.881200 105.961291 31.688642
161 -27.156638 105.529378 31.688642
162 -27.300503 105.356459 31.688642
163 -27.571785 105.035914 31.688642
164 -27.849627 104.532048 32.055110
166 -28.097479 103.674724 34.086508
166 -28.112122 103.629538 34.086508
167 -28.141996 103.596084 34.086508
168 -28.443330 103.550460 34.086508
169 -29.010442 103.688262 35.251242
170 -29.611125 103.936135 35.251242
171 -30.141930 104.181908 35.251242
172 -30.713781 104.490839 35.251242
173 -31.348058 104.820007 35.251242
174 -32.020568 105.036352 35.251242
175 -32.592040 105.134680 35.251242
177 -33.819779 105.168442 35.251242
177 -33.884689 105.165019 35.251242
178 -34.526645 105.158104 35.251242
179 -35.107225 105.205187 35.251242
180 -35.882434 105.264447 35.251242
181 -36.461873 105.289430 35.251242
182 -37.109278 105.299771 35.251242
183 -37.756775 105.300623 35.251242
184 -38.404274 105.299564 35.251242
185 -39.051774 105.298505 35.251242
186 -39.761773 105.297344 35.251242
188 -40.928343 105.321203 35.251242
188 -40.992950 105.328335 35.251242
189 -41.633520 105.436592 35.251242
190 -42.197963 105.558671 35.251242
191 -42.907909 105.628324 35.251242
192 -43.613546 105.541026 35.251242
193 -44.149854 105.312725 35.251242
194 -44.650781 104.900873 35.251242
195 -45.073808 104.414313 35.251242
196 -45.470319 103.905650 35.251242
197 -45.871961 103.404178 35.251242
199 -46.592178 102.485451 35.251242
199 -46.673349 102.387129 35.251242
200 -46.673349 102.387129 35.251242
201 -46.776316 102.418739 35.251242
202 -46.855024 102.637421 35.251242
203 -46.750076 103.117963 35.251242
204 -46.437589 103.621504 35.251242
205 -45.961242 104.059960 35.251242
206 -45.520875 104.445055 35.251242
207 -45.006121 104.941002 35.251242
208 -44.576990 105.413811 35.251242
210 -43.724817 106.439519 35.251242
210 -43.683204 106.489452 35.251242
211 -43.299285 106.917306 35.251242
212 -42.897198 107.323063 35.251242
213 -42.518239 107.792298 35.251242
214 -42.294275 108.243951 35.251242
215 -42.156284 108.685032 35.251242
216 -42.008913 109.147558 35.251242
217 -41.860865 109.407964 35.251242
218 -41.635337 109.814234 35.251242
219 -41.465499 110.294395 35.251242
221 -41.298018 110.937162 35.251242
221 -41.279562 110.994253 35.251242
222 -41.093103 111.484536 35.251242
223 -40.858401 111.976077 35.251242
224 -40.734373 112.423397 35.251242
225 -40.702140 112.706456 35.251242
226 -40.687807 113.196172 35.251242
227 -40.690048 113.566126 35.251242
228 -40.708310 113.885562 35.251242
229 -40.715452 114.287965 35.251242
230 -40.709874 114.515396 35.251242
232 -40.698775 115.372583 35.251242
232 -40.696623 115.382349 35.251242
233 -40.662225 115.569135 35.251242
234 -40.649455 115.985769 35.251242
235 -40.709566 116.284340 35.251242
236 -40.824907 116.693273 35.251242
237 -41.067609 117.241140 35.251242
238 -41.418041 117.764412 35.251242
239 -41.771745 118.227212 35.251242
240 -42.025271 118.516863 35.251242
241 -42.299712 118.879488 35.251242
243 -43.095751 119.882929 35.251242
243 -43.095751 119.882929 35.251242
244 -43.581303 120.203742 35.251242
245 -44.231598 120.493109 35.251242
246 -44.852910 120.683898 35.251242
247 -45.472544 120.880149 35.251242
248 -46.077372 121.025750 35.251242
249 -46.463886 121.076958 35.251242
251 -46.745698 121.096306 35.251242
251 -46.750694 121.096505 35.251242
252 -46.755690 121.096704 35.251242
253 -46.800330 121.046655 35.251242
254 -46.826525 120.783940 35.251242
255 -46.598579 120.571652 35.251242
256 -46.054463 120.481085 35.251242
257 -45.407092 120.468931 35.251242
258 -44.758638 120.429623 35.251242
259 -44.120566 120.307172 35.251242
260 -43.548545 120.184756 35.251242
262 -42.313814 119.508208 35.251242
262 -42.269202 119.460935 35.251242
263 -41.979399 119.057995 35.251242
264 -41.728491 118.611206 35.251242
265 -41.631404 118.402705 35.251242
266 -41.423026 117.948205 35.251242
267 -41.195074 117.494825 35.251242
268 -41.084529 117.352854 35.251242
269 -40.730136 116.881590 35.251242
270 -40.487680 116.493716 35.251242
271 -40.384354 116.282652 35.251242
273 -39.814895 115.249633 35.251242
274 -39.541149 114.782965 35.251242
275 -39.421250 114.535482 35.251242
276 -39.226405 114.129853 35.251242
277 -38.986688 113.629326 35.251242
278 -38.783403 113.205680 35.251242
279 -38.667368 113.027685 35.251242
280 -38.376244 112.621191 35.251242
281 -38.157793 112.274795 35.251242
282 -38.052206 112.015466 35.251242
283 -37.825792 111.519988 35.251242
285 -37.214408 110.541227 35.251242
285 -37.180222 110.485944 35.251242
286 -37.014042 110.203753 35.251242
287 -36.898581 109.976393 35.251242
288 -36.682505 109.570350 35.251242
289 -36.325132 109.034271 35.251242
290 -35.885845 108.555644 35.251242
291 -35.407779 108.115404 35.251242
292 -34.914611 107.691991 35.251242
293 -34.420394 107.269796 35.251242
294 -33.925555 106.848331 35.251242
296 -32.843380 105.913739 35.251242
297 -32.396113 105.536692 35.251242
298 -31.890044 105.128889 35.251242
299 -31.470274 104.721701 35.251242
300 -30.988505 104.196984 35.251242
301 -30.593618 103.690366 35.251242
302 -30.227988 103.189704 35.251242
303 -29.852513 102.677673 35.030416
304 -29.540479 102.261767 35.030416
305 -29.233163 101.833041 35.257482
306 -28.824438 101.258698 35.933968
308 -28.395030 100.644712 36.890244
308 -28.371685 100.606241 36.890244
309 -28.140090 100.232131 36.890244
310 -27.779352 99.697893 36.890244
311 -27.359091 99.202324 37.885750
312 -26.900428 98.741832 38.640006
313 -26.424328 98.299357 38.640006
314 -25.994155 97.902904 38.640006
315 -25.466563 97.420349 38.640006
316 -24.935041 96.942128 38.640006
317 -24.491589 96.560600 38.640006
319 -23.344241 95.602277 38.640006
320 -23.245264 95.517994 38.640006
321 -23.208133 95.532373 38.640006
322 -23.089296 95.743951 38.640006
323 -23.223303 96.198187 38.640006
324 -23.720871 96.602863 38.640006
325 -24.308129 96.881078 38.640006
326 -24.885651 97.178716 38.640006
327 -25.381700 97.488467 38.640006
328 -25.941901 97.932328 38.640006
329 -26.435380 98.355382 38.640006
332 -27.667178 99.511325 38.640006
333 -27.766586 99.656491 38.640006
334 -27.834242 99.986000 38.640006
335 -27.844852 100.430529 38.640006
336 -27.822303 100.706978 38.640006
337 -27.896728 101.183587 38.640006
338 -28.076182 101.639449 38.640006
339 -28.181734 102.107011 38.640006
340 -28.207285 102.461004 38.640006
341 -28.199082 102.755890 38.640006
342 -28.186292 103.215713 38.640006
344 -28.149759 104.274721 38.640006
345 -28.155803 104.359499 38.640006
346 -28.165787 104.441247 38.640006
347 -28.207092 104.506200 38.640006
348 -28.433118 104.595996 38.640006
349 -28.926891 104.571026 38.640006
350 -29.504738 104.523497 38.640006
351 -30.216443 104.579795 38.640006
352 -30.911386 104.746372 38.640006
353 -31.469317 104.904823 38.640006
354 -32.100643 105.047548 38.640006
357 -33.844232 105.102402 38.640006
358 -34.408022 104.949707 38.640006
359 -34.988239 104.658480 38.640006
360 -35.451519 104.307297 38.640006
361 -35.984433 103.834790 38.640006
362 -36.623461 103.529976 38.640006
363 -37.196046 103.443323 38.640006
364 -37.843222 103.428429 38.538942
365 -38.486472 103.390910 38.640006
366 -39.082515 103.287582 38.640006
367 -39.455461 103.214706 38.640006
369 -39.631800 103.178599 38.640006
370 -39.631800 103.178599 38.640006
371 -39.620536 103.150885 38.640006
372 -39.426786 103.038349 38.640006
373 -38.986116 103.051007 38.538942
374 -38.282384 103.144458 38.538942
375 -37.637549 103.226063 38.538942
376 -36.993230 103.311742 38.538942
377 -36.355930 103.435719 38.538942
378 -35.775316 103.721398 38.538942
379 -35.347310 104.118445 38.538942
382 -34.475795 105.328855 38.538942
383 -34.223584 105.661540 38.538942
384 -34.036884 105.908940 38.538942
385 -33.736236 106.295796 38.538942
386 -33.395806 106.749541 38.538942
387 -32.988695 107.243163 38.538942
388 -32.567073 107.714625 38.538942
389 -32.176726 108.136794 38.538942
390 -31.914187 108.467577 38.538942
391 -31.703240 108.746814 38.538942
392 -31.406294 109.136429 38.538942
395 -30.969383 110.000875 38.538942
396 -30.806992 110.414947 38.538942
397 -30.665109 110.961748 38.538942
398 -30.557385 111.416544 38.538942
399 -30.492520 111.618900 38.538942
400 -30.324442 112.025255 38.538942
401 -30.153184 112.462801 38.538942
402 -30.028820 112.916037 38.538942
403 -29.928911 113.161366 38.538942
404 -29.768245 113.576278 38.538942
405 -29.625467 114.101930 38.538942
406 -29.544996 114.680920 38.538942
407 -29.530008 114.980331 38.538942
408 -29.559302 115.424330 38.538942
409 -29.548027 115.628704 38.538942
410 -29.504213 116.121761 38.538942
411 -29.471086 116.520387 38.538942
412 -29.433607 116.721898 38.538942
413 -29.313386 117.176169 38.538942
414 -29.184647 117.674731 38.538942
415 -28.992109 118.135962 38.538942
416 -28.889551 118.487385 38.538942
418 -28.740482 119.183839 38.538942
419 -28.719332 119.247270 38.538942
420 -28.460769 119.397568 38.538942
421 -27.886980 119.451496 38.538942
422 -27.264382 119.279207 38.538942
423 -26.737581 119.031071 38.538942
424 -26.097265 118.712951 38.538942
425 -25.457929 118.392872 38.538942
426 -24.934928 118.130789 38.538942
427 -24.350065 117.847250 38.538942
428 -23.762327 117.569768 38.538942
430 -22.930635 117.320203 38.538942
431 -22.901012 117.315467 38.538942
432 -22.854551 117.363867 38.538942
433 -22.824693 117.726698 38.538942
434 -23.196991 118.200514 38.538942
435 -23.756732 118.529743 38.538942
436 -24.314008 118.863940 38.538942
437 -24.844262 119.239665 38.538942
438 -25.341830 119.657588 38.538942
439 -25.764087 120.062423 38.538942
440 -26.271079 120.566584 38.538942
443 -27.384891 121.658752 38.538942
444 -27.799662 122.122087 38.538942
445 -27.923364 122.340986 38.538942
446 -27.962958 122.753171 38.538942
447 -27.830324 123.373517 38.538942
448 -27.523575 123.871182 38.538942
449 -27.074809 124.339035 38.538942
450 -26.565123 124.742334 38.538942
451 -26.045046 125.132221 38.538942
452 -25.535539 125.535772 38.538942
453 -25.087866 125.896596 38.538942
455 -24.654048 126.218103 38.538942
456 -24.596235 126.272889 38.538942
457 -24.528299 126.445980 38.538942
458 -24.631463 126.953807 38.538942
459 -25.127815 127.453513 38.538942
460 -25.662922 127.686568 38.538942
461 -26.292827 127.833722 38.538942
462 -26.935557 127.911870 38.538942
463 -27.504415 128.072992 38.538942
464 -27.907268 128.538308 38.538942
465 -28.007590 129.031052 38.538942
468 -28.086758 130.239894 38.538942
469 -28.126897 130.363084 38.538942
470 -28.178063 130.460312 38.538942
471 -28.310775 130.589283 38.538942
472 -28.702878 130.719433 38.538942
473 -29.337320 130.718973 38.538942
474 -29.984569 130.705940 38.538942
475 -30.563417 130.740112 38.538942
476 -31.270560 130.826258 38.538942
477 -31.975526 130.945199 38.538942
478 -32.547371 131.056075 38.538942
481 -34.391953 131.418768 38.538942
482 -34.967101 131.525206 38.538942
483 -35.596867 131.685861 38.538942
484 -36.214620 131.887470 38.538942
485 -36.757859 132.104305 38.538942
486 -37.406276 132.399178 38.538942
487 -37.994209 132.670272 38.538942
488 -38.602807 132.897989 38.538942
489 -39.225866 133.083087 38.559176
490 -39.847702 133.272068 38.559176
491 -40.458728 133.493571 38.559176
494 -42.323907 134.540412 38.559176
495 -42.427291 134.619226 38.559176
496 -42.427291 134.619226 38.559176
497 -42.500839 134.413065 38.559176
498 -42.321428 134.016115 38.559176
499 -41.761746 133.715556 38.559176
500 -41.133935 133.567740 38.559176
501 -40.502107 133.415563 38.559176
502 -39.880518 133.234473 38.559176
503 -39.255368 133.077524 38.559176
504 -38.678713 133.019591 38.559176
508 -36.163512 133.274634 38.559176
509 -35.521947 133.356203 38.559176
510 -34.942351 133.340768 38.559176
511 -34.295856 133.304709 38.559176
512 -33.649139 133.273052 38.559176
513 -33.004383 133.255879 38.559176
514 -32.356909 133.250730 38.559176
515 -31.709409 133.250842 38.559176
516 -31.126909 133.251190 38.559176
517 -30.414643 133.267500 38.559176
518 -29.710096 133.292776 38.559176
521 -27.336748 132.759023 38.559176
522 -26.768811 132.647023 38.559176
523 -26.119268 132.635446 38.559176
524 -25.475278 132.669998 38.559176
525 -24.827671 132.725567 38.559176
526 -24.247788 132.780713 38.559176
527 -23.540636 132.844239 38.559176
528 -22.893522 132.905328 38.559176
529 -22.251745 132.969622 38.559176
530 -21.727704 133.000464 38.559176
531 -21.475414 133.010737 38.559176
535 -21.338684 133.017032 38.559176
536 -21.338684 133.017032 38.559176
537 -21.360242 132.952807 38.559176
538 -21.618860 132.839314 38.559176
539 -22.224369 132.814190 38.559176
540 -22.870613 132.853020 38.559176
541 -23.455330 132.842149 38.559176
542 -24.101707 132.774966 38.559176
543 -24.742193 132.664578 38.559176
544 -25.376967 132.537262 38.559176
545 -26.003893 132.365928 38.559176
549 -27.791440 131.232296 38.559176
550 -27.842825 130.931686 38.559176
551 -27.908357 130.537192 38.559176
552 -27.945315 130.259648 38.559176
553 -27.991929 129.746881 38.559176
554 -27.993599 129.447267 38.559176
555 -27.973095 129.132979 38.559176
556 -27.962576 128.523080 38.559176
557 -27.972360 128.323454 38.559176
558 -27.993298 127.954070 38.559176
559 -27.996977 127.601834 38.559176
563 -27.960392 126.237943 38.559176
564 -28.008519 125.710497 38.559176
565 -28.052219 125.434164 38.559176
566 -28.129765 125.082893 38.559176
567 -28.159219 124.669574 38.559176
568 -28.144546 124.389959 38.559176
569 -28.128802 124.010329 38.559176
570 -28.130871 123.750343 38.559176
571 -28.117314 123.255536 38.559176
572 -28.102702 122.795769 38.559176
573 -28.092666 122.265956 38.559176
577 -28.063012 120.879363 38.559176
578 -28.081744 120.594982 38.559176
579 -28.098604 120.140318 38.559176
580 -28.098545 119.667932 38.559176
581 -28.089295 119.310684 38.559176
582 -28.097877 119.030823 38.559176
583 -28.102019 118.500847 38.559176
584 -28.097269 118.160944 38.559176
585 -28.083141 117.831246 38.559176
586 -28.075344 117.471425 38.559176
587 -28.143437 117.195554 38.559176
591 -28.476954 115.650271 38.559176
592 -28.503509 115.462253 38.559176
593 -28.592866 115.011103 38.559176
594 -28.646994 114.604721 38.559176
595 -28.670571 114.375935 38.559176
596 -28.699299 113.896866 38.559176
597 -28.707236 113.351947 38.559176
598 -28.703061 112.927005 38.559176
599 -28.689121 112.637341 38.559176
600 -28.670292 112.077691 38.559176
601 -28.671052 111.835319 38.559176
605 -28.739326 110.403183 38.559176
606 -28.758059 110.129213 38.559176
607 -28.847378 109.811650 38.559176
608 -28.907794 109.381355 38.559176
609 -28.911663 108.956667 38.559176
610 -28.908001 108.661779 38.559176
611 -28.910527 108.281818 38.559176
612 -28.952751 108.020219 38.559176
613 -29.011490 107.579159 38.559176
614 -29.051747 107.262094 38.559176
615 -29.125963 106.927735 38.559176
619 -29.507859 105.453906 38.559176
620 -29.616295 105.038028 38.559176
621 -29.676317 104.466297 38.559176
622 -29.714659 103.907639 38.559176
623 -29.777959 103.571136 38.559176
624 -29.810519 103.338503 38.559176
625 -29.885562 102.854308 38.559176
626 -29.960211 102.350045 38.559176
627 -30.071340 101.883232 38.559176
628 -30.185999 101.536744 38.559176
629 -30.311446 101.292114 38.559176
633 -30.689180 99.861657 38.559176
634 -30.812772 99.434307 38.559176
635 -30.880122 99.063079 38.559176
636 -30.903376 98.854487 38.559176
637 -31.011239 98.330515 38.559176
638 -31.115793 97.877498 38.559176
639 -31.210202 97.678851 38.959596
640 -31.384852 97.221457 38.959596
641 -31.531700 96.712569 39.852855
642 -31.860029 96.172371 39.852855
643 -32.370660 95.672536 40.726528
647 -33.214440 94.003759 41.564048
648 -33.212165 93.988932 41.564048
649 -33.180172 93.965278 41.564048
650 -33.150251 93.963099 41.564048
651 -33.130603 93.964902 41.564048
652 -32.979304 94.030383 41.564048
653 -32.925398 94.056727 41.564048
654 -32.943439 94.048096 41.564048
655 -32.903852 94.042360 41.564048
656 -33.002902 94.056113 41.564048
657 -33.002902 94.056113 41.564048
661 -33.051717 94.047896 41.564048
662 -33.218673 94.164100 41.564048
663 -33.269145 94.595835 41.564048
664 -33.165164 95.009952 41.564048
665 -32.792770 95.320520 41.564048
666 -32.155056 95.341157 41.564048
667 -32.112049 95.327663 41.564048
668 -32.062181 95.331292 41.564048
669 -31.709812 95.307190 41.564048
670 -31.274561 94.917220 41.564048
671 -31.168585 94.514307 42.310874
675 -30.948117 93.120298 43.112528
676 -30.862467 92.746163 43.112528
677 -30.935455 92.446385 43.112528
678 -31.044621 91.994913 44.022382
679 -31.069616 91.621387 44.022382
680 -30.995390 91.305233 44.022382
681 -30.892255 90.934393 45.030768
682 -30.813880 90.590995 45.030768
683 -30.689608 90.307010 45.030768
684 -30.506143 89.841940 45.892593
685 -30.432371 89.594288 45.892593
689 -30.084956 87.962726 48.098338
690 -30.069698 87.763312 48.098338
691 -30.041070 87.520034 48.098338
692 -30.021023 87.406808 48.098338
693 -30.000438 87.340249 49.174893
694 -29.915293 87.258161 49.174893
695 -29.537697 87.166910 49.174893
696 -28.990530 87.091378 49.542004
697 -28.351349 87.004983 49.542004
698 -27.708422 86.928279 49.542004
699 -27.068128 86.817411 49.831417
704 -24.040493 85.796744 50.261418
705 -23.526544 85.709134 50.261418
706 -22.887486 85.763039 50.261418
707 -22.248864 85.869810 50.096808
708 -21.605276 85.939380 50.096808
709 -20.958457 85.968256 50.096808
710 -20.246105 85.982321 50.210857
711 -19.728641 85.988459 50.210857
712 -19.016147 85.989789 50.210857
713 -18.306147 85.989989 50.210857
714 -17.723647 85.990153 50.210857
719 -14.293965 85.967093 51.545030
720 -14.164054 85.962273 51.545030
721 -14.164054 85.962273 51.545030
722 -14.159029 85.981613 51.545030
723 -14.218252 86.125696 51.545030
724 -14.510997 86.221181 51.545030
725 -15.080388 86.209185 51.545030
726 -15.723473 86.133924 51.545030
727 -16.367360 86.066538 51.545030
728 -17.011565 86.035210 51.545030
729 -17.658880 86.020148 51.545030
735 -21.218735 85.991147 51.545030
736 -21.293090 85.994045 51.545030
737 -21.374683 86.086263 51.545030
738 -21.322727 86.220346 51.545030
739 -20.947301 86.351014 51.545030
740 -20.319923 86.375287 51.545030
741 -19.676214 86.285610 51.545030
742 -19.098713 86.209777 51.545030
743 -18.390609 86.159521 51.545030
744 -17.678291 86.145324 51.545030
745 -17.095795 86.146392 51.545030
750 -13.552078 85.959671 51.545030
751 -12.918115 85.842638 51.545030
752 -12.275249 85.792989 51.545030
753 -11.627923 85.795956 51.545030
754 -11.045958 85.820859 51.545030
755 -10.336723 85.881629 51.545030
756 -9.653741 86.087744 51.545030
757 -9.212855 86.289652 51.545030
758 -8.962681 86.415313 51.545030
764 -8.801961 86.516598 51.545030
765 -8.801961 86.516598 51.545030
766 -8.801961 86.516598 51.545030
767 -8.801961 86.516598 51.545030
768 -8.801961 86.516598 51.545030
769 -8.797664 86.571096 51.545030
770 -8.858428 86.676416 51.545030
771 -8.969690 86.722519 51.545030
772 -9.062004 86.721039 51.545030
773 -9.127522 86.696513 51.545030
774 -9.248760 86.637174 51.545030
779 -9.843901 85.820546 51.545030
780 -10.408803 85.717107 51.545030
781 -11.045787 85.722856 51.545030
782 -11.692609 85.752428 51.545030
783 -12.339018 85.789815 51.545030
784 -12.984615 85.839275 51.545030
785 -13.562559 85.888061 51.545030
786 -14.338638 85.934167 51.545030
787 -14.985972 85.944137 51.545030
788 -15.565714 85.927185 51.545030
789 -16.210319 85.904596 51.545030
795 -19.755004 85.872317 51.545030
796 -20.336980 85.892461 51.545030
797 -21.045328 85.940865 51.545030
798 -21.626840 85.974582 51.545030
799 -22.273992 85.995093 51.545030
800 -22.921461 86.000661 51.545030
801 -23.568870 85.992126 51.545030
802 -24.281273 85.980611 51.545030
803 -24.796248 85.975693 51.545030
804 -25.508585 85.960523 51.545030
805 -26.155923 85.946022 51.545030
810 -27.763806 84.143199 51.864922
811 -27.758269 84.123981 51.864922
812 -27.758269 84.123981 51.864922
813 -27.758269 84.123981 52.534276
814 -27.758269 84.123981 52.534276
815 -27.758269 84.123981 52.534276
816 -27.755974 84.133714 52.534276
817 -27.774798 84.249960 52.534276
818 -27.906258 84.360922 52.534276
819 -28.367495 84.346770 52.534276
820 -28.898786 83.974842 52.534276
826 -31.520065 81.367688 54.004168
827 -31.985994 81.020103 54.004168
828 -32.627438 80.704534 54.004168
829 -33.265350 80.398744 54.636345
830 -33.781549 80.139885 54.944064
831 -34.385392 79.906666 54.944064
832 -34.994690 79.680394 55.012091
833 -35.601668 79.448050 55.012091
834 -36.218118 79.241998 55.012091
835 -36.829926 79.022749 55.012091
836 -37.365259 78.787185 55.012091
843 -40.262875 77.391707 55.012091
844 -40.363210 77.338350 55.012091
845 -40.750371 77.334522 55.012091
846 -41.241976 77.577582 55.012091
847 -41.756521 77.973093 55.012091
848 -42.244832 78.402102 55.012091
849 -42.745205 78.816895 55.012091
850 -43.212575 79.168646 55.012091
851 -43.853047 79.613778 55.012091
852 -44.342637 79.933948 55.012091
853 -44.891628 80.281932 55.012091
861 -49.548519 83.114794 55.012091
862 -49.548519 83.114794 55.012091
863 -49.548519 83.114794 55.012091
864 -49.583446 83.032553 55.012091
865 -49.518366 82.706900 55.012091
866 -49.083026 82.424316 55.012091
867 -48.477283 82.237953 55.012091
868 -47.898930 82.172312 55.012091
869 -47.127329 82.080766 55.012091
870 -46.557610 81.960028 55.012091
871 -45.930383 81.789964 55.012091
880 -40.483362 79.512367 55.012091
881 -40.422264 79.490186 55.012091
882 -40.422264 79.490186 55.012091
883 -40.407799 79.503989 55.012091
884 -40.402894 79.523363 55.012091
885 -40.434013 79.626134 55.012091
886 -40.729771 79.731115 55.012091
887 -41.300772 79.719500 55.012091
888 -41.882266 79.685290 55.012091
889 -42.526136 79.647144 55.012091
890 -43.170665 79.622586 55.012091
900 -49.362128 79.532921 55.012091
901 -50.008384 79.561427 55.012091
902 -50.647741 79.636340 55.012091
903 -51.293420 79.683976 55.012091
904 -51.940656 79.691895 55.012091
905 -52.518598 79.606794 55.012091
906 -53.209755 79.434935 55.012091
907 -53.853860 79.128411 55.012091
908 -54.359413 78.834147 55.012091
909 -54.941327 78.545022 55.012091
910 -55.539402 78.290697 55.012091
920 -56.670004 77.798660 55.012091
921 -56.670004 77.798660 55.012091
922 -56.670004 77.798660 55.012091
923 -56.670004 77.798660 55.012091
924 -56.689617 77.802449 55.012091
925 -56.730428 77.922712 55.012091
926 -56.570524 78.168191 55.012091
927 -56.034398 78.296010 55.012091
928 -55.391056 78.341891 55.012091
929 -54.744391 78.405681 55.012091
930 -54.107119 78.532392 55.012091
940 -47.916173 79.293776 55.012091
941 -47.206450 79.231235 55.012091
942 -46.626030 79.182060 55.012091
943 -45.982632 79.109445 55.012091
944 -45.340806 79.024113 55.012091
945 -44.701202 78.923419 55.012091
946 -44.061850 78.821049 55.012091
947 -43.422254 78.720259 55.012091
948 -42.845215 78.640724 55.012091
949 -42.142733 78.538017 55.012091
950 -41.440106 78.436101 55.012091
960 -35.024559 77.510336 55.012091
961 -34.386076 77.388875 55.012091
962 -33.755951 77.229645 55.012091
963 -33.134285 77.040464 55.012091
964 -32.539809 76.778439 55.012091
965 -32.034566 76.484378 55.012091
966 -31.466209 75.957746 55.012091
967 -31.074221 75.445566 55.012091
968 -30.836117 75.118004 58.927499
969 -30.673866 74.934510 59.750901
970 -30.392883 74.521107 59.750901
981 -28.249860 71.074193 64.251149
982 -28.053534 70.743021 64.251149
983 -27.622802 70.200138 64.251149
984 -27.064065 69.759763 64.251149
985 -26.571912 69.443565 65.266302
986 -26.021397 69.097985 65.898484
987 -25.476870 68.743037 65.898484
988 -24.984833 68.426628 65.898484
989 -24.378966 68.046972 65.898484
990 -23.787399 67.645647 65.898484
991 -23.310051 67.307626 65.898484
1002 -22.042675 66.582281 66.147791
1003 -22.042675 66.582281 66.147791
1004 -22.068906 66.531785 66.147791
1005 -22.359549 66.444295 66.147791
1006 -22.933078 66.734321 66.147791
1007 -23.369874 67.117027 66.147791
1008 -23.813416 67.592173 66.147791
1009 -24.273618 68.047160 65.898484
1010 -24.786678 68.445864 65.898484
1011 -25.269177 68.776579 65.898484
1012 -25.867096 69.168640 65.898484
1023 -27.900142 73.202118 65.898484
1024 -27.900142 73.202118 65.898484
1025 -27.900142 73.202118 65.898484
1026 -27.918468 73.210100 65.898484
1027 -27.958248 73.207120 65.898484
1028 -28.029273 73.150879 65.898484
1029 -28.097783 72.858845 65.898484
1030 -28.060136 72.398263 65.898484
1031 -27.985644 72.019508 65.898484
1032 -27.958535 71.599678 65.898484
1033 -27.960900 71.306566 65.898484
1044 -27.919685 66.973975 67.073171
1045 -27.957029 66.547124 67.073171
1046 -28.039788 66.176340 68.144627
1047 -28.082579 65.700912 68.144627
1048 -28.066291 65.386572 69.161046
1049 -28.033547 65.003041 69.161046
1050 -28.021272 64.528216 70.123108
1051 -28.012156 63.958300 70.123108
1052 -28.020899 63.463474 70.123108
1053 -28.022334 63.086049 71.173381
1054 -28.027085 62.876264 71.173381
1066 -28.243642 57.918335 76.010856
1067 -28.365937 57.801463 76.010856
1068 -28.915248 57.745461 77.223379
1069 -29.494698 57.802507 77.227005
1070 -30.135041 57.879718 77.227005
1071 -30.780507 57.930163 77.227005
1072 -31.425126 57.951166 77.421510
1073 -32.070113 57.953707 77.421510
1074 -32.717417 57.939743 77.421510
1075 -33.296958 57.916675 77.421510
1076 -34.008884 57.888089 77.421510
1089 -37.915682 57.892328 77.421510
1090 -37.800473 57.809709 77.421510
1091 -37.454212 57.728315 77.421510
1092 -36.879380 57.809909 77.421510
1093 -36.242587 57.940205 77.421510
1094 -35.603666 58.027089 77.421510
1095 -34.957333 58.064367 77.421510
1096 -34.375297 58.087622 77.421510
1097 -33.598443 58.119310 77.421510
1098 -32.954057 58.147389 77.421510
1099 -32.372344 58.177653 77.421510
1113 -23.408069 58.868277 77.375256
1114 -23.343296 58.873705 77.375256
1115 -23.291823 58.802442 77.375256
1116 -23.355153 58.633268 77.375256
1117 -23.867814 58.483451 77.375256
1118 -24.447073 58.490129 77.375256
1119 -25.093741 58.522639 77.375256
1120 -25.742332 58.494370 77.421510
1121 -26.382553 58.382748 77.421510
1122 -26.993751 58.196579 77.421510
1123 -27.468473 57.866620 77.421510
1137 -23.886323 52.652205 80.971910
1138 -23.886323 52.652205 80.971910
1139 -23.886323 52.652205 80.971910
1140 -23.863130 52.671202 80.971910
1141 -23.858357 52.700758 80.971910
1142 -23.884749 52.777772 80.971910
1143 -24.018800 52.884864 80.971910
1144 -24.366005 52.897229 80.971910
1145 -24.955882 52.896739 80.971910
1146 -25.603253 52.908942 80.971910
1147 -26.184293 52.949381 80.971910
1162 -35.405348 51.354068 82.987772
1163 -35.405348 51.354068 82.987772
1164 -35.459514 51.459234 82.987772
1165 -35.517551 51.833681 82.987772
1166 -35.502112 52.264449 82.987772
1167 -35.444236 52.517886 82.987772
1168 -35.411846 52.975568 82.987772
1169 -35.445987 53.106000 82.987772
1170 -35.615302 53.538983 82.987772
1171 -35.740115 53.905320 82.987772
1172 -35.782852 54.136387 82.987772
1187 -31.152909 60.192233 82.987772
1188 -31.152909 60.192233 82.987772
1189 -31.243614 60.300336 82.987772
1190 -31.344992 60.328326 82.987772
1191 -31.453148 60.318371 82.987772
1192 -31.586626 60.298167 82.987772
1193 -31.689765 60.278497 82.987772
1194 -31.728905 60.270248 82.987772
1195 -31.728905 60.270248 82.987772
1196 -31.728905 60.270248 82.987772
1197 -31.728905 60.270248 82.987772
1212 -37.316228 55.798912 82.987772
1213 -37.316228 55.798912 82.987772
1214 -37.466302 55.912435 82.987772
1215 -37.465401 56.360557 82.987772
1216 -37.054228 56.747805 82.987772
1217 -36.377716 56.961144 82.987772
1218 -35.680218 57.118336 82.987772
1219 -35.112611 57.259702 82.987772
1220 -34.492987 57.455773 82.987772
1221 -33.875988 57.660199 82.987772
1222 -33.269042 57.892487 82.987772
1237 -30.241453 63.503770 82.987772
1238 -30.205355 63.781334 82.987772
1239 -30.213607 64.210428 82.987772
1240 -30.269315 64.646756 82.987772
1241 -30.282258 65.071376 82.987772
1242 -30.261572 65.420682 82.987772
1243 -30.210747 65.872803 82.987772
1244 -30.123681 66.349406 82.987772
1245 -30.009700 66.680273 82.987772
1246 -29.920545 66.878650 82.987772
1247 -29.730311 67.324485 82.987772
1262 -28.274683 72.806362 82.987772
1263 -28.142285 73.214326 82.987772
1264 -28.126862 73.637123 82.987772
1265 -28.228335 73.958669 82.987772
1266 -28.309437 74.334290 82.987772
1267 -28.299023 74.581505 82.987772
1268 -28.274924 75.080923 82.987772
1269 -28.257994 75.610642 82.987772
1270 -28.254620 75.943082 82.987772
1271 -28.263561 76.255454 82.987772
1272 -28.271815 76.575316 82.987772
1287 -28.268822 82.602952 82.987772
1288 -28.260431 82.621094 82.987772
1289 -28.022914 82.734847 82.987772
1290 -27.716314 82.585794 82.987772
1291 -27.524409 82.105860 82.987772
1292 -27.469821 81.617155 82.987772
1293 -27.452831 81.392807 82.987772
1294 -27.404164 81.006333 82.987772
1295 -27.206636 80.457191 82.987772
1296 -26.912680 79.972823 82.987772
1297 -26.463110 79.427003 82.987772
1312 -16.822322 78.145436 82.987772
1313 -16.254832 78.084684 82.987772
1314 -15.674982 77.728741 82.987772
1315 -15.452162 77.288208 82.987772
1316 -15.404806 77.138429 82.987772
1317 -15.307467 76.784125 82.987772
1318 -15.075636 76.226037 82.987772
1319 -14.750278 75.695816 82.987772
1320 -14.397280 75.192458 82.987772
1321 -14.080763 74.789586 82.987772
1322 -13.634512 74.240602 82.987772
1339 -10.180641 70.739364 82.987772
1340 -10.180641 70.739364 82.987772
1341 -10.147206 70.749428 82.987772
1342 -10.049153 70.912128 82.987772
1343 -10.226720 71.363432 82.987772
1344 -10.624854 71.787477 82.987772
1345 -11.152074 72.166987 82.987772
1346 -11.684611 72.539539 82.987772
1347 -12.182660 72.956645 82.987772
1348 -12.647257 73.411173 82.987772
1349 -13.055956 73.829716 83.213522
1366 -22.740472 78.505867 83.213522
1367 -23.313770 78.593756 83.213522
1368 -23.955135 78.699284 83.213522
1369 -24.597540 78.798326 83.213522
1370 -25.238599 78.889204 83.213522
1371 -25.847232 79.105959 83.213522
1372 -26.315077 79.533473 83.213522
1373 -26.606346 79.998591 83.213522
1374 -26.778267 80.365112 83.213522
1375 -26.894491 80.657875 83.213522
1376 -27.143807 81.163857 83.213522
1393 -27.394177 85.425838 83.213522
1394 -27.300621 85.613836 83.213522
1395 -27.142777 85.824236 83.213522
1396 -26.743381 86.012319 83.213522
1397 -26.112006 86.091969 83.213522
1398 -25.462492 86.076268 83.213522
1399 -24.818934 86.006856 83.213522
1400 -24.245754 85.890403 83.213522
1401 -23.549527 85.739038 83.213522
1402 -22.876156 85.506259 83.213522
1403 -22.385376 85.188695 83.213522
1420 -18.201284 83.649708 83.213522
1421 -18.201284 83.649708 83.213522
1422 -18.201284 83.649708 83.213522
1423 -18.174941 83.664005 83.213522
1424 -18.109120 83.728234 83.213522
1425 -18.097704 83.755948 83.213522
1426 -18.102872 83.815172 83.213522
1427 -18.191705 83.923198 83.213522
1428 -18.619227 84.011164 83.213522
1429 -19.321334 84.003813 83.213522
1430 -19.903765 83.998031 83.213522
1447 -27.725100 84.011881 83.213522
1448 -27.739556 83.583434 83.213522
1449 -27.814038 83.324026 83.213522
1450 -27.899415 82.852163 83.213522
1451 -27.916552 82.358182 83.213522
1452 -27.906543 81.778374 83.213522
1453 -27.898039 81.618725 83.213522
1454 -27.875656 81.234469 83.213522
1455 -27.864769 80.699587 83.213522
1456 -27.860886 80.199619 83.213522
1457 -27.889239 79.765909 83.213522
1474 -28.673437 72.929815 83.213522
1475 -28.721653 72.639421 83.213522
1476 -28.806097 72.315461 83.213522
1477 -28.868834 71.719337 83.213522
1478 -28.875092 71.309409 83.213522
1479 -28.888269 71.045264 83.213522
1480 -28.959073 70.631281 83.213522
1481 -29.025050 70.115552 83.213522
1482 -29.076032 69.618176 83.213522
1483 -29.143520 69.321931 83.213522
1484 -29.295336 68.973596 83.213522
1501 -30.840392 62.501299 83.213522
1502 -30.986103 62.172256 83.213522
1503 -31.114635 61.638427 83.213522
1504 -31.133004 61.454512 83.213522
1505 -31.171336 61.041286 83.213522
1506 -31.225129 60.416108 83.213522
1507 -31.271104 59.988627 83.213522
1508 -31.342630 59.661882 83.213522
1509 -31.441485 59.320939 83.213522
1510 -31.657082 58.779049 83.213522
1511 -32.114746 58.326936 83.213522
1528 -42.262991 53.789996 83.213522
1529 -42.800082 53.623349 83.213522
1530 -43.251228 53.379329 83.213522
1531 -43.643221 52.883981 83.213522
1532 -43.743056 52.652059 83.213522
1533 -43.916435 52.253137 83.213522
1534 -44.186047 51.751199 83.213522
1535 -44.331107 51.546187 83.213522
1536 -44.624584 51.238815 83.213522
1537 -44.983651 50.803190 83.213522
1538 -45.318526 50.299377 83.213522
1556 -46.708977 48.059569 83.213522
1557 -46.708977 48.059569 83.213522
1558 -46.708977 48.059569 83.213522
1559 -46.708977 48.059569 83.213522
1560 -46.766905 48.072719 83.213522
1561 -46.902623 48.294144 83.213522
1562 -46.760587 48.776846 83.213522
1563 -46.427226 49.278066 83.213522
1564 -45.962203 49.732180 83.213522
1565 -45.544462 50.141670 83.213522
1566 -45.062574 50.669614 83.213522
1583 -35.334049 51.018506 83.213522
1584 -34.759933 50.920087 83.213522
1585 -34.056344 50.807853 83.213522
1586 -33.354985 50.669219 83.213522
1587 -32.779477 50.564625 83.213522
1588 -32.148176 50.415811 83.213522
1589 -31.636933 50.029045 83.213522
1590 -31.384879 49.566849 83.213522
1591 -31.212698 49.077602 83.213522
1592 -31.154122 48.801243 83.213522
1593 -31.062648 48.353043 84.722195
1610 -30.421936 41.484555 91.841441
1611 -30.433313 41.422221 92.861242
1612 -30.615656 41.315919 92.861242
1613 -30.986370 41.459349 92.861242
1614 -31.195075 42.005923 93.449935
1615 -31.207706 42.167691 93.449935
1616 -31.252957 42.607543 93.459137
1617 -31.399080 43.180740 93.459137
1618 -31.595982 43.569609 93.449935
1619 -32.049440 43.905877 93.449935
1620 -32.681935 44.015135 93.449935
1639 -41.247248 42.716205 93.449935
1640 -41.162070 42.664688 93.449935
1641 -40.817841 42.619598 93.449935
1642 -40.221393 42.718441 93.449935
1643 -39.584828 42.849856 93.449935
1644 -38.947438 42.977179 93.449935
1645 -38.378665 43.090690 93.449935
1646 -37.677660 43.231432 93.449935
1647 -37.038685 43.350143 93.449935
1648 -36.396658 43.451608 93.449935
1649 -35.818328 43.539674 93.449935
1669 -23.293617 45.812712 93.495724
1670 -23.293617 45.812712 93.495724
1671 -23.258344 45.777703 93.495724
1672 -23.246763 45.494028 93.495724
1673 -23.626465 45.083486 93.495724
1674 -24.119113 44.770605 93.495724
1675 -24.783092 44.513524 93.495724
1676 -25.422730 44.195657 93.495724
1677 -25.931144 43.906577 93.459137
1678 -26.511124 43.624384 93.495724
1679 -27.051628 43.321802 93.495724
1699 -27.982413 35.480338 98.042085
1700 -27.982413 35.480338 98.042085
1701 -27.982413 35.480338 98.472587
1702 -27.982413 35.480338 98.472587
1703 -27.931150 35.505237 98.472587
1704 -27.833321 35.742494 98.548924
1705 -27.992767 36.024571 98.548924
1706 -28.472114 36.187946 98.548924
1707 -29.184019 36.206532 98.548924
1708 -29.893993 36.254998 98.548924
1709 -30.469834 36.357355 98.548924
1730 -39.752275 37.941780 98.548924
1731 -39.663298 37.877680 98.548924
1732 -39.369414 37.767342 98.548924
1733 -38.867641 37.761336 98.548924
1734 -38.230584 37.861846 98.587679
1735 -37.590541 37.958993 98.587679
1736 -36.944944 38.006699 98.587679
1737 -36.302743 38.025746 98.548924
1738 -35.660329 38.035929 98.548924
1739 -35.080377 38.043373 98.548924
1740 -34.372937 38.052537 98.548924
1761 -21.575486 39.924381 98.548924
1762 -21.575486 39.924381 98.548924
1763 -21.575486 39.924381 98.548924
1764 -21.641963 39.842508 98.548924
1765 -21.992348 39.738163 98.548924
1766 -22.623859 39.738971 98.548924
1767 -23.334486 39.788302 98.548924
1768 -23.914081 39.775406 98.548924
1769 -24.561182 39.714292 98.548924
1770 -25.205113 39.626204 98.548924
1771 -25.846521 39.520924 98.548924
1793 -39.791231 38.127796 98.587679
1794 -40.373402 38.147379 98.587679
1795 -41.020465 38.170892 98.587679
1796 -41.658575 38.219818 98.587679
1797 -42.304789 38.260577 98.587679
1798 -42.951745 38.285723 98.587679
1799 -43.536363 38.269138 98.587679
1800 -44.240483 38.164054 98.587679
1801 -44.876854 38.045198 98.587679
1802 -45.456472 37.989401 98.587679
1803 -46.030185 37.951155 98.587679
1825 -46.612786 37.741505 98.587679
1826 -46.701567 37.775742 98.587679
1827 -46.720964 37.798121 98.587679
1828 -46.723770 37.889197 98.587679
1829 -46.494540 38.049386 98.587679
1830 -46.056194 38.080170 98.587679
1831 -45.439524 38.020592 98.587679
1832 -44.798141 37.957944 98.587679
1833 -44.221165 38.025551 98.587679
1834 -43.543696 38.220238 98.587679
1835 -42.844405 38.339545 98.587679
1857 -30.935608 34.838748 98.587679
1858 -30.761082 34.349469 98.587679
1859 -30.798206 34.120781 98.587679
1860 -31.128101 33.715890 98.787299
1861 -31.597207 33.266319 98.787299
1862 -32.102582 32.866253 98.787299
1863 -32.681332 32.574352 98.787299
1864 -33.239479 32.399408 98.828389
1865 -33.923124 32.190071 98.828389
1866 -34.600565 31.961420 98.828389
1867 -35.068156 31.833184 98.828389
1889 -35.369843 31.654206 98.828389
1890 -35.369843 31.654206 98.828389
1891 -35.397802 31.616179 98.828389
1892 -35.682130 31.549447 98.828389
1893 -36.247100 31.596688 98.828389
1894 -36.892692 31.644055 98.828389
1895 -37.539673 31.624596 98.828389
1896 -38.246282 31.555554 98.828389
1897 -38.827933 31.493097 98.828389
1898 -39.536712 31.400012 98.828389
1899 -40.112996 31.299416 98.828389
1922 -47.399006 29.594961 98.828389
1923 -47.311481 29.537455 98.828389
1924 -47.009786 29.434544 98.828389
1925 -46.450271 29.473447 98.828389
1926 -45.824834 29.639995 98.828389
1927 -45.203786 29.831761 98.828389
1928 -44.575334 29.986754 98.828389
1929 -43.936481 30.106007 98.828389
1930 -43.232954 30.218648 98.828389
1931 -42.653891 30.301459 98.828389
1932 -42.015696 30.394414 98.828389
1957 -29.545589 27.635051 98.953981
1958 -29.527032 27.514829 98.953981
1959 -29.745931 27.139905 98.953981
1960 -30.232774 26.846707 98.953981
1961 -30.835732 26.604421 98.953981
1962 -31.451219 26.395497 98.953981
1963 -32.074343 26.211099 98.996618
1964 -32.698241 26.028862 98.996618
1965 -33.309184 25.807869 98.996618
1966 -33.840565 25.563368 98.996618
1967 -34.452115 25.204769 98.996618
1991 -34.985227 24.495787 98.996618
1992 -34.880781 24.432716 98.996618
1993 -34.764535 24.404276 98.996618
1994 -34.445221 24.388834 98.996618
1995 -33.827940 24.522026 98.996618
1996 -33.318284 24.802333 98.996618
1997 -32.760053 25.104527 98.996618
1998 -32.403202 25.239896 98.996618
1999 -32.071549 25.277423 98.996618
2000 -31.546028 25.214851 98.996618
2001 -30.927229 24.874517 98.996618
2026 -25.600528 19.114106 106.093216
2027 -25.600528 19.114106 106.093216
2028 -25.600528 19.114106 106.093216
2029 -25.779495 19.065871 106.093216
2030 -26.239094 19.077277 106.093216
2031 -26.881076 19.102317 106.093216
2032 -27.528369 19.096791 106.093216
2033 -28.173785 19.045658 106.093216
2034 -28.813820 18.965910 106.093216
2035 -29.457583 18.876185 105.906801
2036 -30.162401 18.771960 105.906801
2063 -34.644883 17.984995 105.906801
2064 -34.594906 17.871864 105.906801
2065 -34.658525 17.673294 105.906801
2066 -34.800478 17.555517 105.906801
2067 -35.030328 17.424132 105.906801
2068 -35.526277 17.319703 105.906801
2069 -36.173729 17.312687 105.906801
2070 -36.813241 17.225430 105.906801
2071 -37.327252 16.953327 105.906801
2072 -37.849158 16.465194 105.906801
2073 -38.354511 15.959391 114.853169
2087 -41.593868 12.854068 115.169486
2088 -41.541518 12.692956 115.169486
2089 -41.732555 12.214185 115.169486
2090 -42.081913 11.748196 115.169486
2091 -42.607887 11.371829 115.169486
2092 -43.195476 11.095191 115.169486
2093 -43.791450 10.835771 115.169486
2094 -44.383362 10.567264 115.169486
2095 -44.963800 10.274782 115.169486
2096 -45.471668 9.984531 115.169486
2097 -46.083998 9.615388 115.169486
2123 -48.071886 8.301935 115.169486
2124 -48.071886 8.301935 115.169486
2125 -48.071886 8.301935 115.169486
2126 -48.071886 8.301935 115.169486
2127 -48.071886 8.301935 115.169486
2128 -48.071886 8.301935 115.169486
2129 -48.079692 8.392456 115.169486
2130 -47.850632 8.560837 115.169486
2131 -47.392104 8.591307 115.169486
2132 -46.753802 8.522360 115.169486
2133 -46.112260 8.434908 115.169486
2160 -32.744575 0.212228 122.739605
2161 -32.716971 0.223843 122.739605
2162 -32.603777 0.395178 122.739605
2163 -32.724309 0.915889 126.106188
2164 -33.167468 1.287080 126.106188
2165 -33.768505 1.533199 126.106188
2166 -34.370690 1.777580 126.106188
2167 -34.941400 2.087129 126.106188
2168 -35.473436 2.460180 126.106188
2169 -35.981728 2.865312 126.106188
2170 -36.434302 3.235978 126.106188
2199 -51.066487 12.913578 126.106188
2200 -51.066487 12.913578 126.106188
2201 -51.026549 12.946365 126.106188
2202 -50.931306 12.934882 126.106188
2203 -50.842112 12.753793 126.106188
2204 -50.677669 12.302941 126.106188
2205 -50.400921 11.812838 126.106188
2206 -49.907367 11.396212 126.106188
2207 -49.377266 11.156767 126.106188
2208 -48.693300 10.949303 126.106188
2209 -48.002665 10.764264 125.710026
2240 -32.447028 -0.726958 125.710026
2241 -32.016218 -1.122666 125.710026
2242 -31.551751 -1.561813 125.710026
2243 -31.280274 -1.956907 125.710026
2244 -31.209177 -2.149139 125.710026
2245 -31.145229 -2.593379 135.290098
2246 -31.124309 -3.087868 135.290098
2247 -30.997612 -3.754109 136.091773
2248 -30.787880 -4.186938 136.091773
2249 -30.698476 -4.325609 137.122904
2250 -30.472883 -4.703308 137.122904
2267 -29.238564 -7.140729 141.056622
2268 -29.238564 -7.140729 141.056622
2269 -29.230482 -7.134839 141.056622
2270 -29.151575 -6.922808 141.056622
2271 -29.243826 -6.497064 141.399614
2272 -29.342893 -6.217178 141.399614
2273 -29.491049 -5.979589 141.399614
2274 -29.782441 -5.525062 141.399614
2275 -29.920969 -5.240338 141.399614
2276 -30.022165 -4.920996 141.399614
2277 -30.140263 -4.554590 141.399614
2309 -36.402632 8.384977 141.399614
2310 -36.399896 8.704958 141.399614
2311 -36.437441 9.152717 141.399614
2312 -36.514868 9.345057 141.399614
2313 -36.632771 9.819103 141.399614
2314 -36.650503 10.120669 141.399614
2315 -36.646048 10.465623 141.399614
2316 -36.648060 10.995619 141.399614
2317 -36.647141 11.310586 141.399614
2318 -36.646658 11.615582 141.399614
2319 -36.651621 12.090511 141.399614
2351 -23.656823 17.945948 141.399614
2352 -23.010292 17.981359 141.399614
2353 -22.363666 18.014926 141.399614
2354 -21.781864 18.043445 141.399614
2355 -21.072435 18.071276 141.399614
2356 -20.365100 18.086566 141.399614
2357 -19.787742 18.099350 141.399614
2358 -19.145395 18.113401 141.399614
2359 -18.498047 18.127330 141.399614
2360 -17.853253 18.143644 141.399614
2361 -17.206039 18.162659 141.399614
2395 -9.400722 18.784189 141.374859
2396 -9.400722 18.784189 141.374859
2397 -9.359422 18.801527 141.374859
2398 -9.237115 19.044807 141.374859
2399 -9.395038 19.317578 141.399614
2400 -9.847543 19.470226 141.399614
2401 -10.494343 19.495293 141.399614
2402 -11.142579 19.537690 141.399614
2403 -11.778754 19.656105 141.374859
2404 -12.403231 19.835569 141.374859
2405 -13.017784 20.047152 141.374859
2425 -18.172867 26.388521 141.399614
2426 -18.172867 26.388521 141.399614
2427 -18.113126 26.423805 141.399614
2428 -18.012436 26.293068 141.399614
2429 -17.960745 25.949634 141.399614
2430 -17.923728 25.387195 141.399614
2431 -17.854007 25.000334 141.399614
2432 -17.644584 24.524498 141.399614
2433 -17.190525 24.150794 141.399614
2434 -16.591676 24.028757 141.399614
2435 -16.418333 24.052573 141.399614
2473 -7.696702 25.468371 141.399614
2474 -7.961556 25.477183 141.399614
2475 -8.281382 25.487736 141.399614
2476 -8.448792 25.493218 141.399614
2477 -8.518755 25.495508 141.399614
2478 -8.605653 25.460065 141.399614
2479 -8.772280 25.113049 141.399614
2480 -8.827677 24.757574 141.399614
2481 -8.888202 24.453657 141.399614
2482 -8.985020 23.952962 141.399614
2483 -9.147584 23.574784 141.399614
2522 -27.739117 24.386922 141.399614
2523 -27.777252 24.683685 141.399614
2524 -27.871827 24.978842 141.399614
2525 -27.964586 25.510142 141.399614
2526 -27.975381 25.764610 141.399614
2527 -27.964811 26.134458 141.399614
2528 -27.972432 26.484135 141.399614
2529 -28.035423 26.818154 141.399614
2530 -28.068940 27.191399 141.399614
2531 -28.081710 27.481087 141.399614
2532 -28.123922 28.019432 141.399614
2571 -28.351956 43.208247 141.399614
2572 -28.362441 43.513067 141.399614
2573 -28.378937 44.027796 141.399614
2574 -28.380670 44.300260 141.399614
2575 -28.375294 44.640195 141.399614
2576 -28.385491 45.180092 141.399614
2577 -28.399836 45.477189 141.399614
2578 -28.422368 45.869020 141.399614
2579 -28.424481 46.233937 141.399614
2580 -28.418449 46.546379 141.399614
2581 -28.413045 46.826327 141.399614
2620 -28.557388 62.359280 141.399614
2621 -28.576503 62.688716 141.399614
2622 -28.606849 63.197801 141.399614
2623 -28.601646 63.392728 141.399614
2624 -28.598626 63.872714 141.399614
2625 -28.599659 64.327713 141.399614
2626 -28.618549 64.792325 141.399614
2627 -28.606390 65.047030 141.399614
2628 -28.597895 65.501937 141.399614
2629 -28.603226 65.659346 141.399614
2630 -28.617611 66.084103 141.399614
2670 -28.803239 81.735820 141.399614
2671 -28.817134 82.015475 141.399614
2672 -28.828542 82.465273 141.399614
2673 -28.821280 82.930216 141.399614
2674 -28.818751 83.220172 141.399614
2675 -28.827527 83.580065 141.399614
2676 -28.829046 84.069936 141.399614
2677 -28.816446 84.414664 141.399614
2678 -28.802613 84.689299 141.399614
2679 -28.811744 85.189132 141.399614
2680 -28.830448 85.588663 141.399614
2719 -30.192218 100.723986 141.399614
2720 -30.196460 100.733042 141.399614
2721 -30.248469 100.796256 141.399614
2722 -30.307183 100.834086 141.399614
2723 -30.371097 100.829130 141.399614
2724 -30.465940 100.730098 141.399614
2725 -30.512948 100.356671 141.399614
2726 -30.462264 99.877187 141.399614
2727 -30.387885 99.438512 141.399614
2728 -30.333055 99.025937 141.399614
2729 -30.267284 98.735918 141.399614
2768 -29.092370 84.247056 141.399614
2769 -29.118179 84.201713 141.399614
2770 -29.208257 84.168735 141.399614
2771 -29.360795 84.309304 141.399614
2772 -29.477891 84.748364 141.399614
2773 -29.454343 85.278922 141.399614
2774 -29.342456 85.745578 141.399614
2775 -29.278328 86.035881 141.399614
2776 -29.253902 86.344868 141.399614
2777 -29.242168 86.849690 141.399614
2778 -29.247937 87.262060 141.399614
2817 -30.710925 102.462627 141.399614
2818 -30.710925 102.462627 141.399614
2819 -30.710925 102.462627 141.399614
2820 -30.656906 102.419155 141.399614
2821 -30.577241 102.067482 141.399614
2822 -30.583531 101.545570 141.399614
2823 -30.622249 101.403365 141.399614
2824 -30.695977 100.980481 141.399614
2825 -30.685909 100.762316 141.399614
2826 -30.564707 100.391675 141.399614
2827 -30.491630 100.126880 141.399614
2866 -29.542676 84.948872 141.399614
2867 -29.583670 84.460912 141.399614
2868 -29.628280 83.912870 141.399614
2869 -29.609157 83.418676 141.399614
2870 -29.606959 83.263802 141.399614
2871 -29.603646 82.883819 141.399614
2872 -29.601904 82.563855 141.399614
2873 -29.601380 82.248876 141.399614
2874 -29.576441 81.696947 141.399614
2875 -29.554944 81.468214 141.399614
2876 -29.524531 81.124765 141.399614
2915 -29.348893 66.545637 141.399614
2916 -29.369671 66.201702 141.399614
2917 -29.404653 65.913952 141.399614
2918 -29.448115 65.511641 141.399614
2919 -29.445525 65.011727 141.399614
2920 -29.423711 64.747987 141.399614
2921 -29.377393 64.375929 141.399614
2922 -29.339728 63.809800 141.399614
2923 -29.335749 63.587380 141.399614
2924 -29.331682 63.217435 141.399614
2925 -29.306537 62.805890 141.399614
2964 -29.087568 47.520530 141.399614
2965 -29.110059 47.476213 141.399614
2966 -29.167191 47.437443 141.399614
2967 -29.263819 47.465109 141.399614
2968 -29.383797 47.739070 141.399614
2969 -29.428868 48.223886 141.399614
2970 -29.372007 48.383537 141.399614
2971 -29.216174 48.878476 141.399614
2972 -29.204650 49.072567 141.399614
2973 -29.204013 49.442566 141.399614
2974 -29.203065 49.992565 141.399614
3014 -29.417432 65.246883 141.399614
3015 -29.410100 65.761810 141.399614
3016 -29.422104 66.236642 141.399614
3017 -29.449641 66.404376 141.399614
3018 -29.479159 66.853134 141.399614
3019 -29.487451 67.383070 141.399614
3020 -29.481728 67.618000 141.399614
3021 -29.471135 68.052871 141.399614
3022 -29.460323 68.522746 141.399614
3023 -29.442786 68.997380 141.399614
3024 -29.457711 69.562183 141.399614
3063 -29.650859 86.065017 141.399614
3064 -29.652318 86.279943 141.399614
3065 -29.646439 86.774902 141.399614
3066 -29.653119 86.994766 141.399614
3067 -29.667652 87.354473 141.399614
3068 -29.670529 87.869333 141.399614
3069 -29.677337 88.124242 141.399614
3070 -29.685482 88.574156 141.399614
3071 -29.690554 89.039128 141.399614
3072 -29.685173 89.224050 141.399614
3073 -29.674847 89.578900 141.399614
3112 -31.654599 105.003051 141.399614
3113 -31.654599 105.003051 141.399614
3114 -31.684345 105.006512 141.399614
3115 -31.713281 104.998784 141.399614
3116 -31.713281 104.998784 141.399614
3117 -31.715364 104.978897 141.399614
3118 -31.684042 104.837418 141.399614
3119 -31.604982 104.415101 141.399614
3120 -31.573821 104.016463 141.399614
3121 -31.562370 103.711762 141.399614
3122 -31.474383 103.238279 141.399614
3161 -29.752008 88.666756 141.399614
3162 -29.770335 88.287313 141.399614
3163 -29.846666 87.798432 141.399614
3164 -29.845574 87.565982 141.399614
3165 -29.840467 87.138513 141.399614
3166 -29.831356 86.803873 141.399614
3167 -29.786874 86.502245 141.399614
3168 -29.766274 85.992809 141.399614
3169 -29.764948 85.592852 141.399614
3170 -29.768586 85.082995 141.399614
3171 -29.742145 84.829391 141.399614
3210 -29.606041 69.705669 141.399614
3211 -29.617700 69.689442 141.399614
3212 -29.657512 69.660184 141.399614
3213 -29.741809 69.672657 141.399614
3214 -29.858221 69.897897 141.399614
3215 -29.881270 70.413632 141.399614
3216 -29.846490 70.746575 141.399614
3217 -29.770181 71.047004 141.399614
3218 -29.701383 71.506532 141.399614
3219 -29.692276 71.825844 141.399614
3220 -29.719351 72.219874 141.399614
3259 -29.850516 87.912421 141.399614
3260 -29.862782 88.106108 141.399614
3261 -29.975879 88.431945 141.399614
3262 -30.076611 88.971505 141.399614
3263 -30.086036 89.446104 141.399614
3264 -30.079640 89.720899 141.399614
3265 -30.054575 90.079987 141.399614
3266 -30.043631 90.549831 141.399614
3267 -30.046876 90.909749 141.399614
3268 -30.060515 91.209439 141.399614
3269 -30.075387 91.654171 141.399614
3308 -32.499836 106.056197 141.399614
3309 -32.499836 106.056197 141.399614
3310 -32.415552 106.162529 141.399614
3311 -32.079094 106.178442 141.399614
3312 -31.672223 105.745039 141.399614
3313 -31.515650 105.389387 141.399614
3314 -31.451359 105.116884 141.399614
3315 -31.343164 104.587884 141.399614
3316 -31.308995 104.385786 141.399614
3317 -31.255365 104.075405 141.399614
3318 -31.131164 103.596481 141.399614
3357 -29.131811 89.306171 141.399614
3358 -29.184792 88.854320 141.399614
3359 -29.225406 88.542038 141.399614
3360 -29.279767 88.242024 141.399614
3361 -29.302041 87.672950 141.399614
3362 -29.284296 87.363719 141.399614
3363 -29.219019 87.045405 141.399614
3364 -29.171685 86.502816 141.399614
3365 -29.168616 86.182958 141.399614
3366 -29.187039 85.873510 141.399614
3367 -29.187498 85.348623 141.399614
3406 -28.982067 70.136954 141.399614
3407 -28.996797 70.110903 141.399614
3408 -29.084068 70.071043 141.399614
3409 -29.221292 70.177034 141.399614
3410 -29.319087 70.577748 141.399614
3411 -29.284093 71.132869 141.399614
3412 -29.219495 71.397712 141.399614
3413 -29.113895 71.793345 141.399614
3414 -29.073615 72.165853 141.399614
3415 -29.097205 72.617525 141.399614
3416 -29.120106 73.124153 141.399614
3455 -29.251925 89.003363 141.399614
3456 -29.252676 89.188228 141.399614
3457 -29.247004 89.543169 141.399614
3458 -29.248029 90.093166 141.399614
3459 -29.262020 90.457861 141.399614
3460 -29.263000 90.742599 141.399614
3461 -29.253707 91.117429 141.399614
3462 -29.279208 91.631627 141.399614
3463 -29.282683 91.791469 141.399614
3464 -29.289528 92.151395 141.399614
3465 -29.301376 92.608738 141.399614
3504 -35.196915 108.772940 141.399614
3505 -35.613558 109.180018 141.399614
3506 -36.074082 109.638729 141.399614
3507 -36.507015 110.119185 141.399614
3508 -36.815160 110.621998 141.399614
3509 -36.954633 111.107749 141.399614
3510 -36.948356 111.326591 141.399614
3511 -36.848817 111.656895 141.399614
3512 -36.778114 112.064745 141.399614
3513 -36.784116 112.344658 141.399614
3514 -36.800501 112.869403 141.399614
3553 -40.110200 124.012294 141.399614
3554 -39.947118 123.846585 141.399614
3555 -39.801094 123.692206 141.399614
3556 -39.688914 123.574643 141.399614
3557 -39.633739 123.524116 141.399614
3558 -39.500247 123.480614 141.399614
3559 -39.549797 123.487308 141.399614
3560 -39.465135 123.509391 141.399614
3561 -39.142223 123.540291 141.399614
3562 -38.540012 123.524589 141.399614
3563 -37.981778 123.480810 141.399614
3602 -35.358008 108.065988 141.399614
3603 -34.898414 107.606354 141.399614
3604 -34.433235 107.152407 141.399614
3605 -33.911735 106.663281 141.399614
3606 -33.431538 106.225217 141.399614
3607 -33.000303 105.829921 141.399614
3608 -32.521966 105.393654 141.399614
3609 -32.023796 104.976316 141.399614
3610 -31.582365 104.499805 141.399614
3611 -31.384587 104.211456 141.399614
3612 -31.239614 103.960299 141.399614
3652 -29.134462 88.429070 141.399614
3653 -29.179517 87.966382 141.399614
3654 -29.206506 87.829008 141.399614
3655 -29.255228 87.407082 141.399614
3656 -29.261515 86.837331 141.399614
3657 -29.246658 86.597859 141.399614
3658 -29.211969 86.254609 141.399614
3659 -29.179271 85.650609 141.399614
3660 -29.168184 85.153245 141.399614
3661 -29.172770 84.923292 141.399614
3662 -29.166443 84.448369 141.399614
3701 -28.936148 68.894406 141.399614
3702 -28.950754 68.445177 141.399614
3703 -29.001950 67.942792 141.399614
3704 -29.030831 67.694475 141.399614
3705 -29.050226 67.340114 141.399614
3706 -29.036666 66.737830 141.399614
3707 -29.010811 66.160909 141.399614
3708 -28.986932 65.668993 141.399614
3709 -28.964482 65.498028 141.399614
3710 -28.928952 65.029655 141.399614
3711 -28.920942 64.589806 141.399614
3750 -28.696587 49.084007 141.399614
3751 -28.723238 48.917267 141.399614
3752 -28.843993 48.463313 141.399614
3753 -28.886018 47.965808 141.399614
3754 -28.852133 47.784098 141.399614
3755 -28.786347 47.334284 141.399614
3756 -28.756122 46.780122 141.399614
3757 -28.753847 46.610138 141.399614
3758 -28.746334 46.140198 141.399614
3759 -28.735010 45.700456 141.399614
3760 -28.698875 45.468295 141.399614
3799 -28.401152 29.854581 141.399614
3800 -28.408319 29.449644 141.399614
3801 -28.421871 29.215035 141.399614
3802 -28.436319 28.705433 141.399614
3803 -28.407239 28.281490 141.399614
3804 -28.364187 28.122283 141.399614
3805 -28.288234 27.714813 141.399614
3806 -28.273840 27.440198 141.399614
3807 -28.249262 27.035944 141.399614
3808 -28.233182 26.601350 141.399614
3809 -28.245932 26.291623 141.399614
3848 -12.300893 15.333335 141.399614
3849 -12.292688 15.098482 141.399614
3850 -12.267730 14.614127 141.399614
3851 -12.256274 14.179416 141.399614
3852 -12.263277 13.944520 141.399614
3853 -12.277879 13.454738 141.399614
3854 -12.287448 13.049889 141.399614
3855 -12.276318 12.865224 141.399614
3856 -12.245636 12.356148 141.399614
3857 -12.240176 11.891247 141.399614
3858 -12.249733 11.709016 141.399614
3897 -25.781821 -0.429656 141.399614
3898 -25.781821 -0.429656 141.399614
3899 -25.813011 -0.392387 141.399614
3900 -25.791330 -0.288320 141.399614
3901 -25.551408 -0.184505 141.399614
3902 -25.022946 -0.181679 141.399614
3903 -24.381835 -0.252333 141.399614
3904 -23.737821 -0.268828 141.399614
3905 -23.160186 -0.196658 141.399614
3906 -22.458436 -0.089620 141.399614
3907 -21.752142 -0.055380 141.399614
3947 -11.227213 -7.393512 141.399614
3948 -11.068935 -7.464789 141.399614
3949 -10.599183 -7.407417 141.399614
3950 -10.005832 -7.148779 141.399614
3951 -9.475924 -6.900958 141.399614
3952 -8.831085 -6.592096 141.399614
3953 -8.180360 -6.295926 141.399614
3954 -7.646070 -6.057688 141.399614
3955 -7.050727 -5.796804 141.399614
3956 -6.440426 -5.582674 141.399614
3957 -5.804156 -5.481209 141.399614
3999 3.753689 -4.755006 141.399614
4000 3.821127 -4.810518 141.399614
4001 4.184093 -4.883393 141.399614
4002 4.719025 -4.875550 141.399614
4003 5.363654 -4.856517 141.399614
4004 6.008881 -4.802631 141.399614
4005 6.652019 -4.710265 141.399614
4006 7.283418 -4.556765 141.399614
4007 7.905010 -4.366770 141.399614
4008 8.521281 -4.160195 141.399614
4009 9.205982 -3.954437 141.399614
4033 11.493305 -3.319534 141.399614
4034 11.493305 -3.319534 141.399614
4035 11.423970 -3.404250 141.399614
4036 11.058279 -3.406037 141.399614
4037 10.538292 -3.069652 141.399614
4038 10.134332 -2.596848 141.399614
4039 9.846561 -2.139927 141.399614
4040 9.688530 -1.946457 141.399614
4041 9.340993 -1.546324 141.399614
4042 8.940683 -1.119840 141.399614
4043 8.465210 -0.688575 141.399614
4087 8.944810 6.439493 141.399614
4088 9.080890 6.384681 141.399614
4089 9.508632 6.417811 141.399614
4090 9.999973 6.813370 141.399614
4091 10.309221 7.361816 141.399614
4092 10.390672 7.481711 141.399614
4093 10.634070 7.866071 141.399614
4094 10.998537 8.391668 141.399614
4095 11.433750 8.874161 141.399614
4096 11.840777 9.290805 141.399614
4097 12.353335 9.789298 141.399614
4143 17.310132 13.282999 141.399614
4144 17.464820 13.203391 141.399614
4145 17.902865 13.216649 141.399614
4146 18.497601 13.465750 141.399614
4147 19.076145 13.756475 141.399614
4148 19.597336 14.022148 141.399614
4149 20.238368 14.338824 141.399614
4150 20.809001 14.649879 141.399614
4151 21.393802 14.932240 141.399614
4152 22.012886 15.128700 141.399614
4153 22.640401 15.298092 141.399614
4179 26.198130 15.980127 141.399614
4180 26.198130 15.980127 141.399614
4181 26.276506 16.035923 141.399614
4182 26.364932 16.314198 141.399614
4183 26.314854 16.811459 141.399614
4184 26.256645 17.227243 141.399614
4185 26.269323 17.460670 141.399614
4186 26.338041 17.814047 141.399614
4187 26.450518 18.372819 141.399614
4188 26.542907 18.593855 141.399614
4189 26.702785 18.976639 141.399614
4237 31.324595 24.519738 141.399614
4238 31.403192 24.344582 141.399614
4239 31.325482 23.863169 141.399614
4240 30.984497 23.283310 141.399614
4241 30.540038 22.907216 141.399614
4242 29.959628 22.489711 141.399614
4243 29.432178 22.109885 141.399614
4244 28.967534 21.754468 141.399614
4245 28.464322 21.343100 141.399614
4246 27.972397 20.918249 141.399614
4247 27.482690 20.490840 141.399614
4274 13.954104 11.095729 141.399614
4275 13.944180 11.096964 141.399614
4276 13.851097 11.171430 141.399614
4277 13.880352 11.328359 141.399614
4278 14.085663 11.585390 141.399614
4279 14.481950 11.867243 141.399614
4280 15.034165 12.022410 141.399614
4281 15.676210 12.122671 141.399614
4282 16.318648 12.221053 141.399614
4283 16.944223 12.366538 141.399614
4284 17.567716 12.510302 141.399614
4336 22.279697 1.298933 142.992065
4337 22.279697 1.298933 142.992065
4338 22.359180 1.357555 142.992065
4339 22.446346 1.725683 142.992065
4340 22.418255 2.284684 142.992065
4341 22.371673 2.416463 142.992065
4342 22.198173 2.804357 142.992065
4343 22.112123 3.086226 142.992065
4344 22.021715 3.429493 142.992065
4345 21.943093 3.892701 142.992065
4346 21.935440 4.072537 142.992065
4401 9.125226 3.622433 142.992065
4402 9.020030 3.407378 142.992065
4403 8.784164 3.128834 142.992065
4404 8.443089 2.595367 142.992065
4405 8.345308 2.357415 142.992065
4406 8.214296 2.043809 142.992065
4407 7.971289 1.457266 142.992065
4408 7.862267 1.205001 142.992065
4409 7.707606 0.977635 142.992065
4410 7.510433 0.569541 142.992065
4411 7.458442 0.094749 142.992065
4467 2.385698 2.311906 142.992065
4468 2.447079 2.104483 142.992065
4469 2.444223 1.664843 142.992065
4470 2.386997 1.396378 142.992065
4471 2.304881 0.944241 142.992065
4472 2.292984 0.479878 142.992065
4473 2.309415 0.323252 142.992065
4474 2.356273 -0.161923 142.992065
4475 2.375017 -0.675202 142.992065
4476 2.372640 -1.083923 142.992065
4477 2.396704 -1.559430 142.992065
4532 16.212215 12.009086 142.992065
4533 16.724876 12.290769 142.992065
4534 17.284777 12.620820 142.992065
4535 17.863146 12.917350 142.992065
4536 18.510617 13.220665 142.992065
4537 19.044205 13.460391 142.992065
4538 19.695511 13.755340 142.992065
4539 20.283872 14.031549 142.992065
4540 20.790247 14.323386 142.992065
4541 21.305464 14.719326 142.992065
4542 21.847342 15.076692 142.992065
4598 38.593047 24.217303 142.992065
4599 38.593047 24.217303 142.992065
4600 38.593047 24.217303 142.992065
4601 38.593047 24.217303 142.992065
4602 38.593047 24.217303 142.992065
4603 38.596847 24.286661 142.992065
4604 38.532605 24.383116 142.992065
4605 38.212226 24.455261 142.992065
4606 37.773480 24.193472 142.992065
4607 37.609958 23.769531 142.992065
4608 37.607615 23.514637 142.992065
4663 36.393159 16.917883 142.992065
4664 36.419071 16.812360 142.992065
4665 36.260721 16.582913 142.992065
4666 35.726955 16.467664 142.992065
4667 35.017485 16.449283 142.992065
4668 34.372650 16.435368 142.992065
4669 33.792229 16.390929 142.992065
4670 33.284651 16.199431 142.992065
4671 32.944880 15.743328 142.992065
4672 32.929012 15.549702 142.992065
4673 32.951718 15.165387 142.992065
4730 32.571345 10.920831 142.992065
4731 32.571345 10.920831 142.992065
4732 32.609817 10.948345 142.992065
4733 32.709677 11.218924 142.992065
4734 32.658899 11.642480 142.992065
4735 32.576584 12.056819 142.992065
4736 32.517362 12.401762 142.992065
4737 32.456024 12.857463 142.992065
4738 32.433206 13.341809 142.992065
4739 32.436313 13.686795 142.992065
4740 32.438655 13.946784 142.992065
4797 23.802521 5.791741 142.992065
4798 24.278663 5.349266 142.992065
4799 24.752963 4.904814 142.992065
4800 25.229545 4.462818 142.992065
4801 25.701824 4.016227 142.992065
4802 26.177357 3.573104 142.992065
4803 26.698896 3.084006 142.992065
4804 27.131032 2.689711 142.992065
4805 27.607939 2.248067 142.992065
4806 28.134498 1.764390 142.992065
4807 28.571745 1.375759 142.992065
4864 33.415140 0.288361 142.992065
4865 33.415140 0.288361 142.992065
4866 33.415140 0.288361 142.992065
4867 33.415140 0.288361 142.992065
4868 33.415140 0.288361 142.992065
4869 33.415140 0.288361 142.992065
4870 33.415140 0.288361 142.992065
4871 33.290595 0.373749 142.992065
4872 32.834449 0.340102 142.992065
4873 32.270207 0.223095 142.992065
4874 31.632086 0.113490 142.992065
4932 21.877694 4.445649 142.827486
4933 21.944038 4.305094 142.827486
4934 21.929174 3.876292 142.827486
4935 21.850826 3.379949 142.827486
4936 21.770213 2.978118 142.827486
4937 21.733050 2.548810 142.827486
4938 21.755799 2.294829 142.827486
4939 21.775373 1.800293 142.827486
4940 21.785461 1.195385 142.992065
4941 21.793330 0.875570 142.992065
4942 21.813680 0.664048 142.992065
4999 22.841457 -9.933512 151.672842
5000 23.129704 -10.021473 151.672842
5001 23.699561 -9.972683 151.672842
5002 24.342236 -9.893837 151.672842
5003 24.925125 -9.844481 151.672842
5004 25.634193 -9.754000 151.672842
5005 26.338061 -9.643797 151.672842
5006 26.918391 -9.595120 151.672842
5007 27.565182 -9.565893 151.672842
5008 28.207554 -9.507819 151.672842
5009 28.853345 -9.463137 151.672842
5068 38.473599 -8.156997 154.076380
5069 38.473599 -8.156997 154.076380
5070 38.353825 -8.259415 154.076380
5071 37.986153 -8.279528 154.076380
5072 37.308074 -8.204200 154.137117
5073 36.602147 -8.129368 154.137117
5074 36.022875 -8.101348 154.137117
5075 35.377936 -8.094229 154.302077
5076 34.730667 -8.110289 154.302077
5077 34.083694 -8.136395 154.302077
5078 33.504167 -8.159811 154.302077
5138 20.650595 8.829285 154.302077
5139 20.545617 9.067066 154.302077
5140 20.322237 9.547682 154.302077
5141 20.126186 9.935923 154.302077
5142 19.978335 10.149786 154.302077
5143 19.711597 10.595504 154.302077
5144 19.523567 10.998700 154.302077
5145 19.316556 11.453669 154.302077
5146 19.197381 11.656166 154.302077
5147 18.977330 12.071456 154.302077
5148 18.721994 12.434171 154.302077
5208 16.690691 4.963052 154.076380
5209 16.690691 4.963052 154.076380
5210 16.773174 5.050319 154.076380
5211 16.782155 5.258057 154.076380
5212 16.475279 5.514028 154.076380
5213 15.859507 5.540797 154.076380
5214 15.245362 5.328002 154.076380
5215 14.638526 5.102163 154.076380
5216 14.021754 4.897723 154.076380
5217 13.397815 4.724750 154.076380
5218 12.762222 4.589162 154.076380
5278 -16.139881 -0.868941 154.076380
5279 -16.656131 -0.833202 154.076380
5280 -17.431694 -0.778359 154.076380
5281 -18.075329 -0.736511 154.076380
5282 -18.656990 -0.705265 154.076380
5283 -19.298646 -0.643340 154.076380
5284 -19.928524 -0.506815 154.076380
5285 -20.547177 -0.307579 154.076380
5286 -21.096018 -0.128650 154.076380
5287 -21.796257 -0.019041 154.076380
5288 -22.507909 -0.031385 154.076380
5347 -29.374543 -21.266994 154.241664
5348 -29.456440 -21.338474 154.241664
5349 -29.826269 -21.311667 154.241664
5350 -30.154605 -20.883769 154.241664
5351 -30.235573 -20.618855 155.106837
5352 -30.337391 -20.211481 155.106837
5353 -30.408921 -20.003855 155.106837
5354 -30.563519 -19.718001 155.034870
5355 -30.790860 -19.200962 155.034870
5356 -30.890204 -18.957994 155.034870
5357 -31.034727 -18.628350 155.034870
5392 -39.989784 -17.942649 155.034870
5393 -39.989784 -17.942649 155.034870
5394 -39.989784 -17.942649 155.034870
5395 -39.989784 -17.942649 155.034870
5396 -40.038553 -17.934164 155.034870
5397 -40.098720 -17.856577 155.034870
5398 -40.036479 -17.719110 155.034870
5399 -39.710467 -17.617322 155.034870
5400 -39.127709 -17.607439 155.034870
5401 -38.484928 -17.685245 155.034870
5402 -37.778845 -17.759097 155.034870
5467 -35.281196 -26.545878 157.397366
5468 -35.195297 -26.571703 157.397366
5469 -34.831841 -26.531740 157.397366
5470 -34.348271 -26.160509 157.397366
5471 -33.940893 -25.660510 157.397366
5472 -33.509623 -25.178143 157.397366
5473 -33.073329 -24.788768 157.397366
5474 -32.516458 -24.344346 157.397366
5475 -31.945464 -23.930939 157.397366
5476 -31.562709 -23.625911 157.397366
5477 -31.253443 -23.135858 157.397366
5546 -43.439269 -12.400990 157.397366
5547 -43.439269 -12.400990 157.397366
5548 -43.439269 -12.400990 157.397366
5549 -43.503740 -12.424454 157.397366
5550 -43.654035 -12.323101 157.397366
5551 -43.674162 -11.890152 157.397366
5552 -43.418115 -11.463361 157.397366
5553 -43.169408 -11.199648 157.397366
5554 -43.201498 -11.223406 157.397366
5555 -43.132364 -11.194117 157.397366
5556 -42.991401 -11.129677 157.397366
5627 -46.572008 -0.266115 157.397366
5628 -46.474952 -0.373831 157.397366
5629 -46.370846 -0.495323 157.397366
5630 -46.333166 -0.542017 157.397366
5631 -46.315554 -0.551490 157.397366
5632 -46.079223 -0.631601 157.397366
5633 -45.553212 -0.819586 157.397366
5634 -45.124467 -1.111917 157.397366
5635 -44.647966 -1.639526 157.397366
5636 -44.302754 -2.221738 157.397366
5637 -44.097498 -2.683083 157.397366
5710 -38.021737 -23.738459 157.615389
5711 -38.603186 -23.703720 157.615389
5712 -39.246567 -23.658055 157.615389
5713 -39.893024 -23.621674 157.615389
5714 -40.475172 -23.601638 157.615389
5715 -41.186381 -23.559706 157.615389
5716 -41.897600 -23.486685 157.615389
5717 -42.472006 -23.376666 157.615389
5718 -43.099367 -23.207044 157.615389
5719 -43.714418 -22.997199 157.615389
5720 -44.318199 -22.756587 157.615389
5794 -46.174773 -21.990302 157.615389
5795 -45.931856 -22.198543 157.615389
5796 -45.545307 -22.464028 157.615389
5797 -44.940356 -22.676243 157.615389
5798 -44.309223 -22.820067 157.615389
5799 -43.680084 -22.982333 157.615389
5800 -43.065269 -23.193172 157.615389
5801 -42.440956 -23.362922 157.615389
5802 -41.862324 -23.425801 157.615389
5803 -41.152703 -23.413241 157.615389
5804 -40.441489 -23.370556 157.615389
5878 -51.369442 -11.563865 157.634549
5879 -51.369442 -11.563865 157.634549
5880 -51.376877 -11.545298 157.634549
5881 -51.322831 -11.481160 157.634549
5882 -51.039834 -11.407609 157.634549
5883 -50.399299 -11.423729 157.634549
5884 -49.692402 -11.512756 157.634549
5885 -49.114350 -11.584467 157.634549
5886 -48.469050 -11.637271 157.634549
5887 -47.825276 -11.676952 157.634549
5888 -47.178992 -11.716564 157.634549
5963 -19.583128 -24.898618 157.634549
5964 -19.554989 -24.991723 157.634549
5965 -19.681103 -25.127836 157.634549
5966 -20.078351 -25.186678 157.634549
5967 -20.719067 -25.173896 157.634549
5968 -21.366229 -25.113419 157.634549
5969 -22.008538 -25.054588 157.634549
5970 -22.588921 -25.005008 157.634549
5971 -23.362590 -24.960171 157.634549
5972 -23.941950 -24.932940 157.634549
5973 -24.591024 -24.898904 157.634549
6049 -29.384062 -41.671708 175.468091
6050 -29.316452 -41.879387 175.468091
6051 -29.341995 -42.408317 175.468091
6052 -29.401405 -42.829112 175.468091
6053 -29.462333 -43.076706 175.468091
6054 -29.537505 -43.535307 175.468091
6055 -29.550047 -43.729840 175.468091
6056 -29.589836 -44.127856 175.468091
6057 -29.629049 -44.505626 176.538413
6058 -29.713321 -44.824662 176.538413
6059 -29.833604 -45.299656 176.538413
6102 -31.232680 -51.740141 185.324395
6103 -31.232680 -51.740141 185.324395
6104 -31.213148 -51.735865 185.324395
6105 -31.150107 -51.692129 185.324395
6106 -31.028567 -51.429979 185.324395
6107 -31.033293 -50.946773 185.340905
6108 -31.086835 -50.796291 185.340905
6109 -31.210686 -50.359776 185.340905
6110 -31.246716 -49.906547 185.340905
6111 -31.221858 -49.632683 185.340905
6112 -31.206885 -49.173093 185.340905
6157 -40.753614 -44.759535 185.340905
6158 -40.689337 -44.962640 185.340905
6159 -40.763232 -45.518572 185.340905
6160 -40.809224 -45.662721 185.340905
6161 -40.948283 -46.004968 185.340905
6162 -41.014936 -46.514186 185.340905
6163 -41.002575 -46.808270 185.340905
6164 -40.948614 -47.128576 185.340905
6165 -40.920389 -47.722717 185.340905
6166 -40.922878 -47.862694 185.340905
6167 -40.917755 -48.287628 185.340905
6257 -41.565771 -58.131377 185.340905
6258 -41.496105 -58.158698 185.340905
6259 -41.146923 -58.141077 185.340905
6260 -40.695235 -57.758748 185.340905
6261 -40.590218 -57.527586 185.340905
6262 -40.454728 -57.172649 185.340905
6263 -40.337084 -56.908006 185.340905
6264 -40.154239 -56.627320 185.340905
6265 -39.852018 -56.138240 185.340905
6266 -39.708634 -55.897968 185.340905
6267 -39.485334 -55.603011 185.340905
6361 -18.646102 -44.193991 185.340905
6362 -18.646102 -44.193991 185.340905
6363 -18.725705 -44.305230 185.340905
6364 -19.048816 -44.347105 185.340905
6365 -19.645260 -44.265230 185.340905
6366 -20.285210 -44.167121 185.340905
6367 -20.927585 -44.110099 185.340905
6368 -21.636515 -44.071408 185.340905
6369 -22.283229 -44.039620 185.340905
6370 -22.862571 -44.012249 185.340905
6371 -23.439641 -43.989986 185.340905
6466 -38.752181 -37.510837 185.340905
6467 -38.664955 -37.566410 185.340905
6468 -38.345515 -37.627646 185.340905
6469 -37.761313 -37.551477 185.340905
6470 -37.122040 -37.449201 185.340905
6471 -36.411986 -37.392624 185.340905
6472 -35.829836 -37.372439 185.340905
6473 -35.187701 -37.350800 185.340905
6474 -34.542991 -37.331488 185.340905
6475 -33.895630 -37.318495 185.340905
6476 -33.313135 -37.316842 185.340905
6572 -22.811763 -33.325534 185.340905
6573 -22.811763 -33.325534 185.340905
6574 -22.811763 -33.325534 185.340905
6575 -22.811763 -33.325534 185.340905
6576 -22.811763 -33.325534 185.340905
6577 -22.820358 -33.276619 185.340905
6578 -22.950191 -33.167511 185.340905
6579 -23.321975 -33.127988 185.340905
6580 -24.012238 -33.167159 185.340905
6581 -24.710282 -33.319364 185.340905
6582 -24.772593 -33.337867 185.340905
6678 -21.296941 -37.536345 185.340905
6679 -21.296941 -37.536345 185.340905
6680 -21.296941 -37.536345 185.340905
6681 -21.296941 -37.536345 185.340905
6682 -21.296941 -37.536345 185.340905
6683 -21.297669 -37.516359 185.340905
6684 -21.298760 -37.486378 185.340905
6685 -21.313116 -37.472468 185.340905
6686 -21.429271 -37.433515 185.340905
6687 -21.704837 -37.479662 185.340905
6688 -22.256777 -37.621912 185.340905
6784 -54.853644 -64.511201 185.340905
6785 -54.853644 -64.511201 185.340905
6786 -54.814675 -64.494614 185.340905
6787 -54.692889 -64.327651 185.340905
6788 -54.707321 -63.750200 185.340905
6789 -54.760053 -63.568815 185.340905
6790 -54.941855 -63.246760 185.340905
6791 -55.079341 -62.791064 185.340905
6792 -55.105025 -62.542392 185.340905
6793 -55.126059 -62.105510 185.340905
6794 -55.135987 -61.570612 185.340905
6893 -55.718895 -55.419956 185.340905
6894 -55.588865 -55.551536 185.340905
6895 -55.275913 -55.970912 185.340905
6896 -55.107298 -56.360677 185.340905
6897 -55.053870 -56.579228 185.340905
6898 -54.904897 -57.050984 185.340905
6899 -54.709571 -57.450752 185.340905
6900 -54.460574 -57.957884 185.340905
6901 -54.235187 -58.406985 185.340905
6902 -54.136643 -58.569355 185.340905
6903 -53.889888 -58.969360 185.340905
7002 -29.350883 -67.633285 201.401220
7003 -29.298529 -67.786875 201.401220
7004 -29.419970 -68.207376 201.401220
7005 -29.594692 -68.544064 201.401220
7006 -29.779779 -68.811199 201.401220
7007 -30.119366 -69.361929 201.474195
7008 -30.276654 -69.740386 201.474195
7009 -30.340161 -69.945512 201.474195
7010 -30.441187 -70.296202 201.474195
7011 -30.619630 -70.840114 202.287052
7012 -30.758313 -71.361898 202.287052
7066 -33.896981 -78.519218 208.917427
7067 -33.896981 -78.519218 208.917427
7068 -33.896981 -78.519218 208.917427
7069 -33.896981 -78.519218 208.917427
7070 -34.007528 -78.419589 208.917427
7071 -34.025508 -78.039219 208.917427
7072 -33.805369 -77.435249 208.917427
7073 -33.303410 -76.947418 208.917427
7074 -32.748676 -76.780422 208.917427
7075 -32.100235 -76.786877 208.917427
7076 -31.461927 -76.894280 208.917427
7183 -22.478484 -79.205190 210.792437
7184 -22.485400 -79.234280 210.792437
7185 -22.698322 -79.359350 210.792437
7186 -23.153412 -79.300132 210.792437
7187 -23.769028 -79.094361 210.792437
7188 -24.366626 -78.838855 210.792437
7189 -24.958102 -78.569564 210.792437
7190 -25.538413 -78.282426 210.792437
7191 -26.129814 -78.020868 210.792437
7192 -26.705887 -77.928940 210.792437
7193 -27.417989 -77.956225 210.792437
7250 -27.022728 -88.559301 221.383495
7251 -27.022728 -88.559301 221.383495
7252 -27.022728 -88.559301 221.383495
7253 -27.022728 -88.559301 221.383495
7254 -27.022728 -88.559301 221.383495
7255 -27.032876 -88.510752 221.603817
7256 -27.189043 -88.399703 221.603817
7257 -27.372264 -88.446649 221.603817
7258 -27.549668 -88.760196 221.603817
7259 -27.638897 -89.248169 221.614376
7260 -27.646835 -89.515336 221.614376
7375 -30.238656 -102.218527 235.740221
7376 -30.247566 -102.247069 235.740221
7377 -30.425501 -102.348444 235.740221
7378 -30.847316 -102.363338 235.740221
7379 -31.611420 -102.252488 235.740221
7380 -32.118609 -102.149712 235.740221
7381 -32.884077 -102.013593 235.740221
7382 -33.524534 -101.918759 235.740221
7383 -34.102653 -101.847455 235.836833
7384 -34.744946 -101.765573 235.836833
7385 -35.386444 -101.677719 235.836833
