6 -46.500000 113.000000 0.000000
7 -46.385482 113.049854 14.869096
8 -46.030932 113.065964 14.869096
9 -45.547729 112.724208 14.869096
10 -45.148431 112.251294 17.400288
11 -44.832590 111.783187 17.400288
12 -44.488829 111.249538 17.400288
13 -44.081391 110.743466 17.400288
14 -43.607365 110.299389 22.419858
15 -43.090121 109.906260 22.419858
16 -42.538519 109.562490 23.254463
17 -41.987480 109.217740 24.177883
18 -41.713311 109.053973 24.177883
19 -41.406335 109.025933 25.383657
20 -40.847142 109.055957 25.383657
21 -40.200076 109.044241 25.961703
22 -39.556371 108.974955 25.961703
23 -38.913621 108.878295 26.861311
24 -38.274817 108.772576 27.892831
25 -37.632662 108.672130 27.892831
26 -36.990579 108.588613 28.969813
27 -36.351076 108.504661 29.954132
28 -35.709795 108.415190 29.954132
29 -35.075910 108.297651 30.210098
30 -34.438594 108.184628 30.210098
31 -33.795653 108.107948 30.210098
32 -33.155728 108.009978 31.797013
33 -32.517998 107.884575 31.797013
34 -31.890702 107.724573 31.797013
35 -31.260839 107.564093 31.672228
36 -30.640296 107.370916 31.672228
37 -30.026682 107.164292 31.672228
38 -29.402570 106.982865 31.672228
39 -28.771974 106.825270 31.562795
40 -28.137584 106.683791 32.360007
41 -28.002610 106.649236 32.360007
42 -27.927800 106.458190 32.562710
43 -27.982306 105.971879 32.681035
44 -28.057983 105.666973 32.681035
45 -28.166948 105.436463 32.681035
46 -28.261434 105.044402 33.607292
47 -28.272380 104.669934 33.607292
48 -28.220936 104.410002 34.096482
49 -28.176754 103.977524 34.096482
50 -28.186867 103.467726 34.096482
52 -28.192444 102.827937 34.476805
52 -28.202049 102.623416 34.476805
53 -28.257658 102.372028 35.213209
54 -28.311196 101.875234 35.213209
55 -28.305629 101.385633 35.213209
56 -28.277148 101.021771 36.237688
57 -28.263809 100.784653 36.237688
58 -28.237385 100.315410 36.926550
59 -28.230187 99.989440 36.926550
60 -28.248419 99.725111 36.926550
61 -28.256847 99.230212 38.265521
63 -28.243979 98.735700 38.265521
63 -28.233579 98.596089 38.265521
64 -28.247505 98.111596 39.232258
65 -28.288920 97.623414 39.232258
66 -28.320974 97.274999 39.232258
67 -28.320001 97.035001 40.104490
68 -28.318287 96.612504 40.104490
69 -28.326073 96.110259 40.104490
70 -28.310803 95.755587 41.077610
71 -28.298315 95.460852 41.077610
72 -28.277650 94.951273 41.959148
74 -28.277943 94.316456 42.485881
74 -28.278960 94.276469 42.485881
75 -28.288669 93.871585 42.485881
76 -28.306506 93.452040 42.485881
77 -28.288691 93.237781 43.565239
78 -28.270277 92.783215 43.565239
79 -28.269181 92.485888 43.565239
80 -28.289063 92.171527 44.469429
81 -28.302437 91.666732 44.469429
82 -28.300993 91.156789 44.469429
83 -28.269424 90.949260 45.377639
85 -28.219849 90.149337 46.289633
85 -28.220601 90.134356 46.289633
86 -28.231966 89.904637 46.289633
87 -28.247351 89.404892 46.289633
88 -28.244377 88.920027 46.289633
89 -28.233334 88.557719 47.285200
90 -28.234880 88.297723 47.285200
91 -28.237822 87.802732 48.202594
92 -28.247634 87.322911 48.202594
93 -28.253280 86.965543 49.200916
94 -28.237866 86.706000 49.200916
97 -28.228384 85.626512 50.123149
98 -28.250021 85.338283 50.123149
99 -28.355992 85.062980 51.085126
100 -28.501193 84.543671 51.085126
101 -28.513024 84.320203 51.085126
102 -28.446673 83.966424 51.976246
103 -28.397852 83.489394 51.976246
104 -28.393399 83.249752 51.976246
105 -28.403766 82.934960 52.621765
106 -28.404670 82.414966 52.621765
107 -28.393653 81.935189 52.621765
109 -28.401131 81.035677 54.567849
110 -28.399515 80.535937 54.567849
111 -28.474840 79.945800 54.567849
112 -28.547893 79.507058 55.712926
113 -28.575984 79.093042 55.712926
114 -28.556951 78.896527 56.641064
115 -28.524567 78.352736 56.641064
116 -28.520131 78.041598 56.641064
117 -28.539438 77.837523 57.783130
118 -28.556834 77.377913 57.783130
119 -28.549055 76.813081 57.783130
123 -28.530081 75.614424 59.482856
124 -28.543467 75.142820 59.482856
125 -28.623484 74.648175 59.482856
126 -28.695343 74.002546 60.685502
127 -28.703289 73.700263 60.685502
128 -28.699117 73.450297 61.698381
129 -28.690524 72.935369 61.698381
130 -28.696310 72.660598 62.590176
131 -28.703418 72.300681 62.590176
132 -28.700811 71.945755 62.590176
133 -28.689836 71.680983 63.473539
136 -28.689676 70.081620 64.618342
137 -28.717556 69.602853 64.618342
138 -28.793213 69.128904 65.457850
139 -28.828956 68.851215 65.457850
140 -28.857954 68.412284 66.304224
141 -28.860061 67.977418 66.304224
142 -28.846730 67.615186 66.304224
143 -28.846604 67.275186 67.265520
144 -28.846427 66.800186 67.265520
145 -28.838672 66.375341 68.174263
146 -28.827969 66.015543 68.174263
151 -28.773038 64.090615 70.155899
152 -28.773722 63.665700 70.155899
153 -28.772258 63.168294 71.314586
154 -28.769592 62.850904 71.314586
155 -28.785086 62.591368 72.436249
156 -28.800533 62.096636 72.436249
157 -28.800954 61.856679 72.436249
158 -28.786480 61.542033 73.299183
159 -28.755626 61.022950 73.299183
160 -28.742708 60.688298 73.299183
161 -28.742757 60.373298 74.368073
165 -28.748090 58.418800 76.253854
166 -28.743468 58.039060 76.253854
167 -28.814576 57.841990 76.253854
168 -28.970297 57.295192 77.134754
169 -28.991097 56.936168 77.134754
170 -28.945669 56.736476 77.951589
171 -28.880513 56.281656 77.951589
172 -28.866952 55.692024 77.951589
173 -28.876881 55.347198 78.487262
174 -28.894432 55.142976 78.487262
175 -28.907729 54.683215 79.506291
181 -28.870542 52.665183 81.556669
182 -28.907534 52.252266 81.556669
183 -28.991926 51.703755 81.556669
184 -29.012299 51.487285 82.531753
185 -29.034457 51.122965 82.531753
186 -29.040979 50.623190 83.507426
187 -29.044881 50.408368 83.507426
188 -29.053211 50.048483 83.507426
189 -29.053682 49.493487 84.526980
190 -29.038464 49.013814 84.526980
191 -29.038875 48.798998 85.418091
197 -29.009720 46.131228 87.457477
198 -29.049214 45.866280 87.457477
199 -29.140748 45.471896 88.435345
200 -29.182205 45.162357 88.435345
201 -29.188324 44.899928 89.292163
202 -29.188791 44.300028 89.292163
203 -29.176646 43.940263 89.292163
204 -29.185360 43.735448 90.433458
205 -29.197671 43.275625 90.433458
206 -29.177657 42.771205 90.433458
207 -29.164047 42.406490 91.334168
215 -29.127042 39.660116 94.312302
216 -29.121062 39.398134 94.312302
217 -29.203250 39.156862 94.312302
218 -29.319839 38.534186 95.254870
219 -29.315511 38.359459 95.254870
220 -29.289739 38.020445 95.254870
221 -29.272382 37.500752 96.395489
222 -29.272040 37.120824 96.395489
223 -29.279549 36.805914 97.410935
224 -29.289870 36.326026 97.410935
225 -29.291392 36.028577 97.410935
233 -29.268452 32.590484 98.470353
234 -29.290222 32.386776 98.470353
235 -29.376760 31.935026 98.470353
236 -29.426296 31.493018 98.470353
237 -29.398108 31.285060 98.510357
238 -29.337282 30.829122 98.510357
239 -29.293928 30.331131 98.510357
240 -29.237325 30.129394 98.550750
241 -29.088000 29.747601 98.550750
242 -28.934424 29.354050 98.550750
243 -28.866222 29.150170 98.550750
253 -28.274278 25.184475 98.674264
254 -28.321069 24.765227 98.674264
255 -28.696361 24.255074 102.432077
256 -29.193340 23.841538 102.586015
257 -29.711330 23.448999 102.586015
258 -30.190981 23.010840 102.756267
259 -30.626278 22.538357 102.756267
260 -30.828236 22.284144 103.743387
261 -30.999329 22.025722 104.527558
262 -31.329046 21.573105 104.527558
263 -31.752619 21.083761 104.527558
273 -36.462375 16.592809 114.579625
274 -36.615732 16.148555 114.579625
275 -36.739863 15.793396 114.736613
276 -36.833761 15.611263 114.736613
277 -37.056187 15.208853 114.736613
278 -37.204744 14.792748 114.736613
279 -37.250901 14.572625 114.736613
280 -37.371069 14.165010 114.790463
281 -37.473706 13.783646 114.790463
282 -37.543197 13.528118 114.790463
283 -37.729770 12.952622 114.809104
290 -38.573000 10.516661 114.847423
291 -38.599084 10.359536 114.847423
292 -38.602274 9.994640 114.928197
293 -38.489957 9.415338 114.928197
294 -38.230548 8.916733 114.928197
295 -38.144816 8.778811 114.970650
296 -37.952354 8.468691 114.970650
297 -37.666895 7.955464 114.970650
298 -37.613657 7.815230 114.970650
299 -37.474009 7.429784 114.992393
300 -37.293166 6.907723 114.992393
312 -35.897165 2.591463 122.232608
313 -35.639430 2.112044 122.232608
314 -35.191366 1.646262 122.232608
315 -34.617042 1.345508 122.232608
316 -34.016685 1.096543 122.232608
317 -33.429677 0.817580 122.232608
318 -32.860698 0.503820 122.232608
319 -32.316437 0.148542 122.232608
320 -31.793258 -0.237110 123.333574
321 -31.277889 -0.633196 123.333574
322 -30.769096 -1.037690 133.637609
330 -26.708920 -4.359113 137.926976
331 -26.708920 -4.359113 137.926976
332 -26.708920 -4.359113 137.926976
333 -26.708920 -4.359113 137.926976
334 -26.708920 -4.359113 137.926976
335 -26.708920 -4.359113 137.926976
336 -26.749564 -4.278193 137.926976
337 -26.915266 -4.183902 137.926976
338 -27.243724 -4.288765 137.926976
339 -27.520977 -4.809053 137.926976
340 -27.550781 -4.965352 137.926976
354 -28.114873 -10.592491 143.881377
355 -28.130830 -10.816745 143.881377
356 -28.218007 -11.347121 143.881377
357 -28.251846 -11.613680 144.873223
358 -28.270671 -11.878011 144.873223
359 -28.297410 -12.482366 145.865180
360 -28.303201 -12.962325 145.865180
361 -28.301177 -13.272238 145.865180
362 -28.280287 -13.536406 146.832322
363 -28.265243 -14.141191 146.832322
364 -28.267707 -14.561091 146.832322
374 -28.288051 -18.202218 151.843508
375 -28.280899 -18.550721 151.843508
376 -28.345871 -19.036374 151.843508
377 -28.395388 -19.244444 151.843508
378 -28.534258 -19.682615 152.787862
379 -28.587939 -20.156248 152.787862
380 -28.547724 -20.362125 153.757246
381 -28.486613 -20.762105 153.757246
382 -28.477704 -20.976696 153.757246
383 -28.488440 -21.291512 154.528608
384 -28.476810 -21.931324 154.528608
401 -29.403770 -28.300821 161.484027
402 -29.475974 -28.719173 161.484027
403 -29.450986 -28.929877 161.484027
404 -29.378758 -29.379055 162.477970
405 -29.353671 -29.675256 162.477970
406 -29.351313 -29.985247 162.477970
407 -29.320473 -30.494011 163.450332
408 -29.237944 -30.869428 163.450332
409 -29.148706 -31.113632 163.450332
410 -28.969954 -31.585922 164.554583
411 -28.853665 -31.902472 164.554583
423 -28.360930 -36.361423 169.594961
424 -28.384172 -36.845791 169.594961
425 -28.411224 -37.259866 169.594961
426 -28.434158 -37.518842 170.610231
427 -28.454087 -38.013383 170.610231
428 -28.456518 -38.398286 170.610231
429 -28.454769 -38.658186 171.646413
430 -28.460247 -39.158156 171.646413
431 -28.460562 -39.533153 172.661898
432 -28.459263 -39.775649 172.661898
433 -28.455891 -40.245636 172.661898
446 -28.539225 -45.239241 178.650080
447 -28.564833 -45.648295 178.650080
448 -28.607203 -46.201673 178.650080
449 -28.611498 -46.359114 178.650080
450 -28.622815 -46.773960 179.624417
451 -28.636055 -47.283787 179.624417
452 -28.625759 -47.798684 179.624417
453 -28.630419 -47.946094 180.778459
454 -28.650910 -48.335540 180.778459
455 -28.661236 -48.851681 181.793320
456 -28.687176 -49.396046 181.793320
481 -29.378767 -58.974345 191.983779
482 -29.396926 -59.123237 191.983779
483 -29.462085 -59.639103 191.983779
484 -29.494419 -60.097911 192.941471
485 -29.486443 -60.307759 192.941471
486 -29.472323 -60.712507 192.941471
487 -29.464302 -61.217443 193.829439
488 -29.473877 -61.697312 193.829439
489 -29.478941 -61.907250 194.843043
490 -29.488372 -62.312140 194.843043
491 -29.495416 -62.817088 194.843043
508 -29.496412 -69.547725 202.085456
509 -29.527321 -69.955967 203.081588
510 -29.579998 -70.327218 203.081588
511 -29.637762 -70.497649 203.081588
512 -29.725687 -70.820594 204.060411
513 -29.762646 -71.358691 204.060411
514 -29.733293 -71.520918 204.060411
515 -29.681939 -71.879423 204.989588
516 -29.664404 -72.451534 204.989588
517 -29.678232 -72.996323 204.989588
518 -29.702047 -73.488201 206.036044
537 -29.794354 -80.835068 213.147394
538 -29.854613 -81.434474 213.147394
539 -29.886699 -81.910856 214.175749
540 -29.891644 -82.175728 214.175749
541 -29.887967 -82.490707 215.204581
542 -29.881875 -83.025672 215.204581
543 -29.892924 -83.205328 216.185318
544 -29.903178 -83.590172 216.185318
545 -29.904806 -84.155165 216.185318
546 -29.885052 -84.739731 217.214207
547 -29.885929 -84.869728 217.214207
567 -30.007841 -93.287188 225.327166
569 -30.046032 -93.665146 226.400821
570 -30.061101 -94.277378 226.400821
571 -30.032503 -94.498011 226.400821
572 -29.993379 -95.056080 227.449449
573 -29.991937 -95.431003 227.449449
574 -29.970983 -95.747770 228.518384
575 -29.963424 -96.210198 228.518384
576 -29.964631 -96.625016 228.518384
577 -29.978509 -96.824534 229.530416
578 -29.999409 -97.409076 229.530416
601 -29.948129 -105.535564 236.042902
602 -30.001679 -105.957170 236.042902
603 -30.050893 -106.459557 236.042902
604 -30.052776 -106.652041 236.042902
605 -30.044615 -107.086930 236.029430
606 -30.026196 -107.503991 236.029430
607 -29.990223 -107.715921 236.042902
608 -29.967470 -108.175131 236.042902
609 -29.961286 -108.675085 236.042902
610 -29.969220 -109.109981 236.042902
611 -29.947405 -109.306268 236.042902
636 -30.554548 -118.600630 236.029430
637 -30.554548 -118.600630 236.029430
