6 -46.500000 110.000000 0.000000
7 -46.461896 110.039593 19.983244
8 -46.403509 110.152107 19.983244
9 -46.422765 110.580843 19.983244
10 -46.852545 111.114894 20.073117
11 -47.217602 111.361457 20.110943
12 -47.462101 111.475446 20.110943
13 -47.609251 111.523898 20.073117
14 -47.833298 111.557229 20.073117
15 -47.954821 111.556736 20.073117
16 -48.033366 111.543161 20.073117
17 -48.105564 111.499244 20.073117
18 -48.244820 111.218929 20.073117
19 -48.256476 110.739394 20.073117
20 -48.226991 110.516638 20.073117
21 -48.186155 110.374941 20.073117
22 -48.160375 110.299310 20.073117
23 -48.034979 110.173307 20.073117
24 -47.593072 110.060733 20.073117
25 -46.948313 110.048400 20.073117
26 -46.366426 110.027660 20.073117
27 -45.660839 109.915930 20.073117
28 -44.967430 109.742680 20.073117
29 -44.409941 109.565634 20.544830
30 -43.787518 109.378566 21.564091
31 -43.159720 109.210169 21.564091
32 -42.806911 109.117366 22.562137
33 -42.502300 109.112269 23.622236
34 -42.225962 109.154291 23.622236
35 -42.102795 109.195707 23.622236
36 -41.995129 109.236112 24.314811
37 -41.923543 109.271049 24.314811
38 -41.785670 109.446175 24.314811
39 -41.673405 109.931512 24.678939
40 -41.647331 110.355642 24.678939
41 -41.572102 110.572768 24.678939
42 -41.373924 111.037192 24.770346
43 -41.079983 111.574198 24.770346
44 -40.742391 112.045792 24.770346
45 -40.353559 112.547780 24.773575
46 -40.037180 113.012828 24.773575
47 -39.924933 113.166105 24.773575
48 -39.661112 113.560986 24.773575
49 -39.448307 113.948773 24.773575
50 -39.312489 114.134186 24.773575
51 -39.039119 114.552371 26.409279
52 -38.834752 114.994573 26.409279
53 -38.667890 115.428599 27.593659
54 -38.476803 115.874325 27.593659
55 -38.436853 116.125557 28.591782
56 -38.473611 116.568006 28.591782
57 -38.559448 117.065464 28.591782
58 -38.595741 117.513953 29.780027
59 -38.582430 117.726029 29.780027
60 -38.563924 118.200566 30.423182
61 -38.572696 118.530403 30.423182
62 -38.561938 118.715089 30.423182
63 -38.547411 119.224850 30.647186
64 -38.547035 119.474757 30.647186
65 -38.525553 119.834083 31.565963
66 -38.457290 119.987722 31.565963
67 -38.095914 120.258972 31.565963
68 -37.487073 120.451409 31.622303
69 -36.847998 120.569884 31.622303
70 -36.213853 120.700193 32.876284
71 -35.648517 120.850326 32.876284
72 -34.964171 121.057108 34.170895
73 -34.280998 121.267966 34.170895
74 -33.717625 121.425506 34.170895
75 -33.090897 121.597849 34.170895
76 -32.467959 121.783411 34.170895
77 -31.854772 121.998967 34.170895
78 -31.232378 122.186080 34.170895
79 -30.608830 122.369576 36.423207
80 -30.050042 122.542704 36.719613
81 -29.303080 122.767246 36.719613
82 -28.743762 122.938533 37.061166
83 -28.145365 123.171083 37.061166
84 -27.575592 123.439221 37.061166
85 -26.959231 123.628660 37.061166
86 -26.327874 123.771372 37.061166
87 -25.755387 123.864234 37.061166
88 -25.755387 123.864234 37.061166
89 -25.755387 123.864234 37.061166
90 -25.815700 123.744453 37.061166
91 -26.171329 123.651088 37.061166
92 -26.798375 123.653157 37.061166
93 -27.445379 123.674398 37.061166
94 -28.093699 123.633925 37.061166
95 -28.672168 123.547005 37.061166
96 -29.373100 123.406634 37.061166
97 -30.062497 123.217404 37.061166
98 -30.678108 123.009197 37.061166
99 -31.213254 122.779472 37.061166
100 -31.793473 122.492153 37.061166
101 -32.400227 122.276455 37.061166
102 -33.039684 122.179483 37.061166
103 -33.686753 122.160441 37.061166
104 -34.269249 122.158216 37.061166
105 -34.981740 122.154843 37.061166
106 -35.691733 122.154958 37.061166
107 -36.274228 122.152873 37.061166
108 -36.921696 122.146651 37.061166
109 -37.634112 122.135747 37.061166
110 -38.216146 122.114092 37.061166
111 -38.860431 122.084305 37.061166
112 -39.507724 122.068697 37.061166
113 -40.090192 122.063363 37.061166
114 -40.802161 122.042183 37.061166
115 -41.508962 121.937645 37.061166
116 -42.080895 121.815697 37.061166
117 -42.704925 121.643767 37.061166
118 -43.351991 121.611894 37.061166
119 -43.991207 121.714086 37.061166
120 -44.588092 122.098651 37.061166
121 -44.971689 122.529660 37.061166
122 -45.310681 122.993921 37.061166
123 -45.691975 123.498383 37.061166
124 -46.024875 123.967153 37.061166
125 -46.144375 124.087958 37.061166
126 -46.422593 124.440730 37.061166
127 -46.727874 124.906743 37.061166
128 -46.877247 125.239731 37.061166
129 -46.972538 125.454544 37.061166
130 -47.032359 125.586627 37.061166
131 -47.036546 125.595708 37.061166
132 -47.029302 125.602603 37.061166
133 -46.780765 125.614646 37.061166
134 -46.449607 125.307044 37.061166
135 -46.107698 124.791290 37.061166
136 -45.906279 124.312031 37.061166
137 -45.587835 123.769023 37.061166
138 -45.215548 123.264080 37.061166
139 -44.817501 122.766140 37.061166
140 -44.492935 122.359947 37.061166
141 -43.946177 121.740201 37.061166
142 -43.446752 121.447743 37.061166
143 -42.876627 121.336584 37.061166
144 -42.229496 121.332729 37.061166
145 -41.586042 121.376315 37.061166
146 -40.940797 121.430294 37.061166
147 -40.295371 121.482021 37.061166
148 -39.649056 121.521177 37.061166
149 -39.067460 121.553528 37.061166
150 -38.358070 121.582969 37.061166
151 -37.646376 121.616765 37.061166
152 -36.937745 121.660691 37.061166
153 -36.419119 121.698429 37.061166
154 -35.775887 121.746112 37.061166
155 -35.130475 121.798045 37.061166
156 -34.487731 121.851947 37.061166
157 -33.845022 121.928573 37.061166
158 -33.267383 122.020869 37.061166
159 -32.560562 122.110411 37.061166
160 -32.014395 122.174612 37.061166
161 -31.793265 122.236044 37.061166
162 -31.672741 122.296765 37.061166
163 -31.590433 122.338972 37.061166
164 -31.590433 122.338972 37.061166
165 -31.590433 122.338972 37.061166
166 -31.590433 122.338972 37.061166
167 -31.590433 122.338972 37.061166
168 -31.616146 122.323701 37.061166
169 -31.665013 122.327027 37.061166
170 -31.665013 122.327027 37.061166
171 -31.691410 122.422233 37.061166
172 -31.677325 122.791656 37.061166
173 -31.607985 123.276619 37.144179
174 -31.501135 123.795709 37.820762
175 -31.411811 124.277296 37.820762
176 -31.400366 124.756608 37.820762
177 -31.436530 125.285340 37.820762
178 -31.470193 125.548089 37.820762
179 -31.450044 126.022271 37.820762
180 -31.397551 126.173183 37.820762
181 -31.240238 126.589448 37.820762
182 -31.087839 127.091318 37.820762
183 -30.970885 127.567083 37.820762
184 -30.864059 127.931711 37.820762
185 -30.782502 128.307887 37.820762
186 -30.723141 128.753148 37.820762
187 -30.737662 129.162759 37.820762
188 -30.784608 129.403137 37.820762
189 -30.806756 129.897194 37.820762
190 -30.784383 130.426662 37.820762
191 -30.720628 130.957058 37.820762
192 -30.626316 131.193102 37.820762
193 -30.459018 131.517497 37.820762
194 -30.255190 131.968122 38.266043
195 -30.194861 132.215811 38.266043
196 -30.032947 132.798514 38.266043
197 -30.007827 132.915854 38.266043
198 -30.007827 132.915854 38.266043
199 -30.007827 132.915854 38.266043
200 -30.061656 132.924128 38.266043
201 -30.171194 132.837283 38.266043
202 -30.237315 132.513572 38.266043
203 -30.253867 131.949773 38.266043
204 -30.169373 131.454500 38.266043
205 -30.100560 131.277600 38.266043
206 -29.951022 130.832803 38.266043
207 -29.827014 130.309032 38.266043
208 -29.756181 130.154535 38.266043
209 -29.678044 129.644996 38.266043
210 -29.728354 129.142612 38.266043
211 -29.773507 128.896763 38.266043
212 -29.812899 128.418610 38.266043
213 -29.820565 127.913715 38.266043
214 -29.785131 127.727199 38.266043
215 -29.727731 127.261176 38.266043
216 -29.721520 126.891589 38.266043
217 -29.737947 126.612075 38.266043
218 -29.720078 125.902995 38.266043
219 -29.709974 125.713345 38.266043
220 -29.749780 125.305417 38.266043
221 -29.803096 125.020415 38.266043
222 -29.839388 124.527608 38.266043
223 -29.809853 124.340080 38.266043
224 -29.741631 123.875390 38.266043
225 -29.730507 123.445613 38.266043
226 -29.695370 123.049725 38.266043
227 -29.685746 122.667348 38.266043
228 -29.649911 122.440190 38.266043
229 -29.623839 121.913757 38.266043
230 -29.628510 121.778853 38.266043
231 -29.699507 121.291646 38.266043
232 -29.727615 120.964344 38.266043
233 -29.684983 120.692757 38.266043
234 -29.632499 120.175714 38.266043
235 -29.629048 119.785733 38.266043
236 -29.597044 119.414638 38.266043
237 -29.525407 119.175313 38.266043
238 -29.397115 118.692455 38.266043
239 -29.306945 118.195652 38.266043
240 -29.158582 117.537265 38.266043
241 -29.112498 117.291551 38.266043
242 -29.075458 116.910870 38.266043
243 -29.030189 116.685733 38.266043
244 -28.917997 116.255117 38.266043
245 -28.797064 115.850300 38.266043
246 -28.700376 115.614456 38.266043
247 -28.542710 115.182372 38.266043
248 -28.262016 114.647788 38.266043
249 -27.837167 114.160573 38.266043
250 -27.314364 113.776738 38.266043
251 -26.339057 113.257526 38.266043
252 -26.227133 113.191401 38.266043
253 -26.204149 113.147249 38.266043
254 -26.270984 112.860322 38.266043
255 -26.697049 112.492010 38.266043
256 -27.197835 112.190385 38.266043
257 -27.822527 111.842710 38.266043
258 -28.354271 111.469801 38.266043
259 -28.834747 111.032412 38.266043
260 -29.288534 110.567126 38.266043
261 -29.726909 110.087221 38.266043
263 -30.511004 109.225683 38.266043
263 -30.599365 109.130330 38.266043
264 -30.646884 109.042863 38.266043
265 -30.668382 108.692228 38.266043
266 -30.430686 108.077258 38.266043
267 -30.165728 107.641631 38.266043
268 -30.075256 107.419336 38.266043
269 -29.878265 106.948927 38.266043
270 -29.688366 106.535523 38.266043
271 -29.650190 106.416499 38.266043
272 -29.514578 106.019001 38.266043
274 -29.292905 105.313914 38.266043
275 -29.188202 104.897022 38.266043
276 -29.148702 104.395047 38.266043
277 -29.202905 104.089895 38.266043
278 -29.251218 103.622568 38.266043
279 -29.265093 103.097821 38.266043
280 -29.259209 102.582859 38.266043
281 -29.240365 102.093240 38.266043
282 -29.201111 101.826251 38.266043
283 -29.145648 101.349678 38.266043
284 -29.133892 101.070053 38.266043
286 -29.149100 100.375345 38.266043
287 -29.148451 100.100488 38.266043
288 -29.208196 99.513560 38.266043
289 -29.247884 99.269662 38.266043
290 -29.297704 98.926067 38.266043
291 -29.303062 98.396287 38.266043
292 -29.271180 97.894957 38.266043
293 -29.262936 97.665314 38.266043
294 -29.256383 97.255369 38.266043
295 -29.255386 96.980502 38.266043
296 -29.272008 96.711014 38.266043
299 -29.220708 95.530767 38.711886
300 -29.200627 95.107065 38.711886
301 -29.263650 94.882282 39.289822
302 -29.382429 94.433492 39.289822
303 -29.424860 93.920843 39.912531
304 -29.420475 93.410891 39.912531
305 -29.407950 92.916050 40.609975
306 -29.409267 92.523664 40.609975
307 -29.375499 92.291113 41.680332
308 -29.330523 91.798432 41.680332
309 -29.322361 91.293576 41.680332
312 -29.352903 90.189127 43.394125
313 -29.379960 89.685381 43.394125
314 -29.438677 89.489276 43.394125
315 -29.524593 89.023223 44.385247
316 -29.539553 88.648760 44.385247
317 -29.500049 88.376630 45.013888
318 -29.473403 87.952624 45.013888
319 -29.476972 87.722652 45.013888
320 -29.484498 87.237710 46.025755
321 -29.491974 86.712764 46.025755
322 -29.507910 86.298091 46.942200
325 -29.483067 85.006483 47.861990
326 -29.482338 84.482020 47.861990
327 -29.542461 84.005856 48.709035
328 -29.596905 83.741421 48.709035
329 -29.649373 83.314850 49.636379
330 -29.661300 82.820358 49.636379
331 -29.639172 82.511162 49.636379
332 -29.601277 82.032666 50.494060
333 -29.589085 81.677998 50.494060
334 -29.590559 81.348002 51.615212
335 -29.592836 80.838007 51.615212
339 -29.572804 79.218536 53.559781
340 -29.571872 79.158543 53.559781
341 -29.712524 79.067404 53.559781
342 -30.081594 79.065849 54.260945
343 -30.759855 79.141559 54.260945
344 -31.471606 79.161206 54.379869
345 -32.055084 79.120392 54.379869
346 -32.692405 79.022707 54.379869
347 -33.327788 78.885694 54.379869
348 -33.962331 78.744803 54.379869
349 -34.596141 78.612453 54.379869
354 -37.659092 78.032645 54.379869
355 -37.722684 78.019191 54.379869
356 -37.733400 78.002314 54.379869
357 -37.761667 77.914743 54.379869
358 -37.763892 77.894870 54.379869
359 -37.696294 77.813375 54.379869
360 -37.413921 77.738702 54.379869
361 -36.936956 77.716443 54.379869
362 -36.160595 77.677646 54.379869
363 -35.517232 77.586362 54.379869
364 -34.941457 77.483082 54.379869
370 -31.630210 75.930464 54.379869
371 -31.436440 75.479147 54.379869
372 -31.404272 75.314766 56.636474
373 -31.276017 74.749156 56.636474
374 -31.242039 74.562221 56.636474
375 -31.146260 74.158544 57.711785
376 -30.989140 73.600239 57.711785
377 -30.846611 73.079396 58.660465
378 -30.814800 72.907461 58.660465
379 -30.734336 72.505468 59.610823
380 -30.651762 71.984545 59.610823
386 -30.465041 69.698131 61.473329
387 -30.492975 69.515978 61.473329
388 -30.588414 69.066100 62.662351
389 -30.618531 68.768303 62.662351
390 -30.569255 68.447096 63.618945
391 -30.534962 68.058780 63.618945
392 -30.541433 67.828871 63.618945
393 -30.548866 67.348935 64.634126
394 -30.537750 66.804110 64.634126
395 -30.518523 66.364530 64.634126
396 -30.480208 65.876142 65.424844
403 -30.374439 62.449597 68.613193
404 -30.393400 61.965491 69.683931
405 -30.454653 61.464255 69.683931
406 -30.494335 61.061382 70.481560
407 -30.473665 60.769912 70.481560
408 -30.437838 60.366597 70.481560
409 -30.417367 59.982307 71.402593
410 -30.380566 59.677169 71.402593
411 -30.369459 59.307376 71.402593
412 -30.383865 59.082838 72.373547
413 -30.390916 58.603050 72.373547
421 -30.291873 55.057974 76.402423
422 -30.309987 54.874111 76.402423
423 -30.393688 54.426935 76.402423
424 -30.439504 53.909308 76.402423
425 -30.406751 53.455610 77.421510
426 -30.400414 53.250753 77.421510
427 -30.391941 52.785830 78.348773
428 -30.382193 52.250919 78.348773
429 -30.370278 51.716055 79.322949
430 -30.339374 51.339852 79.322949
431 -30.342913 51.177390 80.319676
440 -30.290191 47.347027 83.295200
441 -30.324964 47.217483 83.295200
442 -30.459465 46.814781 84.398402
443 -30.497819 46.312787 84.398402
444 -30.466469 46.181779 85.057218
445 -30.382086 45.781246 85.057218
446 -30.357112 45.262256 85.685298
447 -30.366862 44.794877 85.685298
448 -30.347544 44.613407 85.685298
449 -30.314655 44.139609 86.664701
450 -30.314060 43.974722 86.664701
460 -30.208763 40.124406 90.707278
461 -30.215297 39.759818 90.707278
462 -30.266658 39.237348 90.707278
463 -30.279138 38.717800 91.727043
464 -30.257020 38.569460 91.727043
465 -30.223534 38.136035 92.746808
466 -30.226014 37.721131 92.746808
467 -30.221085 37.146274 92.746808
468 -30.221605 36.586316 93.920021
469 -30.200893 36.458126 93.920021
470 -30.139169 36.037959 94.900845
481 -30.014798 31.531707 95.687253
482 -30.043722 31.007928 95.687253
483 -30.113015 30.543116 95.728002
484 -30.183793 30.134244 95.728002
485 -30.209038 29.860408 95.769152
486 -30.241118 29.396557 95.769152
487 -30.256783 28.851794 95.769152
488 -30.274373 28.372148 95.810701
489 -30.310724 28.050309 95.810701
490 -30.416084 27.597718 95.937742
491 -30.481001 27.081815 95.937742
503 -31.256281 22.705557 97.568081
504 -31.294311 22.458699 97.568081
505 -31.288101 22.300361 97.568081
506 -31.268717 22.208724 99.909811
507 -31.205217 22.108000 99.909811
508 -30.964645 22.008145 100.701790
509 -30.433768 21.969748 100.701790
510 -29.854830 21.936814 100.701790
511 -29.147161 21.837265 100.701790
512 -28.451675 21.672038 100.701790
513 -27.891438 21.504035 100.701790
527 -19.980176 19.104940 105.464167
528 -19.667974 19.173695 105.464167
529 -19.028196 19.354737 105.728381
530 -18.455283 19.472861 105.728381
531 -17.820445 19.600233 106.114139
532 -17.184254 19.733491 106.114139
533 -16.611494 19.852526 106.542060
534 -15.909597 19.988706 106.902996
535 -15.207761 20.125222 106.902996
536 -14.634316 20.240905 108.708098
537 -13.999901 20.381969 108.708098
546 -8.335223 21.518981 115.740445
547 -8.335223 21.518981 115.740445
548 -8.333643 21.528856 115.740445
549 -8.358067 21.623354 115.740445
550 -8.568468 21.721212 115.740445
551 -8.498711 21.716179 115.740445
552 -8.507651 21.710056 115.740445
553 -8.692799 21.622178 115.740445
554 -9.220569 21.466734 115.740445
555 -9.931212 21.422037 115.740445
556 -10.511142 21.413291 115.740445
572 -21.357029 20.559914 115.740445
573 -21.923150 20.429122 115.740445
574 -22.569747 20.438013 115.740445
575 -23.148561 20.521764 115.740445
576 -23.845479 20.680724 115.740445
577 -24.533064 20.867447 115.740445
578 -25.096889 21.023355 115.740445
579 -25.724036 21.194104 115.740445
580 -26.355135 21.338722 115.740445
581 -26.956490 21.580351 115.740445
582 -27.421883 22.021411 115.740445
600 -28.172545 28.639522 115.740445
601 -28.199090 28.862434 115.740445
602 -28.301181 29.207323 115.740445
603 -28.352939 29.703741 115.740445
604 -28.356567 29.941094 115.740445
605 -28.348655 30.265981 115.740445
606 -28.350598 30.665907 115.740445
607 -28.361965 30.945676 115.740445
608 -28.379291 31.460372 115.740445
609 -28.375714 31.885266 115.740445
610 -28.359817 32.339926 115.740445
628 -28.510686 39.019585 115.740445
629 -28.500336 39.344406 115.740445
630 -28.497078 39.944386 115.740445
631 -28.517813 40.433898 115.740445
632 -28.555714 40.811959 115.740445
633 -28.562200 41.051615 115.740445
634 -28.552542 41.416478 115.740445
635 -28.549094 41.951462 115.740445
636 -28.553891 42.181362 115.740445
637 -28.570342 42.576020 115.740445
638 -28.581810 43.055878 115.740445
657 -28.736530 50.620490 115.740445
658 -28.742155 50.945251 115.740445
659 -28.811651 51.480713 115.740445
660 -28.863494 51.775749 115.740445
661 -28.957868 52.117495 115.740445
662 -28.999069 52.620246 115.740445
663 -28.995367 52.892677 115.740445
664 -28.977225 53.249716 115.740445
665 -28.965557 53.719432 115.740445
666 -28.966387 54.079386 115.740445
667 -28.959078 54.329279 115.740445
686 -29.094239 61.455810 115.740445
687 -29.107997 61.741524 115.740445
688 -29.101232 62.021436 115.740445
689 -29.098606 62.566426 115.740445
690 -29.106053 62.783641 115.740445
691 -29.125702 63.163076 115.740445
692 -29.126880 63.447876 115.740445
693 -29.107987 63.782329 115.740445
694 -29.097378 64.257191 115.740445
695 -29.099937 64.577119 115.740445
696 -29.123990 64.996412 115.740445
715 -29.286085 72.697759 115.740445
716 -29.310757 73.161926 115.740445
717 -29.368851 73.572650 115.740445
718 -29.444076 74.076400 115.740445
719 -29.455224 74.304065 115.740445
720 -29.450510 74.609024 115.740445
721 -29.449897 75.124022 115.740445
722 -29.465649 75.370373 115.740445
723 -29.513042 75.681615 115.740445
724 -29.535363 76.276028 115.740445
725 -29.533677 76.530972 115.740445
745 -29.626848 83.784341 115.740445
746 -29.645133 84.133485 115.740445
747 -29.728432 84.682185 115.740445
748 -29.774211 84.932829 115.740445
749 -29.823933 85.339308 115.740445
750 -29.837248 85.899116 115.740445
751 -29.842991 86.089026 115.740445
752 -29.857002 86.503789 115.740445
753 -29.861484 86.811195 115.740445
754 -29.859427 87.141189 115.740445
755 -29.855945 87.699928 115.740445
774 -30.007181 94.850952 115.740445
775 -30.008522 95.285848 115.740445
776 -30.046413 95.678906 115.740445
777 -30.124546 95.916259 115.740445
778 -30.227437 96.455415 115.740445
779 -30.243758 96.929960 115.740445
780 -30.245144 97.459957 115.740445
781 -30.261843 97.894603 115.740445
782 -30.260656 98.149600 115.740445
783 -30.266232 98.599522 115.740445
784 -30.285971 99.089087 115.740445
803 -34.094080 105.094178 115.740445
804 -34.739555 105.060453 115.740445
805 -35.317873 105.104060 115.740445
806 -36.025642 105.160119 115.740445
807 -36.737827 105.176573 115.740445
808 -37.320249 105.167348 115.740445
809 -37.962609 105.153943 115.740445
810 -38.607306 105.134736 115.740445
811 -39.254320 105.109645 115.808335
812 -39.899037 105.090815 115.808335
813 -40.545972 105.113848 115.808335
833 -47.195771 105.700811 115.552285
834 -47.081447 105.630950 115.552285
835 -46.702824 105.643688 115.552285
836 -46.171528 105.803657 115.552285
837 -45.511083 106.077180 115.552285
838 -44.863189 106.379559 115.552285
839 -44.331831 106.624186 115.552285
840 -43.732748 106.876362 115.552285
841 -43.139418 107.141028 115.552285
842 -42.611118 107.516766 115.552285
843 -42.232992 107.945308 115.552285
864 -37.561696 115.817969 115.552285
865 -37.347512 116.252179 115.552285
866 -37.238087 116.536871 115.552285
867 -37.104766 116.919280 115.552285
868 -36.789349 117.593250 115.552285
869 -36.478903 118.076594 115.552285
870 -36.076334 118.580377 115.552285
871 -35.627916 119.050631 115.552285
872 -35.152812 119.494174 115.552285
873 -34.665475 119.924289 115.552285
874 -34.121717 120.388563 115.552285
895 -31.463121 128.665655 115.552285
896 -31.460644 128.915468 115.552285
897 -31.450064 129.230271 115.552285
898 -31.447772 129.785239 115.552285
899 -31.525811 130.363006 115.552285
900 -31.821697 130.833112 115.552285
901 -32.392341 131.125625 115.552285
902 -33.026429 131.241211 115.552285
903 -33.669772 131.314055 115.552285
904 -34.312451 131.410121 115.552285
905 -34.942633 131.547542 115.552285
927 -44.592090 134.239541 115.552285
928 -44.481604 134.134429 115.552285
929 -44.249715 133.936860 115.826122
930 -43.980468 133.800845 115.826122
931 -43.449276 133.683916 115.826122
932 -42.804369 133.603202 115.826122
933 -42.161033 133.511069 115.826122
934 -41.523133 133.386553 115.826122
935 -40.890229 133.239043 115.826122
936 -40.271240 133.041135 115.826122
937 -39.661149 132.817026 115.826122
960 -30.684513 126.614189 115.826122
961 -30.639621 126.343243 115.826122
962 -30.670716 125.854716 115.826122
963 -30.731163 125.368464 115.826122
964 -30.784598 124.931822 115.826122
965 -30.790023 124.472171 115.826122
966 -30.752360 124.164519 115.826122
967 -30.729801 123.795268 115.826122
968 -30.740164 123.578017 115.826122
969 -30.750800 123.098153 115.826122
970 -30.752004 122.613157 115.826122
993 -30.683877 113.265448 115.826122
994 -30.712473 112.921776 115.826122
995 -30.780974 112.381101 115.826122
996 -30.798247 112.151916 115.826122
997 -30.814100 111.762238 115.826122
998 -30.822256 111.347420 115.826122
999 -30.826542 111.092619 115.826122
1000 -30.847590 110.688206 115.826122
1001 -30.848084 110.243347 115.826122
1002 -30.848568 110.018498 115.826122
1003 -30.853298 109.633539 115.826122
1027 -30.763533 100.688044 115.826122
1028 -30.791893 100.529664 115.826122
1029 -30.933661 100.129280 115.826122
1030 -31.015810 99.661955 115.826122
1031 -31.010678 99.207129 115.826122
1032 -30.984850 98.979145 115.826122
1033 -30.934031 98.567593 115.826122
1034 -30.919756 98.112866 115.826122
1035 -30.931119 97.928215 115.826122
1036 -30.950448 97.403609 115.826122
1037 -30.945844 97.203662 115.826122
1060 -30.872502 88.202983 115.826122
1061 -30.866925 87.898034 115.826122
1062 -30.861694 87.438073 115.826122
1063 -30.859507 86.963078 115.826122
1064 -30.868885 86.698244 115.826122
1065 -30.884298 86.243507 115.826122
1066 -30.890611 85.906136 115.826122
1067 -30.874109 85.621622 115.826122
1068 -30.864379 85.056719 115.826122
1069 -30.859662 84.551741 115.826122
1070 -30.857021 84.126762 115.826122
1093 -30.899500 75.182844 115.826122
1094 -30.944031 74.660048 115.826122
1095 -30.999722 74.396275 115.826122
1096 -31.085144 73.975239 115.826122
1097 -31.101657 73.701330 115.826122
1098 -31.086908 73.326620 115.826122
1099 -31.070056 72.766889 115.826122
1100 -31.071807 72.521944 115.826122
1101 -31.083053 72.087089 115.826122
1102 -31.102216 71.597522 115.826122
1103 -31.102642 71.412688 115.826122
1127 -31.020539 62.114187 115.826122
1128 -31.031732 61.665103 115.826122
1129 -31.108714 61.395907 115.826122
1130 -31.200011 60.859235 115.826122
1131 -31.204117 60.637387 115.826122
1132 -31.180081 60.258189 115.826122
1133 -31.169056 59.738308 115.826122
1134 -31.166542 59.463374 115.826122
1135 -31.179973 59.053594 115.826122
1136 -31.192776 58.508750 115.826122
1137 -31.195648 58.283768 115.826122
1161 -31.092470 49.794435 115.826122
1162 -31.109627 49.370740 115.826122
1163 -31.169310 49.217292 115.826122
1164 -31.288130 48.846700 115.826122
1165 -31.328513 48.324530 115.826122
1166 -31.303666 48.156664 115.826122
1167 -31.229587 47.692961 115.826122
1168 -31.198101 47.234062 115.826122
1169 -31.209112 47.069429 115.826122
1170 -31.217626 46.644604 115.826122
1171 -31.207301 46.272364 115.826122
1194 -31.050055 37.371696 115.826122
1195 -31.071819 37.067651 115.826122
1196 -31.138477 36.509120 115.826122
1197 -31.165048 36.065030 115.826122
1198 -31.170274 35.802642 115.826122
1199 -31.170132 35.442642 115.826122
1200 -31.169938 34.950142 115.826122
1201 -31.173610 34.626467 115.826122
1202 -31.187487 34.256729 115.826122
1203 -31.197907 33.726842 115.826122
1204 -31.188490 33.257039 115.826122
1228 -31.004950 24.658626 115.826122
1229 -31.065777 24.222862 115.826122
1230 -31.103505 23.895138 115.826122
1231 -31.119703 23.540632 115.826122
1232 -31.163920 23.163230 115.826122
1233 -31.238895 22.978259 115.826122
1234 -31.409210 22.561951 115.826122
1235 -31.632697 22.013645 115.826122
1236 -31.950243 21.496222 115.826122
1237 -32.332769 21.054238 115.826122
1238 -32.850778 20.561478 115.826122
1262 -40.868394 12.060823 115.826122
1263 -40.868394 12.060823 115.826122
1264 -40.868394 12.060823 115.826122
1265 -40.868394 12.060823 115.826122
1266 -40.868394 12.060823 115.826122
1267 -40.868394 12.060823 115.826122
1268 -40.889322 12.108487 115.826122
1269 -41.115379 12.211077 115.826122
1270 -41.609775 12.193381 115.826122
1271 -42.229207 12.059161 115.826122
1272 -42.774634 11.848491 115.826122
1285 -49.397231 9.360020 115.826122
1286 -49.413604 9.348535 115.826122
1287 -49.413604 9.348535 115.826122
1288 -49.279048 9.208235 115.826122
1289 -48.892263 9.205012 115.826122
1290 -48.273874 9.355582 115.826122
1291 -47.678885 9.616493 115.826122
1292 -47.087903 9.887112 115.826122
1293 -46.489604 10.141068 115.826122
1294 -45.819966 10.391400 115.826122
1295 -45.327857 10.559378 115.826122
1320 -31.937454 17.633066 115.826122
1321 -31.937454 17.633066 115.826122
1322 -31.943050 17.613891 115.826122
1323 -32.173445 17.479750 115.826122
1324 -32.714199 17.538743 115.826122
1325 -33.287783 17.653711 115.826122
1326 -33.925282 17.750648 115.826122
1327 -34.574557 17.755093 115.826122
1328 -35.221172 17.690805 115.826122
1329 -35.833544 17.498885 115.826122
1330 -36.267654 17.056163 115.826122
1354 -36.344876 7.574039 115.826122
1355 -36.373218 7.521571 115.826122
1356 -36.463180 7.488277 115.826122
1357 -36.567707 7.572738 115.826122
1358 -36.685790 8.057660 115.826122
1359 -36.651250 8.509596 115.826122
1360 -36.591488 8.793181 115.826122
1361 -36.520239 9.161130 115.826122
1362 -36.496907 9.484861 115.826122
1363 -36.508643 9.809649 115.826122
1364 -36.524685 10.304382 115.826122
1389 -32.110890 17.639087 115.826122
1390 -31.464639 17.677636 115.826122
1391 -30.819086 17.727795 115.826122
1392 -30.175089 17.762701 115.826122
1393 -29.595295 17.777842 115.826122
1394 -28.887862 17.786972 115.826122
1395 -28.175424 17.796331 115.826122
1396 -27.595473 17.803903 115.826122
1397 -26.948017 17.811448 115.826122
1398 -26.303061 17.818964 115.826122
1399 -25.718101 17.825780 115.826122
1424 -12.004764 14.802637 119.520084
1425 -11.939317 14.354068 119.520084
1426 -11.986084 13.980093 119.520084
1427 -12.095463 13.744334 120.480084
1428 -12.223850 13.283469 120.480084
1429 -12.266129 12.871045 121.001036
1430 -12.256934 12.638734 121.001036
1431 -12.219420 12.077583 122.017419
1432 -12.200433 11.758397 122.017419
1433 -12.201178 11.453400 122.017419
1434 -12.198216 10.978442 122.979066
1460 -12.481214 0.585573 128.503894
1461 -12.547108 0.183469 128.503894
1462 -12.621357 -0.091600 128.503894
1463 -12.673734 -0.512966 128.503894
1464 -12.672612 -0.725451 128.503894
1465 -12.713273 -1.193519 128.503894
1466 -12.772331 -1.757619 128.503894
1467 -12.772278 -1.912619 128.503894
1468 -12.767266 -2.400053 128.950264
1469 -12.743066 -2.839298 128.950264
1470 -12.687418 -3.067579 128.950264
1485 -11.952484 -7.443261 128.819139
1486 -11.952484 -7.443261 128.819139
1487 -11.952484 -7.443261 128.819139
1488 -11.962453 -7.442476 128.950264
1489 -12.108523 -7.309477 128.950264
1490 -12.200233 -6.870255 128.950264
1491 -12.179914 -6.599027 128.950264
1492 -12.038896 -6.214141 128.950264
1493 -11.952338 -5.793731 129.009963
1494 -11.957592 -5.194731 129.009963
1495 -12.008577 -4.808489 129.009963
1524 -11.384104 5.218898 128.950264
1525 -11.329664 5.457722 128.950264
1526 -11.217932 5.883156 128.950264
1527 -11.072743 6.314299 128.950264
1528 -10.878750 6.802097 128.950264
1529 -10.841686 6.988440 128.950264
1530 -10.734195 7.389118 128.950264
1531 -10.561811 7.932390 128.950264
1532 -10.431212 8.310435 128.950264
1533 -10.340362 8.564611 128.950264
1534 -10.178759 8.935933 128.950264
1562 -8.976351 19.931187 128.950264
1563 -8.938000 20.168038 128.950264
1564 -8.804293 20.623680 128.950264
1565 -8.611861 21.106386 128.950264
1566 -8.309337 21.635651 128.950264
1567 -8.081637 22.096908 128.950264
1568 -8.018127 22.311805 128.950264
1569 -8.029988 22.671519 128.950264
1570 -8.042895 23.086252 128.950264
1571 -8.049961 23.366162 128.950264
1572 -8.097789 23.863517 128.950264
1601 -9.360020 27.870436 128.950264
1602 -9.360020 27.870436 128.950264
1603 -9.360020 27.870436 128.950264
1604 -9.360020 27.870436 128.950264
1605 -9.360020 27.870436 128.950264
1606 -9.360020 27.870436 128.950264
1607 -9.399238 27.945405 128.950264
1608 -9.453897 28.003729 128.950264
1609 -9.453897 28.003729 128.950264
1610 -9.453897 28.003729 128.950264
1611 -9.453897 28.003729 128.950264
1640 -14.248237 21.795908 128.950264
1641 -14.435562 21.571423 128.950264
1642 -14.927013 21.416684 128.950264
1643 -15.571307 21.364281 128.950264
1644 -16.218061 21.393546 128.950264
1645 -16.800267 21.410459 128.950264
1646 -17.512474 21.394448 128.950264
1647 -18.225830 21.346195 128.950264
1648 -18.805051 21.284915 128.950264
1649 -19.449318 21.198807 128.950264
1650 -20.085443 21.066143 128.950264
1679 -29.176650 28.054676 128.950264
1680 -29.310601 28.566033 128.950264
1681 -29.332416 28.829955 128.950264
1682 -29.357339 29.214138 128.950264
1683 -29.396669 29.747685 128.950264
1684 -29.445476 30.124150 128.950264
1685 -29.549272 30.437300 128.950264
1686 -29.682008 30.913632 128.950264
1687 -29.739511 31.187624 128.950264
1688 -29.825329 31.562935 128.950264
1689 -29.895574 31.828605 128.950264
1718 -41.657553 37.800618 128.950264
1719 -42.177452 38.038314 128.950264
1720 -42.779776 38.258151 128.950264
1721 -43.418917 38.334952 128.950264
1722 -44.066742 38.291467 128.950264
1723 -44.705068 38.170012 128.950264
1724 -45.278004 38.052117 128.950264
1725 -46.008611 37.952485 128.950264
1726 -46.342085 37.920577 128.950264
1755 -46.736438 37.770021 128.950264
1756 -46.736438 37.770021 128.950264
1757 -46.755829 37.774855 128.950264
1758 -46.789392 37.819523 128.950264
1759 -46.731719 37.943324 128.950264
1760 -46.444209 38.051782 128.950264
1761 -45.870240 38.116681 128.950264
1762 -45.225332 38.111268 128.950264
1763 -44.580569 38.167956 128.950264
1764 -43.941116 38.269564 128.950264
1765 -43.296576 38.328040 128.950264
1794 -29.846337 32.677904 128.950264
1795 -29.795740 32.213400 128.950264
1796 -29.808921 31.971701 128.950264
1797 -29.845433 31.638876 128.950264
1798 -29.845562 31.134031 128.950264
1799 -29.817309 30.945393 128.950264
1800 -29.716664 30.481191 128.950264
1801 -29.637250 30.176638 128.950264
1802 -29.534681 29.868249 128.950264
1803 -29.342015 29.323849 128.950264
1804 -29.275965 29.151107 128.950264
1833 -21.496982 20.386988 128.950264
1834 -20.848350 20.425058 128.950264
1835 -20.209875 20.515909 128.950264
1836 -19.505814 20.640468 128.950264
1837 -18.998361 20.728279 128.950264
1838 -18.293295 20.830489 128.950264
1839 -17.587419 20.944183 128.950264
1840 -17.010087 21.038568 128.950264
1841 -16.368081 21.140091 128.950264
1842 -15.731437 21.257966 128.950264
1843 -15.089137 21.356834 128.950264
1873 -9.607243 28.462877 128.950264
1874 -9.660504 28.613607 128.950264
1875 -9.813069 28.983363 128.950264
1876 -9.910865 29.298181 128.950264
1877 -9.992333 29.607627 128.950264
1878 -10.145506 30.091438 128.950264
1879 -10.193129 30.217676 128.950264
1880 -10.389870 30.709790 128.950264
1881 -10.611879 31.134472 128.950264
1882 -10.760228 31.329007 128.950264
1883 -11.047701 31.514449 128.950264
1912 -11.344278 31.482515 128.950264
1913 -11.145286 31.258022 128.950264
1914 -10.827590 30.954397 128.950264
1915 -10.461295 30.528737 128.950264
1916 -10.315732 30.123164 128.950264
1917 -10.310415 29.903347 128.950264
1918 -10.324991 29.418570 128.950264
1919 -10.327315 28.968606 128.950264
1920 -10.304032 28.719905 128.950264
1921 -10.304679 28.262429 128.950264
1922 -10.314671 28.050164 128.950264
1951 -13.534670 22.612628 128.819139
1952 -14.060257 22.077621 128.819139
1953 -14.398758 21.744882 128.819139
1954 -14.886477 21.505638 128.819139
1955 -15.528620 21.436545 128.819139
1956 -16.173473 21.422762 128.819139
1957 -16.820789 21.407357 128.819139
1958 -17.467690 21.379677 128.819139
1959 -18.113180 21.329604 128.819139
1960 -18.754451 21.260398 128.819139
1961 -19.397630 21.185796 128.819139
1990 -27.748595 28.971835 128.819139
1991 -27.918087 29.463327 128.819139
1992 -28.037451 29.881295 128.819139
1993 -28.089156 30.242319 128.819139
1994 -28.102933 30.486691 128.819139
1995 -28.100520 30.841681 128.819139
1996 -28.100383 31.361681 128.819139
1997 -28.107709 31.611389 128.819139
1998 -28.128783 31.995717 128.819139
1999 -28.137575 32.605638 128.819139
2000 -28.133130 32.735562 128.819139
2030 -18.418351 40.628613 128.819139
2031 -18.062084 40.728454 128.819139
2060 -17.781192 40.793795 128.819139
2061 -17.751600 40.630511 128.819139
2062 -17.946163 40.417688 128.819139
2063 -18.459363 40.251863 128.819139
2064 -19.101093 40.246992 128.819139
2065 -19.744259 40.321531 128.819139
2066 -20.324060 40.377527 128.819139
2067 -21.034675 40.428561 128.819139
2068 -21.744317 40.449838 128.819139
2069 -22.326803 40.452922 128.819139
2070 -22.974300 40.450911 128.819139
2100 -27.667749 48.320749 128.819139
2101 -27.666918 48.685748 128.819139
2102 -27.666555 49.225748 128.819139
2103 -27.666259 49.700748 128.819139
2104 -27.669452 50.280722 128.819139
2105 -27.698777 50.814777 128.819139
2106 -27.733856 51.006494 128.819139
2107 -27.800978 51.435992 128.819139
2108 -27.825084 51.845148 128.819139
2109 -27.810748 52.089723 128.819139
2110 -27.782309 52.543832 128.819139
2139 -27.801145 64.927191 128.819139
2140 -27.804498 65.357178 128.819139
2141 -27.798850 65.664611 128.819139
2142 -27.799263 66.159610 128.819139
2143 -27.803966 66.390686 128.819139
2144 -27.826495 66.714860 128.819139
2145 -27.831813 67.199741 128.819139
2146 -27.825807 67.489650 128.819139
2147 -27.830182 67.799620 128.819139
2148 -27.836603 68.254574 128.819139
2149 -27.834030 68.794446 128.819139
2179 -27.828054 80.410894 128.819139
2180 -27.793587 80.462473 128.819139
2181 -27.483691 80.530375 128.819139
2182 -26.943218 80.315520 128.819139
2183 -26.453783 79.895150 128.819139
2184 -26.306822 79.716620 128.819139
2185 -26.278287 79.615574 128.819139
2186 -26.165319 79.300373 128.819139
2187 -26.041383 79.066658 128.819139
2188 -25.963256 78.975927 128.819139
2189 -25.772777 78.876986 128.819139
2218 -12.454059 77.312189 128.819139
2219 -12.454059 77.312189 128.819139
2220 -12.513578 77.276651 128.819139
2221 -12.847007 77.276837 128.819139
2222 -13.367799 77.360124 128.819139
2223 -14.067517 77.494237 128.819139
2224 -14.772653 77.595670 128.819139
2225 -15.352180 77.654205 128.819139
2226 -15.997326 77.709243 128.819139
2227 -16.642372 77.765550 128.819139
2228 -17.287352 77.822449 128.819139
2259 -27.615218 86.004123 128.819139
2260 -27.647337 86.513109 128.819139
2261 -27.669041 86.997558 128.819139
2262 -27.665874 87.412506 128.819139
2263 -27.657146 87.872293 128.819139
2264 -27.660552 88.222217 128.819139
2265 -27.655033 88.552170 128.819139
2266 -27.651255 89.102154 128.819139
2267 -27.651055 89.567154 128.819139
2268 -27.652895 90.052114 128.819139
2269 -27.666955 90.466835 128.819139
2301 -28.079609 102.886273 128.819139
2302 -28.115705 103.143570 128.819139
2303 -28.162677 103.646168 128.819139
2304 -28.176905 104.130947 128.819139
2305 -28.182838 104.525858 128.819139
2306 -28.166819 104.765321 128.819139
2307 -28.149752 105.254991 128.819139
2308 -28.158248 105.704849 128.819139
2309 -28.155836 106.164804 128.819139
2310 -28.168521 106.649575 128.819139
2311 -28.158047 107.194386 128.819139
2343 -29.115387 119.552000 128.819139
2344 -29.196571 119.938481 128.819139
2345 -29.283240 120.486388 128.819139
2346 -29.304582 120.920795 128.819139
2347 -29.329698 121.169177 128.819139
2348 -29.400323 121.547622 128.819139
2349 -29.462377 122.053786 128.819139
2350 -29.497593 122.587615 128.819139
2351 -29.557698 123.098980 128.819139
2352 -29.646359 123.580807 128.819139
2353 -29.773366 124.090071 128.819139
2384 -37.507634 135.639863 128.819139
2385 -37.433381 136.174703 128.819139
2386 -37.361644 136.454732 128.819139
2387 -37.222050 136.759243 128.819139
2388 -36.994870 137.215647 128.819139
2389 -36.637660 137.787854 128.819139
2390 -36.224114 138.339827 128.819139
2391 -35.861114 138.785705 128.819139
2392 -35.508169 139.223681 128.819139
2393 -35.316065 139.460578 128.819139
2425 -35.192995 139.638696 128.819139
2426 -35.147210 139.467197 128.819139
2427 -35.291579 138.964451 128.819139
2428 -35.642899 138.353475 128.819139
2429 -35.934524 137.932298 128.819139
2430 -36.303570 137.400856 128.819139
2431 -36.736236 136.919260 128.819139
2432 -37.106477 136.450283 128.819139
2433 -37.339095 135.987806 128.819139
2434 -37.511637 135.640857 128.819139
2435 -37.557314 135.066316 128.819139
2467 -31.314876 122.580977 128.819139
2468 -31.326800 122.138720 128.819139
2469 -31.331599 121.741368 128.819139
2470 -31.296204 121.483824 128.819139
2471 -31.255223 121.025807 128.819139
2472 -31.249982 120.790865 128.819139
2473 -31.238497 120.275993 128.819139
2474 -31.223461 119.901479 128.819139
2475 -31.182900 119.670114 128.819139
2476 -31.161658 119.165780 128.819139
2477 -31.163057 118.855928 128.819139
2509 -31.027213 106.864677 128.819139
2510 -31.086889 106.674407 128.819139
2511 -31.222014 106.224821 128.819139
2512 -31.271652 105.858568 128.819139
2513 -31.247222 105.599732 128.819139
2514 -31.225581 105.150404 128.819139
2515 -31.227411 104.927913 128.819139
2516 -31.214364 104.418090 128.819139
2517 -31.211385 104.060782 128.819139
2518 -31.229561 103.781385 128.819139
2519 -31.228232 103.266463 128.819139
2551 -30.931455 90.913031 128.819139
2552 -31.006546 90.591694 128.819139
2553 -31.085876 90.164087 128.819139
2554 -31.140838 89.775780 128.819139
2555 -31.125713 89.491184 128.819139
2556 -31.115587 89.023805 128.819139
2557 -31.114602 88.687657 128.819139
2558 -31.133182 88.403265 128.819139
2559 -31.146636 87.993568 128.819139
2560 -31.141371 87.718618 128.819139
2561 -31.131080 87.181217 128.819139
2593 -42.541162 79.986342 128.819139
2594 -42.791145 79.908777 128.819139
2595 -43.177525 79.630879 128.819139
2596 -43.360439 79.324286 128.819139
2597 -43.451309 79.080713 128.819139
2598 -43.574935 78.612215 128.819139
2599 -43.647621 78.250264 128.819139
2600 -43.780448 78.003871 128.819139
2601 -44.030725 77.542795 128.819139
2602 -44.161001 77.202053 128.819139
2603 -44.280761 76.894667 128.819139
2637 -47.480601 70.089053 128.819139
2638 -47.447147 69.809000 128.819139
2639 -47.637386 69.288243 128.819139
2640 -47.996583 68.750455 128.819139
2641 -48.372226 68.313557 128.819139
2642 -48.842906 67.775343 128.819139
2643 -49.326605 67.248795 128.819139
2644 -49.730082 66.825209 128.819139
2645 -50.185547 66.372072 128.819139
2646 -50.485843 66.043760 128.819139
2681 -50.718669 65.720425 128.819139
2682 -50.718669 65.720425 128.819139
2683 -50.718669 65.720425 128.819139
2684 -50.718669 65.720425 128.819139
2685 -50.836391 65.858568 128.819139
2686 -50.780187 66.239349 128.819139
2687 -50.514825 66.780090 128.819139
2688 -50.065237 67.241430 128.819139
2689 -49.568177 67.660275 128.819139
2690 -49.103097 68.093395 128.819139
2691 -48.813704 68.497231 128.819139
2726 -54.822677 78.871945 128.819139
2727 -54.903674 78.822473 128.819139
2728 -54.981369 78.741728 128.819139
2729 -55.127286 78.306790 128.819139
2730 -55.127207 78.052394 128.819139
2731 -55.066716 77.809868 128.819139
2732 -55.018178 77.312843 128.819139
2733 -55.034255 76.917220 128.819139
2734 -55.119856 76.493698 128.819139
2735 -55.226396 76.181480 128.819139
2736 -55.379668 75.774480 128.819139
2772 -55.995749 73.486407 128.819139
2773 -55.995749 73.486407 128.819139
2774 -55.995749 73.486407 128.819139
2775 -55.995749 73.486407 128.819139
2776 -56.128258 73.626894 128.819139
2777 -56.097595 74.096861 128.819139
2778 -56.017037 74.332267 128.819139
2779 -55.765144 74.595538 128.819139
2780 -55.314012 75.083526 128.819139
2781 -55.116565 75.366148 128.819139
2782 -54.934754 75.635508 128.819139
2819 -53.723528 83.630970 128.819139
2820 -53.453252 83.580407 128.819139
2821 -52.907182 83.481517 128.819139
2822 -52.265878 83.392219 128.819139
2823 -51.623880 83.308013 128.819139
2824 -50.987076 83.205845 128.819139
2825 -50.420611 83.072746 128.819139
2826 -49.749259 82.834261 128.819139
2827 -49.063449 82.633365 128.819139
2828 -48.493517 82.501596 128.819139
2829 -47.873192 82.308312 128.819139
2866 -30.967759 71.961254 128.819139
2867 -30.981262 71.801892 128.819139
2868 -31.003623 71.357522 128.819139
2869 -31.002475 70.827616 128.819139
2870 -30.963751 70.500822 128.819139
2871 -30.872531 70.209788 128.819139
2872 -30.730035 69.647733 128.819139
2873 -30.657437 69.477649 128.819139
2874 -30.484250 69.062364 128.819139
2875 -30.339265 68.558289 128.819139
2876 -30.304398 68.356281 128.819139
2912 -29.784709 54.291618 128.819139
2913 -29.807705 53.783148 128.819139
2914 -29.842643 53.510460 128.819139
2915 -29.889124 53.204084 128.819139
2916 -29.891107 52.694597 128.819139
2917 -29.837978 52.258289 128.819139
2918 -29.746989 51.988286 128.819139
2919 -29.563295 51.507254 128.819139
2920 -29.440785 51.192823 128.819139
2921 -29.345600 50.903057 128.819139
2922 -29.201981 50.450515 128.819139
2959 -28.617897 36.660022 128.819139
2960 -28.666054 36.252963 128.819139
2961 -28.739122 36.024372 128.819139
2962 -28.834705 35.544691 128.819139
2963 -28.822602 35.152804 128.819139
2964 -28.751495 34.716187 128.819139
2965 -28.733714 34.461824 128.819139
2966 -28.699011 34.013178 128.819139
2967 -28.674199 33.563863 128.819139
2968 -28.638075 33.362105 128.819139
2969 -28.610458 32.888193 128.819139
3005 -24.613027 21.115467 128.819139
3006 -23.972993 21.003137 128.819139
3007 -23.345924 20.832678 128.819139
3008 -22.734079 20.636824 128.819139
3009 -22.027544 20.547684 128.819139
3010 -21.446316 20.611666 128.819139
3011 -20.812663 20.751957 128.819139
3012 -20.223042 21.017521 128.819139
3013 -19.662962 21.346990 128.819139
3014 -19.198196 21.766822 128.819139
3015 -18.960386 22.333995 128.819139
3052 -18.460186 35.115241 128.819139
3053 -18.338536 35.028295 128.819139
3054 -18.328775 34.629673 128.819139
3055 -18.381941 34.508308 128.819139
3056 -18.595382 34.195869 128.819139
3057 -18.900499 33.782140 128.819139
3058 -19.093259 33.281162 128.819139
3059 -19.115561 32.897340 128.819139
3060 -19.060841 32.330109 128.819139
3061 -19.025749 31.948134 128.819139
3062 -18.991303 31.693027 128.819139
3099 -27.253139 21.704333 128.819139
3100 -27.687432 22.181659 128.819139
3101 -27.958084 22.639915 128.819139
3102 -28.069409 22.863735 128.819139
3103 -28.220105 23.190640 128.819139
3104 -28.364679 23.552203 128.819139
3105 -28.476575 23.920574 128.819139
3106 -28.657945 24.431536 128.819139
3107 -28.903908 24.885969 128.819139
3108 -29.002777 25.079463 128.819139
3109 -29.156402 25.416043 128.819139
3145 -44.887142 30.195133 128.819139
3146 -44.925345 30.152458 128.819139
3147 -44.992704 29.871696 128.819139
3148 -44.959697 29.367948 128.819139
3149 -44.935521 29.037681 128.819139
3150 -44.959700 28.759385 128.819139
3151 -45.075366 28.252428 128.819139
3152 -45.143065 27.734858 128.819139
3153 -45.154264 27.416358 128.819139
3154 -45.107817 27.180990 128.819139
3155 -45.066610 26.683044 128.819139
3193 -45.733669 20.060611 128.819139
3194 -45.733669 20.060611 128.819139
3195 -45.733669 20.060611 128.819139
3196 -45.733669 20.060611 128.819139
3197 -45.837651 20.163826 128.819139
3198 -45.881472 20.588014 128.819139
3199 -45.785171 21.139809 128.819139
3200 -45.444998 21.581130 128.819139
3201 -45.425992 21.587333 128.819139
3202 -45.201944 21.639307 128.819139
3203 -44.766318 21.751822 128.819139
3242 -31.940362 33.068980 128.819139
3243 -31.613013 33.374569 128.819139
3244 -31.479909 33.675139 128.819139
3245 -31.412050 33.972129 128.819139
3246 -31.398237 34.446243 128.819139
3247 -31.449619 34.726035 128.819139
3248 -31.496667 35.012035 128.819139
3249 -31.520653 35.516126 128.819139
3250 -31.495608 35.769893 128.819139
3251 -31.461805 36.218578 128.819139
3252 -31.445981 36.493068 128.819139
3291 -31.467031 51.926177 128.819139
3292 -31.466204 52.481096 128.819139
3293 -31.491699 52.895307 128.819139
3294 -31.495819 53.465291 128.819139
3295 -31.500636 54.005269 128.819139
3296 -31.504874 54.480250 128.819139
3297 -31.509558 55.005229 128.819139
3298 -31.513084 55.445208 128.819139
3299 -31.501183 55.674868 128.819139
3300 -31.448371 56.136826 128.819139
3301 -31.414428 56.680599 128.819139
3340 -31.398576 72.462714 128.819139
3341 -31.395437 72.925194 128.819139
3342 -31.402168 73.175050 128.819139
3343 -31.414245 73.544837 128.819139
3344 -31.422303 74.069771 128.819139
3345 -31.414582 74.509649 128.819139
3346 -31.420562 74.799509 128.819139
3347 -31.390868 75.158102 128.819139
3348 -31.341218 75.715817 128.819139
3349 -31.332954 76.140674 128.819139
3350 -31.342527 76.780598 128.819139
3389 -31.464289 92.694533 128.819139
3390 -31.467884 92.944507 128.819139
3391 -31.473362 93.404471 128.819139
3392 -31.468116 93.621875 128.819139
3393 -31.455770 94.064196 128.819139
3394 -31.455211 94.556623 128.819139
3395 -31.515538 94.945631 128.819139
3396 -31.811504 95.330416 128.819139
3397 -32.425736 95.439756 128.819139
3398 -32.972047 95.119032 128.819139
3399 -33.251815 94.575549 128.819139
3438 -35.315562 90.670801 128.819139
3439 -35.645541 90.613185 128.819139
3440 -36.235933 90.540406 128.819139
3441 -36.935256 90.474716 128.819139
3442 -37.451751 90.442623 128.819139
3443 -38.226427 90.436253 128.819139
3444 -38.741443 90.485671 128.819139
3445 -39.443068 90.576659 128.819139
3446 -40.085860 90.654550 128.819139
3447 -40.663436 90.729890 128.819139
3448 -41.300672 90.856165 128.819139
3487 -43.247522 91.501893 128.819139
3488 -43.247522 91.501893 128.819139
3489 -43.347277 91.419750 128.819139
3490 -43.713680 91.374801 128.819139
3491 -44.376490 91.444404 128.819139
3492 -44.888550 91.518438 128.819139
3493 -45.600235 91.548517 128.819139
3494 -46.310828 91.483712 128.819139
3495 -46.876411 91.335599 128.819139
3496 -47.476851 91.087700 128.819139
3497 -47.945317 90.806599 128.819139
3537 -48.291104 90.423512 128.819139
3538 -48.291104 90.423512 128.819139
3539 -48.291104 90.423512 128.819139
3540 -48.291104 90.423512 128.819139
3541 -48.374050 90.519769 128.819139
3542 -48.312925 90.899556 128.819139
3543 -47.839061 91.274974 128.819139
3544 -47.242860 91.520685 128.819139
3545 -46.604180 91.603072 128.819139
3546 -45.956775 91.603624 128.819139
3547 -45.374535 91.588416 128.819139
3586 -36.388004 95.561253 128.819139
3587 -36.435653 95.884853 128.819139
3588 -36.108658 96.294862 128.819139
3589 -35.492287 96.449280 128.819139
3590 -34.867359 96.293066 128.819139
3591 -34.267669 96.062709 128.819139
3592 -33.585173 95.862555 128.819139
3593 -33.077761 95.748868 128.819139
3594 -32.383340 95.627901 128.819139
3595 -31.897248 95.483681 128.819139
3596 -31.570725 95.109179 128.819139
3636 -31.474381 80.339795 128.819139
3637 -31.478253 80.077324 128.819139
3638 -31.487519 79.604955 128.819139
3639 -31.496167 79.375125 128.819139
3640 -31.486582 78.860410 128.819139
3641 -31.450628 78.416915 128.819139
3642 -31.404708 78.201827 128.819139
3643 -31.366613 77.728708 128.819139
3644 -31.367935 77.343837 128.819139
3645 -31.383774 77.119397 128.819139
3646 -31.390760 76.689646 128.819139
3686 -31.250239 61.930739 128.819139
3687 -31.282137 61.527137 128.819139
3688 -31.334377 61.070162 128.819139
3689 -31.335916 60.815167 128.819139
3690 -31.333737 60.365173 128.819139
3691 -31.340499 60.100290 128.819139
3692 -31.345314 59.670339 128.819139
3693 -31.329279 59.255805 128.819139
3694 -31.293323 59.033781 128.819139
3695 -31.270054 58.529493 128.819139
3696 -31.278505 58.394758 128.819139
3736 -31.103493 42.356994 128.819139
3737 -31.140505 42.170780 128.819139
3738 -31.200283 41.720033 128.819139
3739 -31.188188 41.270590 128.819139
3740 -31.161998 41.037248 128.819139
3741 -31.127486 40.679109 128.819139
3742 -31.113882 40.194338 128.819139
3743 -31.085124 39.963644 128.819139
3744 -31.069710 39.531521 128.819139
3745 -31.075912 39.110378 128.819139
3746 -31.071560 38.951803 128.819139
3786 -31.148648 22.984965 128.819139
3787 -31.184182 22.865241 128.819139
3788 -31.337289 22.363074 128.819139
3789 -31.523371 21.803525 128.819139
3790 -31.802128 21.319608 128.819139
3791 -32.233058 20.833838 128.819139
3792 -32.704626 20.386537 128.819139
3793 -33.190213 19.954505 128.819139
3794 -33.632052 19.571103 128.819139
3795 -34.176228 19.107320 128.819139
3796 -34.717011 18.639596 128.819139
3835 -35.531121 2.838070 128.819139
3836 -34.912782 2.716068 128.819139
3837 -34.345196 2.834788 128.819139
3838 -33.655611 3.003671 128.819139
3839 -32.956754 3.141207 128.819139
3840 -32.497180 3.192593 128.819139
3841 -32.238552 3.219221 128.819139
3881 -32.045075 3.243534 128.819139
3882 -32.045075 3.243534 128.819139
3883 -32.045075 3.243534 128.819139
3884 -32.045075 3.243534 128.819139
3885 -32.045075 3.243534 128.819139
3886 -32.045075 3.243534 128.819139
3887 -32.045075 3.243534 128.819139
3888 -32.045075 3.243534 128.819139
3889 -32.045075 3.243534 128.819139
3890 -32.045075 3.243534 128.819139
3891 -32.142255 3.082354 128.819139
3932 -31.501759 -5.509985 136.537507
3933 -31.503869 -5.519760 136.537507
3934 -31.650414 -5.645109 136.537507
3935 -32.175554 -5.672567 136.537507
3936 -32.812669 -5.574743 136.537507
3937 -33.382404 -5.453474 136.537507
3938 -34.010214 -5.305633 136.587301
3939 -34.588770 -5.204556 136.587301
3940 -34.921980 -5.170309 136.587301
3982 -35.166054 -5.334141 136.587301
3983 -35.006370 -5.492582 136.587301
3984 -34.633202 -5.730811 136.587301
3985 -33.961582 -5.892188 136.587301
3986 -33.387771 -5.976507 136.587301
3987 -32.744579 -6.050050 136.587301
3988 -32.103977 -6.150772 136.587301
3989 -31.624554 -6.464145 136.587301
3990 -31.392164 -6.896638 136.587301
3991 -31.332751 -7.241063 136.587301
3992 -31.311630 -7.532695 136.587301
4034 -29.147723 -17.530750 148.570155
4035 -29.080779 -17.748299 148.570155
4036 -29.049111 -18.270911 148.570155
4037 -29.085634 -18.432803 148.570155
4038 -29.183381 -18.737064 148.675118
4039 -29.241669 -19.268162 148.675118
4040 -29.234785 -19.522321 149.238637
4041 -29.193963 -19.834570 149.238637
4042 -29.170409 -20.428997 149.238637
4043 -29.160512 -21.023912 150.206694
4044 -29.148883 -21.293609 150.206694
4068 -29.116313 -30.098920 159.297618
4069 -29.141030 -30.562502 159.297618
4070 -29.214357 -31.062091 160.336306
4071 -29.263480 -31.441306 160.336306
4072 -29.282091 -31.748240 160.336306
4073 -29.296450 -32.147968 161.307442
4074 -29.299930 -32.664140 161.307442
4075 -29.285834 -33.081963 161.307442
4076 -29.327868 -33.312868 162.279176
4077 -29.430671 -33.796975 162.279176
4078 -29.476919 -34.163845 162.279176
4104 -29.459392 -41.211391 172.023403
4105 -29.412178 -41.462244 172.023403
4106 -29.456714 -41.939791 172.023403
4107 -29.503305 -42.306821 172.023403
4108 -29.526485 -42.540673 172.121850
4109 -29.553425 -43.077403 172.121850
4110 -29.554443 -43.369767 172.121850
4111 -29.532042 -43.698997 173.136626
4112 -29.522086 -44.148819 173.136626
4113 -29.530851 -44.598734 174.131821
4114 -29.544696 -44.858359 174.131821
4165 -29.460403 -53.843118 184.522224
4166 -29.384462 -54.127537 184.522224
4167 -29.391378 -54.606727 184.522224
4168 -29.447452 -54.803229 184.522224
4169 -29.580829 -55.279093 184.647695
4170 -29.624126 -55.781583 184.647695
4171 -29.599003 -55.919121 184.647695
4172 -29.536253 -56.339001 185.318675
4173 -29.517513 -56.898565 185.318675
4174 -29.529486 -57.338402 186.476517
4175 -29.533217 -57.488356 186.476517
4205 -29.443873 -69.397626 198.594993
4206 -29.542394 -69.702051 198.594993
4207 -29.791301 -70.208385 198.594993
4208 -29.973213 -70.527676 199.608245
4209 -30.141463 -70.782018 199.608245
4210 -30.433790 -71.247612 199.608245
4211 -30.583289 -71.566564 200.604714
4212 -30.735586 -71.898206 200.604714
4213 -30.934628 -72.362094 201.504768
4214 -31.033919 -72.604114 201.504768
4215 -31.233266 -72.891730 201.504768
4249 -33.554094 -78.860453 206.003911
4250 -33.554094 -78.860453 206.003911
4251 -33.554094 -78.860453 206.003911
4252 -33.634315 -78.872248 206.003911
4253 -33.740940 -78.741649 206.003911
4254 -33.742082 -78.308526 206.003911
4255 -33.640151 -77.733893 206.003911
4256 -33.344885 -77.320596 206.003911
4257 -32.759036 -77.080615 206.003911
4258 -32.198869 -77.270119 206.003911
4259 -31.910042 -77.813848 206.003911
4324 -29.582595 -93.497710 223.901433
4325 -29.550619 -93.847567 223.901433
4326 -29.638494 -94.338666 223.901433
4327 -29.744129 -94.619259 223.901433
4328 -29.941283 -95.056893 224.071979
4329 -30.116191 -95.466029 224.071979
4330 -30.264158 -95.805151 224.071979
4331 -30.434454 -96.248192 224.898759
4332 -30.473389 -96.429032 224.898759
4333 -30.594160 -96.836473 225.825711
4334 -30.730263 -97.322727 225.825711
4372 -32.515056 -103.153596 232.451311
4373 -32.296713 -103.494248 232.451311
4374 -32.059496 -104.016174 232.451311
4375 -31.995935 -104.311541 232.451311
4376 -31.969484 -104.672814 232.451311
4377 -31.965508 -104.985255 232.451311
4378 -31.969275 -105.257699 232.451311
4379 -31.898412 -105.822415 232.451311
4380 -31.793099 -106.238976 232.451311
4381 -31.735554 -106.474254 232.451311
4382 -31.674413 -106.859389 232.451311
