7 41.500000 21.500000 -0.030435
8 41.500000 21.357500 8.664871
9 41.451429 21.007466 8.664871
10 41.079155 20.584886 8.664871
11 40.463571 20.440273 8.664871
12 39.814270 20.459926 19.809088
13 39.169253 20.516529 19.809088
14 38.524622 20.523336 21.294130
15 37.877517 20.465795 21.294130
16 37.245408 20.316064 22.214409
17 36.772459 20.139796 23.207757
18 36.544958 20.036172 23.207757
19 36.456514 20.001577 24.220652
20 36.354054 20.006546 24.220652
21 36.240965 20.216679 24.220652
22 36.228084 20.748363 24.812900
23 36.272325 20.954401 24.812900
24 36.435940 21.297350 25.019992
25 36.608465 21.818643 25.019992
26 36.683359 21.997626 25.019992
27 36.913466 22.378480 25.019992
28 37.196338 22.850121 25.019992
29 37.451799 23.320101 25.019992
30 37.528359 23.491211 25.019992
31 37.494801 23.579600 25.019992
32 37.478913 23.590651 25.019992
33 37.316535 23.616819 25.019992
34 37.201706 23.612172 25.019992
35 37.191746 23.611269 25.019992
36 37.200693 23.615736 25.019992
37 37.162067 23.569823 25.019992
38 37.173314 23.586342 25.019992
39 37.109553 23.407634 25.019992
40 36.777192 23.051334 25.019992
41 36.488064 22.937397 25.019992
42 36.210227 22.874569 25.019992
43 35.974312 22.747109 25.019992
44 35.731508 22.380914 25.019992
45 35.662460 22.120291 25.019992
46 35.559885 21.738894 25.238859
47 35.415551 21.249812 25.600781
48 35.316898 20.985889 25.600781
49 35.123796 20.641327 25.600781
50 34.876435 20.189858 25.862714
51 34.561698 19.679825 25.862714
52 34.282449 19.184334 26.448440
53 34.211541 18.979069 26.448440
54 34.091237 18.602858 26.448440
55 33.953132 18.055242 26.448440
56 33.900318 17.847028 26.448440
57 33.773158 17.473091 26.448440
58 33.607931 16.969510 26.448440
59 33.369546 16.447355 26.448440
60 33.129368 15.930837 26.448440
61 33.091943 15.740439 26.448440
62 33.081638 15.295666 26.448440
63 33.084530 14.800687 26.448440
64 33.004974 14.288452 26.448440
65 32.870761 13.796494 26.448440
66 32.811274 13.431938 26.448440
67 32.797384 13.137280 26.448440
68 32.790206 12.582358 26.448440
69 32.801274 12.387805 26.448440
70 32.815776 11.943089 26.448440
71 32.822057 11.448129 26.448440
72 32.816373 10.948275 26.448440
73 32.797085 10.458721 26.448440
74 32.780758 10.169187 26.448440
75 32.780758 10.169187 26.448440
76 32.780758 10.169187 26.448440
77 32.780758 10.169187 26.448440
78 32.780758 10.169187 26.448440
79 32.834417 10.220887 26.448440
80 32.908558 10.537343 26.448440
81 32.879061 11.026148 26.448440
82 32.822095 11.558105 26.448440
83 32.796850 12.037288 26.448440
84 32.792013 12.272206 26.448440
85 32.787194 12.702177 26.448440
86 32.788040 13.172115 26.448440
87 32.771986 13.411114 26.448440
88 32.730972 13.833927 26.448440
89 32.726807 14.073825 26.448440
90 32.730206 14.498805 26.448440
91 32.786296 15.020377 26.448440
92 32.906932 15.482959 26.448440
93 33.274972 15.999207 26.448440
94 33.794107 16.381677 26.448440
95 34.402508 16.590121 26.448440
96 34.721784 16.650540 26.448440
97 34.721784 16.650540 26.448440
98 34.718775 16.641004 26.448440
99 34.565492 16.531735 26.448440
100 34.270093 16.630239 26.448440
101 34.084184 17.141941 26.448440
102 34.086148 17.321047 26.448440
103 34.100788 17.745571 26.448440
104 34.070030 18.038352 26.448440
105 33.974392 18.390566 26.448440
106 33.820927 18.882164 26.448440
107 33.698220 19.366508 26.448440
108 33.661222 19.603378 26.448440
109 33.619945 19.965924 26.448440
110 33.527578 20.482703 26.448440
111 33.469037 20.694314 26.448440
112 33.329129 21.085018 27.658633
113 33.234354 21.374442 27.658633
114 33.163316 21.732404 27.658633
115 33.073491 22.012917 28.071337
116 32.923626 22.345730 28.071337
117 32.676471 22.864722 28.071337
118 32.342371 23.343965 28.234730
119 32.069257 23.818561 28.234730
120 32.007338 24.049866 28.445034
121 31.980643 24.413360 28.445034
122 31.974107 24.938319 28.445034
123 31.979762 25.158071 28.445034
124 31.998542 25.572614 28.445034
125 31.994675 25.792382 28.445034
126 31.975464 26.206891 28.445034
127 31.974790 26.446731 28.445034
128 31.991492 26.811340 28.445034
129 31.999074 27.126245 28.445034
130 31.999074 27.126245 28.445034
131 31.970851 27.142283 28.445034
132 31.866771 27.166080 28.445034
133 31.785424 27.156456 28.445034
134 31.760188 27.140650 28.445034
135 31.630586 26.923342 28.445034
136 31.581952 26.393871 28.445034
137 31.588613 26.236549 28.445034
138 31.564286 25.847804 28.445034
139 31.466955 25.311713 28.445034
140 31.403272 25.096689 28.445034
141 31.218639 24.730744 28.445034
142 30.961299 24.222152 28.445034
143 30.628348 23.697774 28.445034
144 30.123491 23.294303 28.445034
145 29.550264 22.988881 28.445034
146 28.952961 22.732689 28.445034
147 28.339857 22.517283 28.445034
148 27.724170 22.308982 28.844410
149 27.118625 22.073070 28.844410
150 26.514599 21.833161 29.624314
151 25.907414 21.601235 34.221046
152 25.282443 21.434226 34.221046
153 24.643010 21.334849 35.214202
154 23.995994 21.315973 35.214202
155 23.348871 21.295085 36.213809
156 22.704185 21.276362 37.219350
157 22.056834 21.288764 37.219350
158 21.409575 21.306433 38.233493
159 20.762220 21.319536 38.233493
160 20.114754 21.314233 39.224992
161 19.467387 21.301567 40.231828
162 18.952798 21.281053 41.231056
163 18.936443 21.269563 41.231056
164 18.849124 21.075066 41.231056
165 18.886759 20.567445 42.238371
166 18.942162 20.355379 42.238371
167 19.074387 20.026093 42.238371
168 19.154614 19.498709 42.447144
169 19.146281 19.259746 42.447144
170 19.089265 18.899324 42.447144
171 19.068572 18.615189 42.447144
172 19.075930 18.250391 42.447144
173 19.113973 17.958566 42.447144
174 19.224978 17.610873 42.447144
175 19.393227 17.134942 42.447144
176 19.442122 16.910513 42.447144
177 19.522896 16.503466 42.447144
178 19.555948 16.260981 42.447144
179 19.600791 15.898968 42.447144
180 19.677414 15.379608 42.447144
181 19.742822 14.883981 42.447144
182 19.786754 14.648867 42.447144
183 19.905316 14.303906 42.447144
184 19.966292 14.015505 42.447144
185 19.963219 13.651804 42.447144
186 19.895516 13.131221 42.447144
187 19.867488 12.632299 42.447144
188 19.877569 12.393222 42.447144
189 19.948857 12.035474 42.447144
190 19.987280 11.512069 42.447144
191 19.989999 11.292239 42.447144
192 20.007116 10.877892 42.447144
193 20.104276 10.362490 42.447144
194 20.266504 9.852739 42.447144
195 20.397912 9.370692 42.447144
196 20.456197 9.158944 42.447144
197 20.610167 8.773592 42.447144
198 20.868932 8.255215 42.447144
199 21.216743 7.739265 42.457037
200 21.581802 7.231968 42.457037
201 21.946511 6.724452 42.457037
202 22.343175 6.217497 42.457037
203 22.727012 5.736993 42.457037
204 23.122688 5.238795 42.457037
205 23.527616 4.738355 42.457037
206 23.949573 4.247691 42.457037
207 24.038292 4.152672 42.457037
208 24.027714 4.135728 42.457037
209 23.787510 4.055668 42.457037
210 23.330097 4.343711 42.457037
211 23.235168 4.563387 42.457037
212 23.177982 4.923867 42.457037
213 23.063119 5.435943 42.457037
214 22.900903 5.945532 42.457037
215 22.666889 6.464846 42.457037
216 22.356072 6.980500 42.457037
217 22.217786 7.194739 42.457037
218 22.043235 7.492311 42.457037
219 21.720801 8.002472 42.457037
220 21.325805 8.492353 42.457037
221 20.914673 8.947715 42.457037
222 20.661543 9.386163 42.457037
223 20.535560 9.867850 42.457037
224 20.521677 10.087101 42.457037
225 20.535319 10.501813 42.457037
226 20.553696 10.740758 42.457037
227 20.611832 11.101059 42.457037
228 20.638197 11.384729 42.457037
229 20.654676 11.754326 42.457037
230 20.653650 12.039174 42.457037
231 20.671187 12.403336 42.457037
232 20.710558 12.682245 42.457037
233 20.844515 13.021739 42.457037
234 20.958252 13.293288 42.457037
235 21.120631 13.585767 42.457037
236 21.325149 14.090937 42.457037
237 21.505817 14.551592 42.457037
238 21.905890 15.055511 42.457037
239 22.483370 15.343225 42.457037
240 23.098467 15.553206 42.457037
241 23.702053 15.793972 42.457037
242 24.207930 16.136516 42.457037
243 24.558941 16.640187 42.457037
244 24.786222 17.085287 42.457037
245 24.975741 17.550364 42.457037
246 25.254109 18.085573 42.457037
247 25.441308 18.348052 42.457037
248 25.647705 18.579298 42.457037
249 25.858205 18.893965 42.457037
250 25.948617 19.173710 42.457037
251 25.960750 19.262579 42.457037
252 25.937736 19.341475 42.457037
253 25.898215 19.402099 42.457037
254 25.854150 19.425526 42.457037
255 25.854150 19.425526 42.457037
256 25.854150 19.425526 42.457037
257 25.820697 19.388515 42.457037
258 25.783928 19.286246 42.457037
259 25.769139 18.971619 42.457037
260 25.704911 18.492954 42.457037
261 25.331957 17.838180 42.457037
262 25.018176 17.449088 42.457037
263 24.594380 16.962889 42.457037
264 24.194720 16.485798 42.457037
265 23.741591 16.021814 42.457037
266 23.193319 15.674566 42.457037
267 22.608670 15.390886 42.457037
268 22.015350 15.125467 42.457037
269 21.487746 14.841131 42.457037
270 21.098130 14.387961 42.457037
271 21.066122 14.225944 42.457037
272 21.094118 13.691692 42.457037
273 21.088480 13.341942 42.457037
274 21.028911 12.845659 42.457037
275 20.995600 12.608101 42.457037
276 20.949814 12.246189 42.457037
277 20.932881 11.731587 42.457037
278 20.949953 11.232009 42.457037
279 20.953526 10.992442 42.457037
280 20.887532 10.633681 42.457037
281 20.718705 10.115980 42.457037
282 20.627270 9.905359 42.457037
283 20.448366 9.504405 42.457037
284 20.367790 9.077196 42.457037
285 20.365219 8.858969 42.457037
286 20.461804 8.455380 42.457037
287 20.569389 7.967113 42.457037
288 20.658789 7.475258 42.457037
289 20.715844 7.242948 42.457037
290 20.876107 6.915196 42.457037
291 21.153841 6.434827 42.457037
292 21.250490 6.199424 42.457037
293 21.341643 5.846264 42.457037
294 21.412992 5.205748 42.457037
295 21.414868 4.825806 42.457037
296 21.407012 4.606087 42.457037
297 21.395058 4.191294 42.457037
298 21.406471 3.691550 42.457037
299 21.410370 3.451740 42.457037
300 21.400607 3.086882 42.457037
301 21.397972 2.571895 42.457037
302 21.413083 2.072224 42.457037
303 21.428782 1.857903 42.457037
304 21.440447 1.443448 42.457037
305 21.411835 1.155357 42.457037
306 21.360258 0.844682 42.457037
307 21.209157 0.443656 42.457037
308 21.085873 0.232071 42.457037
309 21.071662 0.211503 42.457037
310 21.071662 0.211503 42.457037
311 21.071662 0.211503 42.457037
312 21.135679 0.183793 42.457037
313 21.303935 0.167808 42.457037
314 21.405232 0.183156 42.457037
315 21.482517 0.210282 42.457037
316 21.600585 0.354249 42.457037
317 21.638762 0.810815 42.457037
318 21.619142 1.048233 42.457037
319 21.515197 1.511326 42.457037
320 21.478669 1.914488 42.457037
321 21.477268 2.154278 42.457037
322 21.494479 2.518858 42.457037
323 21.490190 3.033774 42.457037
324 21.462007 3.532912 42.457037
325 21.459298 3.752714 42.457037
326 21.457108 4.167700 42.457037
327 21.448878 4.407402 42.457037
328 21.458299 4.771800 42.457037
329 21.495873 5.280408 42.457037
330 21.494659 5.560118 42.457037
331 21.466682 5.913980 42.457037
332 21.434328 6.151166 42.457037
333 21.342165 6.503827 42.457037
334 21.288825 7.030964 42.457037
335 21.251813 7.246984 42.457037
336 21.097145 7.631890 42.457037
337 20.870720 8.088431 42.457037
338 20.613222 8.596503 42.457037
339 20.485924 9.078886 42.457037
340 20.483751 9.296661 42.457037
341 20.569713 9.819565 42.457037
342 20.585673 9.943539 42.457037
343 20.605344 10.307879 42.457037
344 20.591313 10.822600 42.457037
345 20.567077 11.040835 42.457037
346 20.522203 11.453007 42.457037
347 20.521165 11.692773 42.457037
348 20.541027 12.057221 42.457037
349 20.546293 12.342104 42.457037
350 20.539342 12.707038 42.457037
351 20.536714 12.991984 42.457037
352 20.541031 13.466917 42.457037
353 20.528387 13.641052 42.457037
354 20.454640 13.998330 42.457037
355 20.413286 14.516494 42.457037
356 20.380230 14.732789 42.457037
357 20.272010 15.133227 42.457037
358 20.207238 15.628552 42.457037
359 20.168278 15.844119 42.457037
360 20.033458 16.231147 42.457037
361 19.940081 16.711661 42.457037
362 19.907366 16.949309 42.457037
363 19.840371 17.419368 42.457037
364 19.803494 17.559143 42.457037
365 19.781349 17.592351 42.457037
366 19.699002 17.582334 42.457037
367 19.532502 17.331837 42.457037
368 19.479254 16.804858 42.457037
369 19.531037 16.324216 42.457037
370 19.588554 16.101814 42.457037
371 19.721473 15.714324 42.457037
372 19.794510 15.220436 42.457037
373 19.800822 15.000742 42.457037
374 19.799487 14.465748 42.457037
375 19.799568 14.410748 42.457037
376 19.799568 14.410748 42.457037
377 19.701491 14.415280 42.457037
378 19.588079 14.636289 42.457037
379 19.533736 15.124230 42.457037
380 19.570435 15.360877 42.457037
381 19.709214 15.698266 42.457037
382 19.798886 16.218706 42.457037
383 19.781532 16.436770 42.457037
384 19.682527 16.839601 42.457037
385 19.623895 17.451349 42.457037
386 19.618106 17.483326 42.457037
387 19.618106 17.483326 42.457037
388 19.618106 17.483326 42.457037
389 19.710749 17.405611 42.457037
390 19.755242 17.021636 42.457037
391 19.725985 16.729590 42.457037
392 19.579203 16.395450 42.457037
393 19.491366 16.114379 42.457037
394 19.407986 15.759100 42.457037
395 19.317453 15.479094 42.457037
396 19.118525 15.048318 42.457037
397 18.962119 14.637252 42.457037
398 18.602973 14.098886 42.457037
399 18.123059 13.661956 42.457037
400 17.587504 13.293921 42.457037
401 17.041900 12.940644 42.457037
402 16.495450 12.593309 42.457037
403 15.948244 12.242540 42.457037
404 15.405199 11.885337 42.457037
405 14.864539 11.524543 42.457037
406 14.330346 11.154247 42.457037
407 13.674835 10.732036 42.457037
408 13.248638 10.482979 42.457037
409 12.800996 10.051906 42.457037
410 12.557664 9.601354 42.457037
411 12.289606 9.127319 42.457037
412 11.935683 8.615519 42.457037
413 11.513906 8.127872 42.457037
414 11.114772 7.666930 42.457037
415 10.767107 7.231213 42.457037
416 10.406258 6.762579 42.457037
417 10.231150 6.456965 42.457037
418 10.144692 6.259504 42.457037
419 10.137590 6.240807 42.457037
420 10.137590 6.240807 42.457037
421 10.275749 6.156626 42.457037
422 10.669040 6.223702 42.457037
423 11.007045 6.721284 42.457037
424 11.030000 6.881673 42.457037
425 11.122612 7.285616 42.457037
426 11.222488 7.573340 42.447144
427 11.397990 7.893344 42.447144
428 11.694261 8.426358 42.447144
429 12.235776 9.194032 42.447144
430 12.308040 9.289833 42.447144
431 12.308279 9.319790 42.447144
432 12.277085 9.392064 42.447144
433 12.103061 9.483722 42.447144
434 11.726473 9.412416 42.447144
435 11.435281 8.902163 42.447144
436 11.404334 8.461849 42.447144
437 11.344950 7.936469 42.447144
438 11.271873 7.725213 42.447144
439 11.055592 7.371123 42.447144
440 10.697255 6.724282 42.447144
441 10.664879 6.637634 42.447144
442 10.518118 6.249510 42.447144
443 10.301400 5.782605 42.447144
444 10.004964 5.235237 42.447144
445 9.882033 5.009144 42.447144
446 9.683109 4.703182 42.447144
447 9.375384 4.212085 42.447144
448 9.276106 3.975360 42.447144
449 9.199829 3.618499 42.447144
450 9.004853 3.099622 42.447144
451 8.809809 2.751230 42.501765
452 8.687115 2.544968 42.501765
453 8.448048 2.044698 42.501765
454 8.334399 1.811156 42.501765
455 8.152757 1.494568 42.501765
456 7.866779 0.990477 47.205508
457 7.772280 0.759079 47.205508
458 7.639298 0.419211 48.017081
459 7.559727 0.135467 48.017081
460 7.511053 -0.180637 48.017081
461 7.499130 -0.395260 48.166379
463 7.498976 -0.557752 48.166379
463 7.498976 -0.557752 48.166379
464 7.509891 -0.759955 48.166379
465 7.612658 -1.237256 48.166379
466 7.986812 -1.759751 48.166379
467 8.527301 -2.120054 48.017081
468 9.062037 -2.489020 48.017081
469 9.559767 -2.906583 48.017081
470 10.027071 -3.358268 48.166379
471 10.517418 -3.875186 48.166379
472 10.961604 -4.342846 48.166379
474 11.705953 -5.311656 48.002084
474 11.743331 -5.364834 48.002084
475 11.743331 -5.364834 48.002084
476 11.701754 -5.434143 48.002084
477 11.405540 -5.472476 48.002084
478 10.981815 -5.088591 48.002084
479 10.918885 -4.575276 56.448561
480 10.889448 -4.051983 56.448561
481 10.830831 -3.820220 56.797887
482 10.657736 -3.476406 56.797887
483 10.494281 -3.178349 56.797887
484 10.227709 -2.761311 56.803169
485 10.180637 -2.697016 56.803169
486 9.940046 -2.611533 56.803169
487 9.417392 -2.775349 56.797887
488 8.877032 -3.131316 56.797887
489 8.344431 -3.503915 56.797887
490 7.807237 -3.869833 56.797887
491 7.293359 -4.267594 56.797887
492 6.807165 -4.687353 56.797887
493 6.233577 -4.980888 56.797887
494 5.598668 -5.100512 60.643219
496 4.319208 -4.963699 62.349339
497 3.677402 -4.878262 62.349339
498 3.032386 -4.822574 62.349339
499 2.387844 -4.799516 63.337825
500 1.740437 -4.790020 64.498682
501 1.093630 -4.760310 64.498682
502 0.446358 -4.743324 64.847514
503 -0.198604 -4.743614 64.847514
504 -0.845608 -4.768693 64.935661
505 -1.492413 -4.798619 65.207668
506 -2.140923 -4.841740 65.207668
508 -3.684961 -5.003469 65.754088
509 -4.264358 -5.063291 65.754088
510 -4.905839 -5.166724 66.225373
511 -5.533864 -5.333633 66.708321
512 -6.153810 -5.528931 66.708321
513 -6.771510 -5.731053 66.806287
514 -7.376289 -5.968834 66.806287
515 -7.967048 -6.239824 66.806287
516 -8.553449 -6.520219 67.779053
517 -9.138178 -6.804099 67.779053
518 -9.722892 -7.088010 67.779053
520 -10.726090 -7.638968 67.779053
520 -10.813576 -7.701415 67.779053
521 -10.813576 -7.701415 67.779053
522 -10.813576 -7.701415 67.779053
523 -10.813576 -7.701415 67.779053
524 -10.813576 -7.701415 67.779053
525 -10.813576 -7.701415 67.779053
526 -10.687609 -7.654476 67.779053
527 -10.579315 -7.321209 66.785627
528 -10.805911 -6.760920 66.785627
529 -11.184240 -6.276201 66.785627
532 -12.008772 -4.880916 67.779053
533 -12.092804 -4.693934 67.779053
534 -12.305284 -4.230306 67.779053
535 -12.546876 -3.741825 67.779053
536 -12.771550 -3.270107 67.779053
537 -12.853479 -3.071337 67.779053
538 -13.036819 -2.600868 67.779053
539 -13.156907 -2.359187 67.779053
540 -13.336773 -1.985205 67.779053
541 -13.627925 -1.429874 67.779053
542 -14.048039 -0.964335 67.779053
546 -15.977809 -0.052937 78.762936
547 -16.150009 0.029582 78.762936
548 -16.207544 0.293572 79.779697
549 -15.918269 0.771943 79.779697
550 -15.432893 1.194558 80.658292
551 -14.881185 1.538176 80.658292
552 -14.333495 1.888158 80.658292
553 -13.806594 2.268590 80.658292
554 -13.309869 2.687587 80.658292
555 -12.839081 3.135646 80.658292
556 -12.382916 3.598686 80.658292
560 -10.848883 5.501563 80.658292
561 -10.773368 5.607382 80.658292
562 -10.789512 5.649195 80.658292
563 -11.014296 5.772567 80.658292
564 -11.513310 5.582631 80.658292
565 -11.996281 5.175886 80.658292
566 -12.361525 4.678404 80.658292
567 -12.587013 4.327122 80.658292
568 -12.757760 4.074701 80.658292
569 -13.174098 3.669111 80.658292
570 -13.776075 3.439969 80.658292
574 -16.670432 3.101050 80.658292
575 -16.798954 3.081498 80.658292
576 -16.847195 3.132848 80.658292
577 -16.821666 3.256183 80.658292
578 -16.511940 3.380265 80.882384
579 -15.909424 3.409024 80.882384
580 -15.265286 3.343461 80.882384
581 -14.618745 3.314707 80.935530
582 -13.974552 3.376520 80.935530
583 -13.334992 3.491959 81.022713
584 -12.745811 3.680872 81.022713
587 -12.090983 4.862390 81.022713
588 -12.089540 5.237057 81.022713
589 -12.119499 5.552896 81.022713
590 -12.185942 5.827247 81.022713
591 -12.253594 6.327432 81.022713
592 -12.265773 6.620689 81.022713
593 -12.252684 7.050478 81.022713
594 -12.250847 7.310439 81.022713
595 -12.260762 7.615278 81.022713
596 -12.277179 8.120011 81.022713
597 -12.279329 8.544922 81.022713
601 -12.316042 10.207373 81.022713
602 -12.302385 10.416357 81.022713
603 -12.105479 10.708657 81.022713
604 -11.654511 11.126051 81.022713
605 -11.157076 11.544449 81.022713
606 -10.662566 11.966288 81.022713
607 -10.180244 12.401961 81.022713
608 -9.708546 12.849150 81.022713
609 -9.247703 13.300415 81.022713
610 -8.791085 13.752410 81.022713
611 -8.330752 14.211308 81.022713
616 -6.015610 16.479926 81.022713
617 -5.875626 16.617915 81.022713
618 -5.819846 16.946602 81.022713
619 -6.122522 17.385856 81.022713
620 -6.735160 17.568152 81.022713
621 -7.379199 17.633247 81.022713
622 -8.020984 17.734337 81.022713
623 -8.655461 17.875496 81.022713
624 -9.282387 18.046782 81.022713
625 -9.895637 18.261839 81.022713
626 -10.497592 18.507072 81.022713
631 -13.734472 20.021753 81.022713
632 -13.882760 20.127885 81.022713
633 -13.919425 20.311196 81.022713
634 -13.680591 20.506610 81.022713
635 -13.094230 20.615289 81.022713
636 -12.447000 20.624906 81.022713
637 -11.802354 20.628817 81.022713
638 -11.156732 20.701982 81.022713
639 -10.518001 20.822140 81.022713
640 -9.884783 20.968822 81.022713
641 -9.254313 21.126489 81.022713
647 -7.143081 23.203404 81.022713
648 -7.124698 23.236090 81.022713
649 -7.142507 23.263186 81.022713
650 -7.406426 23.360032 81.022713
651 -7.863874 23.102281 81.022713
652 -8.026528 22.785873 81.022713
653 -8.099557 22.479460 81.022713
654 -8.224652 21.964441 81.022713
655 -8.334941 21.638909 81.022713
656 -8.697250 21.354480 81.022713
657 -9.331730 21.259913 81.022713
664 -13.404600 21.267911 81.022713
665 -13.987049 21.260504 81.022713
666 -14.634535 21.256639 81.022713
667 -15.282032 21.254643 81.022713
668 -15.926516 21.276180 81.022713
669 -16.571728 21.330212 81.022713
670 -17.218535 21.394057 81.022713
671 -17.842112 21.568381 81.022713
672 -18.392119 21.911339 81.022713
673 -18.869040 22.352482 81.022713
674 -19.337447 22.803128 81.022713
680 -21.648181 24.404668 81.022713
681 -21.648181 24.404668 81.022713
682 -21.648181 24.404668 81.022713
683 -21.664761 24.365647 81.022713
684 -21.660748 24.079061 81.022713
685 -21.357742 23.596481 81.022713
686 -20.808978 23.253716 81.022713
687 -20.189930 23.078043 81.022713
688 -19.555734 22.962707 81.022713
689 -18.977933 22.673135 81.022713
690 -18.519581 22.221396 81.022713
694 -16.904717 20.292915 81.022713
695 -16.486377 19.883999 81.022713
696 -16.014667 19.436809 81.022713
697 -15.540631 18.992081 81.022713
698 -15.062680 18.551560 81.022713
699 -14.582417 18.113561 81.022713
700 -14.101829 17.675915 81.022713
701 -13.630971 17.227882 81.022713
702 -13.221768 16.813325 81.022713
703 -12.790822 16.410510 81.022713
704 -12.488218 15.961923 81.022713
710 -12.332950 13.218153 81.022713
711 -12.342448 12.848275 81.022713
712 -12.356544 12.633737 81.022713
713 -12.382503 12.189505 81.022713
714 -12.382987 11.992006 81.022713
715 -12.384163 11.512007 81.022713
716 -12.382485 11.002024 81.022713
717 -12.369941 10.567207 81.022713
718 -12.380309 10.352458 81.022713
719 -12.392143 9.907678 81.022713
720 -12.360155 9.695174 81.022713
727 -12.290363 7.263271 81.022713
728 -12.295021 6.818354 81.022713
729 -12.297929 6.353400 81.022713
730 -12.278928 6.176934 81.022713
731 -12.235971 5.698975 81.022713
732 -12.234802 5.518979 81.022713
733 -12.231683 5.038989 81.022713
734 -12.237571 4.859085 81.022713
735 -12.238510 4.379103 81.022713
736 -12.249508 3.914284 81.022713
737 -12.238587 3.734616 81.022713
744 -12.406741 1.427484 81.022713
745 -12.625186 0.945905 81.022713
746 -12.654109 0.768937 81.022713
747 -12.650722 0.344179 81.022713
748 -12.609237 -0.128808 81.022713
749 -12.583649 -0.662832 81.022713
750 -12.636553 -1.144629 81.022713
751 -12.703501 -1.665295 81.022713
752 -12.688318 -2.183392 81.022713
753 -12.424357 -2.755586 81.022713
754 -11.898608 -3.129421 81.022713
761 -7.877608 -4.944148 81.022713
762 -7.757584 -4.994088 81.022713
763 -7.741550 -4.982160 81.022713
764 -7.652592 -4.742716 81.022713
765 -7.882156 -4.246787 81.022713
766 -8.443603 -3.937456 81.022713
767 -9.066403 -3.762952 81.022713
768 -9.697552 -3.618477 81.022713
769 -10.321254 -3.436006 81.022713
770 -10.933902 -3.219044 81.022713
771 -11.544491 -3.004112 81.022713
778 -15.219354 -0.836518 81.022713
779 -15.862140 -0.760383 81.022713
780 -16.504729 -0.662547 81.022713
781 -17.147493 -0.566068 81.022713
782 -17.788280 -0.473166 81.022713
783 -18.426746 -0.381654 81.022713
784 -19.068252 -0.293813 81.215762
785 -19.709618 -0.204944 81.215762
786 -20.349441 -0.123450 82.426452
787 -20.993128 -0.053563 82.426452
788 -21.638219 0.002118 83.548549
795 -26.146285 0.443879 86.683101
796 -26.790174 0.512138 86.683101
797 -27.434245 0.578668 86.683101
798 -28.077255 0.654747 86.683101
799 -28.718488 0.744561 86.683101
800 -29.355513 0.845661 86.683101
801 -29.997357 0.948228 86.683101
802 -30.638073 1.041645 86.683101
803 -31.281352 1.134638 86.833173
804 -31.922650 1.223839 86.732693
805 -32.561458 1.312933 86.732693
809 -35.319484 1.715737 90.155643
810 -35.383796 1.725169 90.155643
811 -35.383796 1.725169 90.155643
812 -35.441742 1.521574 90.155643
813 -35.233140 1.066044 90.155643
814 -34.690594 0.722621 90.536622
815 -34.100315 0.450644 90.536622
816 -33.535171 0.130277 90.536622
817 -33.003249 -0.243141 90.536622
818 -32.504093 -0.655292 90.536622
819 -32.005227 -1.071926 90.536622
827 -30.933905 -4.065517 90.536622
828 -30.927933 -4.110119 90.536622
829 -30.987661 -4.173692 90.536622
830 -31.109338 -4.151443 90.536622
831 -31.252864 -3.839208 90.536622
832 -31.275680 -3.528537 90.536622
833 -31.170046 -3.210903 90.536622
834 -31.091681 -2.895833 90.536622
835 -31.053543 -2.563154 90.536622
836 -31.062360 -2.239111 90.536622
837 -31.138819 -1.912985 90.536622
845 -34.481321 2.139812 90.536622
846 -34.907699 2.623764 90.536622
847 -35.330156 3.111155 90.536622
848 -35.758367 3.590104 90.536622
849 -36.147718 4.066422 90.536622
850 -36.235949 4.223313 90.536622
851 -36.381540 4.641478 90.536622
852 -36.431636 5.088530 90.735880
853 -36.496462 5.314362 90.735880
854 -36.627174 5.817606 90.970325
855 -36.665126 5.993558 90.970325
864 -38.216927 9.634886 98.240521
865 -38.271388 9.718340 98.240521
866 -38.431733 9.818325 98.240521
867 -38.905110 9.870875 98.240521
868 -39.548080 9.820318 98.240521
869 -40.193214 9.765172 98.240521
870 -40.839982 9.734941 98.240521
871 -41.487314 9.730726 98.240521
872 -42.134572 9.748442 98.240521
873 -42.781573 9.773098 98.240521
874 -43.426026 9.799522 98.240521
879 -46.658112 9.934475 98.240521
880 -46.723053 9.937245 98.240521
881 -46.761272 9.879045 98.263523
882 -46.782395 9.755730 98.263523
883 -46.771181 9.676569 98.286927
884 -46.741007 9.608379 98.286927
885 -46.596835 9.531689 98.240521
886 -46.139284 9.493444 98.240521
887 -45.494589 9.476204 98.240521
888 -44.850971 9.408642 98.240521
889 -44.215192 9.275083 98.240521
898 -39.428842 6.236456 98.240521
899 -38.971761 5.774313 98.240521
900 -38.522851 5.314657 98.240521
901 -38.064485 4.853794 98.240521
902 -37.599336 4.399791 98.240521
903 -37.124403 3.956027 98.240521
904 -36.645953 3.516047 98.240521
905 -36.165404 3.078366 98.240521
906 -35.665797 2.662732 98.240521
907 -35.151140 2.265722 98.240521
908 -34.635018 1.870606 98.240521
917 -29.918203 -1.698364 98.240521
918 -29.459892 -2.061864 98.240521
919 -28.952032 -2.467543 98.240521
920 -28.440077 -2.868043 98.240521
921 -27.943438 -3.279450 98.240521
922 -27.450727 -3.699467 98.240521
923 -26.895747 -4.017220 98.240521
924 -26.262065 -4.138213 98.240521
925 -25.615894 -4.113515 98.240521
926 -24.971842 -4.026043 98.240521
927 -24.334216 -3.913756 98.240521
936 -22.240915 -3.573703 98.240521
937 -22.240915 -3.573703 98.240521
938 -22.260873 -3.613701 98.240521
939 -22.535353 -3.722247 98.240521
940 -23.093720 -3.716004 98.240521
941 -23.729491 -3.608829 98.240521
942 -24.373958 -3.609680 98.240521
943 -25.004120 -3.736318 98.240521
944 -25.621996 -3.920451 98.240521
945 -26.262374 -3.988774 98.240521
946 -26.851104 -3.956857 98.240521
956 -27.018884 -0.960477 98.240521
957 -26.499188 -0.592458 98.240521
958 -25.872505 -0.433057 98.240521
959 -25.231853 -0.323252 98.240521
960 -24.597886 -0.180916 98.240521
961 -23.972969 -0.002279 98.240521
962 -23.354709 0.198180 98.240521
963 -22.739402 0.407679 98.240521
964 -22.124414 0.618082 98.240521
965 -21.509041 0.827387 98.240521
966 -20.898203 1.049348 98.240521
975 -15.167733 2.958213 98.240521
976 -14.542047 3.108066 98.240521
977 -13.897808 3.133715 98.240521
978 -13.252844 3.140477 98.240521
979 -12.605345 3.140144 98.240521
980 -11.957849 3.138785 98.240521
981 -11.310671 3.118553 98.240521
982 -10.663531 3.097225 98.240521
983 -10.016767 3.066517 98.240521
984 -9.372371 3.038754 98.240521
985 -8.725612 3.007974 98.240521
994 -2.808228 3.061190 98.240521
995 -2.745066 3.076539 98.240521
996 -2.745066 3.076539 98.240521
997 -2.765973 3.018315 98.240521
998 -3.061863 2.874493 98.240521
999 -3.668435 2.789955 98.240521
1000 -4.308263 2.708781 98.240521
1001 -4.944122 2.608469 98.240521
1002 -5.576222 2.536818 98.240521
1003 -6.010943 2.524264 98.240521
1004 -6.230634 2.534637 98.240521
1013 -6.936511 5.733506 98.240521
1014 -6.945805 5.958312 98.240521
1015 -6.991807 6.466186 98.240521
1016 -7.036819 6.848467 98.240521
1017 -7.048702 7.093178 98.240521
1018 -7.067283 7.507741 98.240521
1019 -7.064500 7.750225 98.240521
1020 -7.058645 8.265192 98.240521
1021 -7.044660 8.644900 98.240521
1022 -7.065386 8.888987 98.240521
1023 -7.098058 9.307658 98.240521
1033 -7.035503 12.906159 98.240521
1034 -7.011324 13.245257 98.240521
1035 -7.003794 13.725046 98.240521
1036 -6.984242 14.017923 98.240521
1037 -6.865867 14.363190 98.240521
1038 -6.685146 14.876928 98.240521
1039 -6.326389 15.403149 98.240521
1040 -5.797607 15.772169 98.240521
1041 -5.200595 16.028705 98.240521
1042 -4.593970 16.262161 98.240521
1043 -3.989337 16.500715 98.240521
1052 1.520151 18.978160 98.240521
1053 1.700228 19.084849 98.240521
1054 1.926653 19.354448 98.240521
1055 2.074212 19.891445 98.240521
1056 2.105852 20.091413 98.240521
1057 2.213327 20.533523 98.240521
1058 2.295148 21.006283 98.240521
1059 2.410099 21.476978 98.240521
1060 2.558049 21.928194 98.240521
1061 2.662099 22.187467 98.240521
1062 2.843916 22.492272 98.240521
1072 4.040845 24.678182 98.240521
1073 4.040845 24.678182 98.240521
1074 4.040845 24.678182 98.240521
1075 4.040845 24.678182 98.240521
1076 3.954005 24.697257 98.240521
1077 3.847199 24.955182 98.240521
1078 4.005288 25.401275 98.240521
1079 4.399360 25.907269 98.240521
1080 4.965402 26.216395 98.240521
1081 5.581559 26.422884 98.240521
1082 6.167500 26.703303 98.240521
1092 8.256909 28.344995 98.240521
1093 8.791950 28.547793 98.240521
1094 9.430437 28.541894 98.240521
1095 9.999235 28.229439 98.240521
1096 10.543206 27.873655 98.240521
1097 11.103467 27.544235 98.240521
1098 11.675001 27.234728 98.240521
1099 12.250762 26.938555 98.240521
1100 12.804254 26.602797 98.240521
1101 13.370388 26.283730 98.240521
1102 13.965214 26.028756 98.240521
1112 17.909617 24.801981 98.240521
1113 17.935976 24.759632 98.240521
1114 17.921983 24.449885 98.240521
1115 17.521172 24.015367 98.240521
1116 16.983257 23.656853 98.240521
1117 16.424771 23.324320 98.240521
1118 15.905711 22.935499 98.240521
1119 15.490138 22.446353 98.240521
1120 15.183946 21.995705 98.240521
1121 14.733467 21.552513 98.240521
1122 14.122005 21.359913 98.240521
1133 7.229365 20.672201 98.240521
1134 6.586520 20.594953 98.240521
1135 5.944543 20.493920 98.240521
1136 5.306536 20.369657 98.240521
1137 4.666622 20.255687 98.240521
1138 4.027453 20.137924 98.240521
1139 3.397409 19.978677 98.240521
1140 2.779894 19.775991 98.240521
1141 2.168938 19.554219 98.240521
1142 1.569323 19.303349 98.240521
1143 0.972902 19.045027 98.240521
1153 -5.413773 16.133222 98.240521
1154 -5.991160 15.834717 98.240521
1155 -6.543214 15.493541 98.240521
1156 -6.993376 15.030768 98.240521
1157 -7.093596 14.853046 98.240521
1158 -7.260436 14.440604 98.240521
1159 -7.558061 13.885565 98.240521
1160 -7.868470 13.437681 98.240521
1161 -8.181446 12.979563 98.240521
1162 -8.293729 12.838943 98.240521
1163 -8.599251 12.462358 98.240521
1174 -10.626093 8.318783 98.240521
1175 -10.732342 8.149356 98.240521
1176 -11.000843 7.721683 98.240521
1177 -11.283256 7.192491 98.240521
1178 -11.318666 7.057200 98.240521
1179 -11.436576 6.670084 98.240521
1180 -11.619501 6.188681 98.240521
1181 -11.716417 6.013760 98.240521
1182 -11.960032 5.577255 98.240521
1183 -12.164966 5.104897 98.240521
1184 -12.220754 4.912842 98.240521
1195 -18.113812 2.243271 98.240521
1196 -18.613853 2.110447 98.240521
1197 -19.246751 1.962369 98.240521
1198 -19.872948 1.788254 98.240521
1199 -20.499418 1.614986 98.240521
1200 -21.119676 1.420760 98.240521
1201 -21.736263 1.215066 98.240521
1202 -22.352425 1.008180 98.240521
1203 -22.966186 0.794233 98.240521
1204 -23.570817 0.555726 98.240521
1205 -24.168886 0.301164 98.240521
1216 -30.046391 -3.480642 98.240521
1217 -30.508821 -3.937425 98.240521
1218 -30.942330 -4.406970 98.240521
1219 -31.337546 -4.884611 98.240521
1220 -31.849763 -5.263848 98.240521
1221 -32.473749 -5.416177 98.240521
1222 -33.120007 -5.455362 98.240521
1223 -33.766798 -5.485642 98.240521
1224 -34.414824 -5.535804 98.240521
1225 -35.057735 -5.628883 98.240521
1226 -35.620292 -5.809921 98.240521
1237 -36.092196 -6.142900 98.240521
1238 -35.966217 -6.196720 98.240521
1239 -35.539315 -6.218950 98.240521
1240 -34.911995 -6.094427 98.240521
1241 -34.290637 -5.912439 98.240521
1242 -33.668164 -5.744138 98.240521
1243 -33.034541 -5.599197 98.240521
1244 -32.397339 -5.471052 98.240521
1245 -31.809088 -5.342443 98.240521
1246 -31.407733 -5.126138 98.240521
1247 -31.212108 -4.851648 98.240521
1258 -31.568723 -1.035875 98.240521
1259 -31.937624 -0.642694 98.240521
1260 -32.438796 -0.228991 98.240521
1261 -32.953324 0.168194 98.240521
1262 -33.467895 0.565328 98.240521
1263 -33.976693 0.969802 98.240521
1264 -34.471216 1.391500 98.240521
1265 -34.951669 1.829295 98.240521
1266 -35.433291 2.265796 98.240521
1267 -35.923139 2.693039 98.240521
1268 -36.411024 3.122520 98.240521
1279 -41.684317 8.040460 98.240521
1280 -42.080184 8.467764 98.240521
1281 -42.533125 8.923276 98.240521
1282 -43.056385 9.305760 98.240521
1283 -43.660618 9.542694 98.240521
1284 -44.282369 9.723322 98.240521
1285 -44.904167 9.903643 98.240521
1286 -45.523959 10.099289 98.240521
1287 -46.135518 10.319414 98.240521
1288 -46.746671 10.540665 98.263523
1289 -47.354389 10.771259 98.263523
1300 -51.124122 12.233740 99.432188
1301 -51.245857 12.050513 99.432188
1302 -51.424824 11.602720 99.432188
1303 -51.442620 11.119715 99.432188
1304 -51.425101 10.625135 99.432188
1305 -51.427787 10.370337 99.432188
1306 -51.459960 9.986683 99.432188
1307 -51.511065 9.494435 99.432188
1308 -51.554201 9.218262 99.432188
1309 -51.669338 8.903735 99.432188
1310 -51.763299 8.592910 99.432188
1321 -52.467514 4.614823 99.432188
1322 -52.467514 4.614823 99.432188
1323 -52.516830 4.610539 99.432188
1324 -52.620386 4.707258 99.432188
1325 -52.596990 5.107972 99.432188
1326 -52.390802 5.642180 99.432188
1327 -52.028487 6.160443 99.432188
1328 -51.636779 6.663363 99.432188
1329 -51.256601 7.153036 99.432188
1330 -51.141447 7.291374 99.432188
1331 -50.845628 7.675369 99.432188
1343 -43.944213 10.924706 99.432188
1344 -43.341622 11.168379 99.432188
1345 -42.741472 11.417780 99.432188
1346 -42.168858 11.719466 99.432188
1347 -41.622714 12.071525 99.432188
1348 -41.110631 12.471431 99.432188
1349 -40.628078 12.906820 99.432188
1350 -40.157578 13.355290 99.432188
1351 -39.688945 13.805715 99.432188
1352 -39.218208 14.253939 99.432188
1353 -38.747117 14.701791 99.432188
1365 -32.124637 17.569278 99.432188
1366 -32.020160 17.576403 99.432188
1367 -31.930852 17.599202 99.432188
1368 -31.804724 17.737382 99.432188
1369 -31.734046 18.182027 99.432188
1370 -31.753580 18.561444 99.432188
1371 -31.729643 18.825252 99.432188
1372 -31.643039 19.281853 99.432188
1373 -31.508025 19.700530 99.432188
1374 -31.410346 19.892025 99.432188
1375 -31.190997 20.346884 99.432188
1388 -29.516409 24.730586 99.432188
1389 -29.446598 24.911510 99.432188
1390 -29.453179 25.183581 99.432188
1391 -29.557592 25.363120 99.432188
1392 -29.923100 25.523734 99.432188
1393 -30.556660 25.539838 99.432188
1394 -31.195218 25.497137 99.432188
1395 -31.840720 25.532685 99.432188
1396 -32.480564 25.645816 99.432188
1397 -33.092019 25.862515 99.432188
1398 -33.666100 26.165661 99.432188
1411 -35.123605 27.047294 99.432188
1412 -35.214448 26.991278 99.432188
1413 -35.333417 26.737752 99.432188
1414 -35.195732 26.256328 99.432188
1415 -34.718626 25.937001 99.432188
1416 -34.083156 25.818785 99.432188
1417 -33.438470 25.735891 99.432188
1418 -32.796699 25.633198 99.432188
1419 -32.158632 25.510114 99.432188
1420 -31.553018 25.278086 99.432188
1421 -31.006623 24.927305 99.432188
1434 -23.876815 21.190219 99.432188
1435 -23.257529 21.030121 99.432188
1436 -22.667311 20.774249 99.432188
1437 -22.057552 20.558857 99.432188
1438 -21.421402 20.457735 99.432188
1439 -20.774192 20.449782 99.432188
1440 -20.127166 20.474388 99.432188
1441 -19.480709 20.511079 99.432188
1442 -18.834305 20.548723 99.432188
1443 -18.189763 20.572727 99.432188
1444 -17.542626 20.594407 99.432188
1457 -8.940294 20.790898 99.432188
1458 -8.359149 20.824986 99.432188
1459 -7.714958 20.911597 99.432188
1460 -7.073602 20.979138 99.432188
1461 -6.427090 21.014552 99.432188
1462 -5.780393 21.046788 99.432188
1463 -5.133407 21.072050 99.432188
1464 -4.488513 21.083237 99.432188
1465 -3.841045 21.089687 99.432188
1466 -3.193591 21.097398 99.432188
1467 -2.546137 21.105110 99.432188
1481 3.609647 24.320588 99.432188
1482 3.968413 24.807720 99.432188
1483 4.327266 25.300850 99.432188
1484 4.308171 25.277711 99.432188
1485 4.392692 25.315193 99.432188
1486 4.545030 25.378580 99.432188
1487 4.644043 25.420444 99.432188
1488 4.625871 25.412091 99.432188
1489 4.696799 25.517195 99.432188
1490 4.796377 25.800014 99.432188
1491 5.040751 26.076337 99.432188
1504 13.417130 26.413515 99.432188
1505 13.450150 26.402058 99.432188
1506 13.722370 26.244506 99.432188
1507 14.133790 25.817646 99.432188
1508 14.459231 25.310995 99.432188
1509 14.565096 25.078684 99.432188
1510 14.657682 24.725633 99.432188
1511 14.851543 24.200897 99.432188
1512 15.156231 23.673777 99.432188
1513 15.330070 23.399310 99.432188
1514 15.505324 23.079139 99.432188
1527 19.050916 17.768549 99.432188
1528 19.073273 17.676351 99.432188
1529 19.211258 17.306506 99.432188
1530 19.434267 16.787606 99.432188
1531 19.482707 16.588845 99.432188
1532 19.543159 16.198600 99.432188
1533 19.577093 15.669790 99.432188
1534 19.587267 15.179953 99.432188
1535 19.600652 14.980738 99.432188
1536 19.648161 14.634012 99.432188
1537 19.667329 14.134763 99.432188
1550 20.474437 9.402124 99.432188
1551 20.476510 9.189692 99.432188
1552 20.483519 8.704753 99.432188
1553 20.501859 8.280199 99.432188
1554 20.551937 8.071175 99.432188
1555 20.672308 7.642791 99.432188
1556 20.705642 7.448141 99.432188
1557 20.813272 6.980624 99.432188
1558 21.061548 6.442987 99.432188
1559 21.348825 5.956876 99.432188
1560 21.476393 5.581283 99.432188
1574 21.525859 0.484124 99.432188
1575 21.529532 0.264468 99.432188
1576 21.458841 -0.225434 99.432188
1577 21.409905 -0.697573 99.432188
1578 21.409577 -1.062377 99.432188
1579 21.451951 -1.349186 99.432188
1580 21.478598 -1.843370 99.432188
1581 21.485193 -2.233274 99.432188
1582 21.472684 -2.477939 99.432188
1583 21.476507 -2.972880 99.432188
1584 21.489586 -3.457641 99.432188
1597 22.634355 -8.563533 99.432188
1598 22.634355 -8.563533 99.432188
1599 22.580846 -8.644825 99.432188
1600 22.240542 -8.670621 99.432188
1601 21.907508 -8.289727 99.432188
1602 21.823032 -8.037784 99.432188
1603 21.881713 -7.657713 99.432188
1604 21.956870 -7.183969 99.432188
1605 21.957535 -6.935107 99.432188
1606 21.859589 -6.562830 99.432188
1607 21.794596 -6.082896 99.432188
1621 23.798439 -2.028235 99.432188
1622 23.798439 -2.028235 99.432188
1623 23.798439 -2.028235 99.432188
1624 23.804349 -1.944320 99.432188
1625 23.687852 -1.795426 99.432188
1626 23.234453 -1.762578 99.432188
1627 22.649893 -2.032868 99.432188
1628 22.155646 -2.433110 99.432188
1629 21.909715 -2.807517 99.432188
1630 21.837355 -3.020561 99.432188
1631 21.750161 -3.471095 99.432188
1644 24.235671 -7.954960 99.432188
1645 24.880209 -7.934076 99.432188
1646 25.526607 -7.897134 99.432188
1647 26.174035 -7.890951 99.432188
1648 26.821465 -7.898950 99.432188
1649 27.468510 -7.921746 99.432188
1650 28.112110 -7.963664 99.432188
1651 28.758029 -8.008770 99.432188
1652 29.404633 -8.042806 99.432188
1653 30.050942 -8.081950 99.432188
1654 30.694533 -8.124525 99.432188
1669 38.630106 -8.587438 99.432188
1670 38.630106 -8.587438 99.432188
1671 38.664057 -8.684863 99.432188
1672 38.533663 -8.825091 99.432188
1673 38.061664 -8.954201 99.432188
1674 37.423956 -8.937241 99.432188
1675 36.792661 -8.795918 99.432188
1676 36.174275 -8.612719 99.432188
1677 35.545753 -8.448082 99.432188
1678 34.905876 -8.372248 99.432188
1679 34.258513 -8.366442 99.432188
1693 24.947673 -8.105362 99.432188
1694 24.302306 -8.030176 99.432188
1695 23.662629 -7.914903 99.432188
1696 23.026313 -7.809516 99.432188
1697 22.418158 -7.589540 99.432188
1698 21.947387 -7.159104 99.432188
1699 21.800899 -6.898718 99.432188
1700 21.733654 -6.586259 99.432188
1701 21.685245 -6.093897 99.432188
1702 21.680506 -5.819089 99.432188
1703 21.694173 -5.484384 99.432188
1717 21.444216 -0.482847 99.432188
1718 21.425982 -0.309297 99.432188
1719 21.379166 0.112786 99.432188
1720 21.375433 0.337674 99.432188
1721 21.378266 0.762664 99.432188
1722 21.384514 0.987533 99.432188
1723 21.397794 1.412308 99.432188
1724 21.392562 1.637166 99.432188
1725 21.381223 2.062000 99.432188
1726 21.368171 2.286542 99.432188
1727 21.342527 2.710696 99.432188
1742 21.247924 8.073841 99.432188
1743 21.106362 8.437211 99.432188
1744 20.928166 8.820200 99.432188
1745 20.830496 9.066492 99.432188
1746 20.658740 9.498052 99.432188
1747 20.584341 9.890603 99.432188
1748 20.575868 10.155468 99.432188
1749 20.566546 10.570352 99.432188
1750 20.591605 10.783854 99.432188
1751 20.640095 11.216135 99.432188
1752 20.668838 11.429201 99.432188
1766 24.744751 17.035893 99.432188
1767 24.824296 17.202888 99.432188
1768 24.990034 17.528052 99.432188
1769 25.287197 18.031781 99.432188
1770 25.592914 18.494982 99.432188
1771 25.836312 18.953383 99.432188
1772 25.939344 19.455897 99.432188
1773 25.981069 19.979207 99.432188
1774 26.033501 20.466304 99.432188
1775 26.078607 20.691269 99.432188
1776 26.218490 21.081945 99.432188
1790 26.190394 26.505680 99.432188
1791 26.190394 26.505680 99.432188
1792 26.190394 26.505680 99.432188
1793 26.209965 26.501683 99.432188
1794 26.348537 26.328941 99.432188
1795 26.398195 25.824699 99.432188
1796 26.346212 25.668939 99.432188
1797 26.190105 25.247390 99.432188
1798 26.115194 24.748734 99.432188
1799 26.148031 24.572216 99.432188
1800 26.273700 24.108968 99.432188
1815 20.873714 21.263485 99.432188
1816 20.226375 21.275794 99.432188
1817 19.579217 21.296818 99.432188
1818 18.931996 21.315727 99.432188
1819 18.287077 21.324765 99.432188
1820 17.639654 21.315306 99.432188
1821 16.992283 21.302391 99.432188
1822 16.344908 21.289681 99.432188
1823 15.697536 21.276800 99.432188
1824 15.052993 21.252946 99.432188
1825 14.406027 21.227056 99.432188
1839 5.154938 21.070790 99.432188
1840 4.507495 21.062582 99.432188
1841 3.860003 21.059550 99.432188
1842 3.212538 21.052838 99.432188
1843 2.565075 21.045921 99.432188
1844 1.917612 21.039004 99.432188
1845 1.272648 21.032114 99.432188
1846 0.625185 21.025197 99.432188
1847 -0.022278 21.018280 99.432188
1848 -0.669736 21.010952 99.432188
1849 -1.317179 21.002331 99.432188
1864 -10.694027 20.794860 99.432188
1865 -11.340574 20.820068 99.432188
1866 -11.985444 20.878367 99.432188
1867 -12.631242 20.924806 99.432188
1868 -13.275836 20.946747 99.432188
1869 -13.923214 20.939354 99.432188
1870 -14.570309 20.916460 99.432188
1871 -15.217390 20.893190 99.432188
1872 -15.862099 20.874118 99.432188
1873 -16.509398 20.858034 99.432188
1874 -17.156284 20.829970 99.432188
1888 -26.432329 21.359131 99.432188
1889 -26.993177 21.518652 99.432188
1890 -27.466691 21.947157 99.432188
1891 -27.557583 22.144001 99.432188
1892 -27.659367 22.524889 99.432188
1893 -27.678448 22.780990 99.432188
1894 -27.667661 23.125817 99.432188
1895 -27.648909 23.650477 99.432188
1896 -27.656041 23.840195 99.432188
1897 -27.692246 24.283718 99.432188
1898 -27.721910 24.777775 99.432188
1912 -28.359713 30.987197 99.432188
1913 -28.359713 30.987197 99.432188
1914 -28.501239 31.080891 99.432188
1915 -28.962004 31.113776 99.432188
1916 -29.604678 31.059225 99.432188
1917 -30.247559 31.007484 99.432188
1918 -30.894509 30.981333 99.432188
1919 -31.541774 30.963920 99.432188
1920 -32.188707 30.975342 99.432188
1921 -32.828039 31.075357 99.432188
1922 -33.457173 31.227205 99.432188
1931 -35.203356 31.815309 99.432188
1932 -35.203356 31.815309 99.432188
1933 -35.203356 31.815309 99.432188
1934 -35.203356 31.815309 99.432188
1935 -35.203356 31.815309 99.432188
1936 -35.204238 31.825270 99.432188
1937 -35.306525 31.959762 99.432188
1938 -35.708892 32.037573 99.432188
1939 -36.335041 32.028863 99.432188
1940 -36.973373 31.907380 99.432188
1941 -37.603484 31.758376 99.432188
1957 -46.903666 30.293827 99.432188
1958 -46.923035 30.298729 99.432188
1959 -46.973136 30.330713 99.432188
1960 -46.938001 30.428484 99.432188
1961 -46.626162 30.532159 99.432188
1962 -46.022870 30.553160 99.432188
1963 -45.375933 30.526191 99.432188
1964 -44.728724 30.533505 99.432188
1965 -44.083479 30.610498 99.432188
1966 -43.444559 30.729907 99.432188
1967 -42.807990 30.848340 99.432188
1983 -32.215941 32.987853 99.432188
1984 -31.710790 33.356031 99.432188
1985 -31.446699 33.819406 99.432188
1986 -31.328272 34.164151 99.432188
1987 -31.326890 34.458931 99.432188
1988 -31.345618 34.933498 99.432188
1989 -31.355648 35.438186 99.432188
1990 -31.345865 35.933089 99.432188
1991 -31.321496 36.252006 99.432188
1992 -31.260172 36.540548 99.432188
1993 -31.196859 37.061386 99.432188
2011 -30.292411 43.546084 99.432188
2012 -30.295407 43.608512 99.432188
2013 -30.349872 43.682032 99.432188
2014 -30.393890 43.704397 99.432188
2015 -30.472733 43.701811 99.432188
2016 -30.558663 43.626372 99.432188
2017 -30.606348 43.274580 99.432188
2018 -30.566894 42.713531 99.432188
2019 -30.563834 42.517458 99.432188
2020 -30.570477 42.072519 99.432188
2021 -30.600337 41.805984 99.432188
2032 -32.989688 37.983850 99.432188
2033 -33.635174 38.031519 99.432188
2034 -34.277136 38.093979 99.432188
2035 -34.923296 38.134797 99.432188
2036 -35.570572 38.150803 99.432188
2037 -36.218064 38.152637 99.432188
2038 -36.865537 38.146666 99.432188
2039 -37.510509 38.140685 99.432188
2040 -38.157981 38.134681 99.432188
2041 -38.805453 38.128677 99.432188
2042 -39.452925 38.122672 99.432188
2061 -42.525503 38.292099 99.432188
2062 -42.525503 38.292099 99.432188
2063 -42.557591 38.248157 99.432188
2064 -42.839667 38.213264 99.432188
2065 -43.253462 38.575664 99.432188
2066 -43.530219 39.022474 99.432188
2067 -43.645489 39.249727 99.432188
2068 -43.808830 39.631204 99.432188
2069 -43.884898 39.884675 99.432188
2070 -43.933591 40.276119 99.432188
2071 -43.939439 40.535967 99.432188
2090 -37.405027 42.339677 99.432188
2091 -37.328640 42.285777 99.432188
2092 -36.975854 42.228652 99.432188
2093 -36.370718 42.355174 99.432188
2094 -35.757141 42.569017 99.432188
2095 -35.152381 42.806872 99.432188
2096 -34.559838 43.067731 99.432188
2097 -33.837779 43.362652 99.432188
2098 -33.357785 43.562484 99.432188
2099 -32.757382 43.796971 99.432188
2100 -32.124442 43.915989 99.432188
2119 -22.342480 43.557559 99.432188
2120 -22.328925 43.542853 99.432188
2121 -22.346488 43.493958 99.432188
2122 -22.588527 43.392613 99.432188
2123 -23.134041 43.502269 99.432188
2124 -23.746705 43.711205 99.432188
2125 -24.344366 43.960212 99.432188
2126 -24.948580 44.199677 99.432188
2127 -25.559330 44.399037 99.432188
2128 -26.189353 44.546409 99.432188
2129 -26.826268 44.672450 99.432188
2149 -28.375658 52.031542 99.432188
2150 -28.417822 52.292288 99.432188
2151 -28.512619 52.675035 99.432188
2152 -28.536340 52.938785 99.432188
2153 -28.541653 53.338742 99.432188
2154 -28.542574 53.603711 99.432188
2155 -28.546607 53.998689 99.432188
2156 -28.552993 54.538651 99.432188
2157 -28.547323 54.728486 99.432188
2158 -28.544463 55.173462 99.432188
2159 -28.561589 55.638067 99.432188
2180 -28.951007 64.037354 99.432188
2181 -28.989355 64.243346 99.432188
2182 -29.091647 64.624463 99.432188
2183 -29.123245 64.887368 99.432188
2184 -29.136075 65.282074 99.432188
2185 -29.134799 65.546991 99.432188
2186 -29.121559 65.901744 99.432188
2187 -29.119941 66.401503 99.432188
2188 -29.140048 66.592725 99.432188
2189 -29.175333 67.036095 99.432188
2190 -29.175947 67.376001 99.432188
2203 -29.374534 72.699630 100.698361
2204 -29.374534 72.699630 100.698361
2205 -29.374534 72.699630 100.698361
2206 -29.409428 72.700476 100.698361
2207 -29.419317 72.698990 101.542109
2208 -29.447391 72.637765 101.542109
2209 -29.487565 72.326486 106.117859
2210 -29.482141 71.806571 106.117859
2211 -29.451830 71.310149 106.117859
2212 -29.423543 70.804732 102.248520
2213 -29.382609 70.634590 102.248520
2227 -28.314566 65.817864 106.117859
2228 -28.323863 65.800178 106.117859
2229 -28.412633 65.752911 106.117859
2230 -28.558513 65.850238 106.117859
2231 -28.658727 66.283003 106.117859
2232 -28.678303 66.623224 106.117859
2233 -28.617777 66.942377 106.117859
2234 -28.608337 67.351224 106.117859
2235 -28.697269 67.611183 103.992692
2236 -28.873941 68.052063 103.992692
2237 -29.047497 68.459003 103.992692
2262 -33.570773 78.328624 110.342738
2263 -33.666372 78.401090 110.342738
2264 -33.999524 78.569467 110.714407
2265 -34.610734 78.681350 110.714407
2266 -35.256000 78.759293 110.714407
2267 -35.896577 78.853544 110.714407
2268 -36.537853 78.959492 111.781394
2269 -37.172292 79.099716 111.781394
2270 -37.791108 79.297222 114.269331
2271 -38.392579 79.536335 114.269331
2272 -38.980340 79.813455 114.269331
2300 -41.992308 80.881980 118.991932
2301 -41.939451 80.772607 118.991932
2302 -42.026022 80.369071 118.991932
2303 -42.340506 79.820088 118.991932
2304 -42.746945 79.322983 118.991932
2305 -43.018271 79.008991 118.991932
2306 -43.208157 78.783236 118.991932
2307 -43.547646 78.344628 118.991932
2308 -43.679827 78.098812 118.991932
2309 -43.796232 77.721373 118.991932
2310 -43.994316 77.192398 118.991932
2341 -47.194424 68.689925 119.104996
2342 -47.134911 68.658400 119.104996
2343 -46.951529 68.625295 119.104996
2344 -46.852115 68.635246 119.104996
2345 -46.792076 68.651735 119.104996
2346 -46.709072 68.730604 119.104996
2347 -46.576548 69.086764 119.104996
2348 -46.544737 69.635575 119.104996
2349 -46.498702 69.804036 119.104996
2350 -46.336204 70.250333 119.104996
2351 -46.126466 70.793680 119.104996
2384 -34.267273 77.127605 119.104996
2385 -34.267273 77.127605 119.104996
2386 -34.267273 77.127605 119.104996
2387 -34.285225 77.089387 119.104996
2388 -34.513921 77.005618 119.104996
2389 -35.056578 77.042190 119.104996
2390 -35.675603 77.238226 119.104996
2391 -36.269564 77.502200 119.104996
2392 -36.859613 77.774841 119.104996
2393 -37.455269 78.034964 119.104996
2394 -38.050659 78.289417 119.104996
2427 -53.624861 82.562605 119.104996
2428 -53.624861 82.562605 119.104996
2429 -53.624861 82.562605 119.104996
2430 -53.624861 82.562605 119.104996
2431 -53.624861 82.562605 119.104996
2432 -53.639083 82.612611 119.104996
2433 -53.547996 82.733632 119.104996
2434 -53.103937 82.836256 119.104996
2435 -52.458364 82.812441 119.104996
2436 -51.819461 82.724003 119.104996
2437 -51.175700 82.655238 119.104996
2471 -29.808281 78.513975 119.104996
2472 -29.779891 78.498268 119.104996
2473 -29.670195 78.246586 119.104996
2474 -29.684184 77.780019 119.104996
2475 -29.756551 77.585884 119.104996
2476 -29.892249 77.183581 119.104996
2477 -29.939960 76.840510 119.104996
2478 -29.839432 76.542933 119.104996
2479 -29.664858 76.079893 119.104996
2480 -29.561870 75.727216 119.104996
2481 -29.437753 75.493104 119.104996
2514 -28.574374 63.944544 119.104996
2515 -28.618276 63.476966 119.104996
2516 -28.661940 63.302408 119.104996
2517 -28.707502 62.835454 119.104996
2518 -28.679123 62.673191 119.104996
2519 -28.585533 62.228043 119.104996
2520 -28.506802 61.721765 119.104996
2521 -28.408985 61.313384 119.104996
2522 -28.323305 61.094566 119.104996
2523 -28.170703 60.660679 119.104996
2524 -28.119585 60.488170 119.104996
2558 -22.818760 58.610981 119.104996
2559 -22.818760 58.610981 119.104996
2560 -22.848426 58.574270 119.104996
2561 -23.145400 58.508814 119.104996
2562 -23.730254 58.549448 119.104996
2563 -24.370274 58.647549 119.104996
2564 -25.011171 58.719190 119.104996
2565 -25.659413 58.766459 119.104996
2566 -26.304729 58.819472 119.104996
2567 -26.939945 58.944691 119.104996
2568 -27.448959 59.322504 119.104996
2602 -30.156677 71.821479 119.269946
2603 -30.209745 71.974943 119.269946
2604 -30.368857 72.401205 119.269946
2605 -30.406604 72.577151 119.269946
2606 -30.509841 73.035662 119.269946
2607 -30.546337 73.217026 119.269946
2608 -30.655886 73.679028 119.269946
2609 -30.825897 74.122295 119.269946
2610 -30.903729 74.267771 119.269946
2611 -31.112024 74.677870 119.269946
2612 -31.302535 75.153299 119.269946
2647 -46.932213 71.829951 119.269946
2648 -47.095191 71.426938 119.269946
2649 -47.365893 70.962862 119.269946
2650 -47.673853 70.507406 119.269946
2651 -47.889370 70.112388 119.269946
2652 -47.975843 69.915556 119.269946
2653 -48.205707 69.471603 119.269946
2654 -48.456070 68.984788 119.269946
2655 -48.797525 68.464592 119.269946
2656 -49.227531 67.982714 119.269946
2657 -49.789204 67.665399 119.269946
2691 -54.147487 66.010687 119.269946
2692 -54.050460 65.955060 119.269946
2693 -53.665371 65.924052 119.269946
2694 -53.060460 66.087847 119.269946
2695 -52.452089 66.316191 119.269946
2696 -51.845856 66.550639 119.269946
2697 -51.236370 66.776514 119.269946
2698 -50.623239 66.992286 119.269946
2699 -50.018098 67.229318 119.269946
2700 -49.433696 67.513259 119.269946
2701 -48.883782 67.858637 119.269946
2735 -36.778540 76.519008 119.269946
2736 -36.135021 76.606907 119.269946
2737 -35.520368 76.771635 119.269946
2738 -34.910277 76.985551 119.269946
2739 -34.269242 77.029642 119.269946
2740 -33.624767 76.947841 119.269946
2741 -33.000709 76.788847 119.269946
2742 -32.408878 76.522663 119.269946
2743 -31.913278 76.110280 119.269946
2744 -31.648118 75.687924 119.269946
2745 -31.564017 75.490095 119.269946
2780 -29.112306 62.920860 119.269946
2781 -29.081835 62.513349 119.269946
2782 -29.133340 62.041230 119.269946
2783 -29.167070 61.678120 119.269946
2784 -29.130748 61.385389 119.269946
2785 -29.069979 60.914358 119.269946
2786 -29.001229 60.515273 119.269946
2787 -28.921694 60.304860 119.269946
2788 -28.749449 59.846186 119.269946
2789 -28.655336 59.506676 119.269946
2790 -28.605590 59.238765 119.269946
2824 -22.121837 53.787141 119.269946
2825 -22.121837 53.787141 119.269946
2826 -22.121837 53.787141 119.269946
2827 -22.121837 53.787141 119.269946
2828 -22.072623 53.821179 119.269946
2829 -22.050312 53.865678 119.269946
2830 -22.068225 53.947240 119.269946
2831 -22.239723 54.053274 119.269946
2832 -22.727958 54.090255 119.269946
2833 -23.376909 54.062038 119.269946
2834 -24.021232 53.997990 119.269946
2869 -29.414968 65.495920 119.269946
2870 -29.449914 65.909398 119.269946
2871 -29.474403 66.371191 119.269946
2872 -29.491134 66.843331 119.269946
2873 -29.512995 67.190075 119.269946
2874 -29.509764 67.462556 119.269946
2875 -29.539520 67.961278 119.269946
2876 -29.595807 68.329477 119.269946
2877 -29.664622 68.561900 119.269946
2878 -29.801156 69.037582 119.269946
2879 -29.902749 69.501513 119.269946
2913 -42.788796 78.028660 119.269946
2914 -43.369281 78.077018 119.269946
2915 -44.012238 78.128305 119.269946
2916 -44.657886 78.177219 119.269946
2917 -45.303792 78.222626 119.269946
2918 -45.948394 78.283075 119.269946
2919 -46.592272 78.351461 119.269946
2920 -47.237386 78.430746 119.269946
2921 -47.882766 78.508065 119.269946
2922 -48.524243 78.575336 119.269946
2923 -49.167274 78.650309 119.269946
2958 -55.529271 77.263437 119.269946
2959 -55.407090 77.196860 119.269946
2960 -54.978118 77.228465 119.269946
2961 -54.444303 77.583123 119.269946
2962 -54.392893 77.622897 119.269946
2963 -54.392893 77.622897 119.269946
2964 -54.392893 77.622897 119.269946
2965 -54.392893 77.622897 119.269946
2966 -54.392893 77.622897 119.269946
2967 -54.392893 77.622897 119.269946
2968 -54.392893 77.622897 119.269946
3004 -42.701288 79.513038 119.269946
3005 -42.058492 79.488864 119.269946
3006 -41.411560 79.550696 119.269946
3007 -40.765952 79.598688 119.269946
3008 -40.118526 79.599718 119.269946
3009 -39.474196 79.570654 119.269946
3010 -38.828223 79.526303 119.269946
3011 -38.183086 79.471044 119.269946
3012 -37.540322 79.417381 119.269946
3013 -36.895022 79.364056 119.269946
3014 -36.252166 79.311508 119.269946
3049 -13.752398 77.622318 119.269946
3050 -13.540516 77.587418 119.269946
3051 -13.263449 77.378008 119.269946
3052 -13.121149 76.990568 119.269946
3053 -13.113191 76.765789 119.269946
3054 -13.076538 76.277409 119.269946
3055 -12.994228 75.769330 119.269946
3056 -12.854454 75.305282 119.269946
3057 -12.754463 75.081627 119.269946
3058 -12.552014 74.597244 119.269946
3059 -12.341816 74.149125 119.269946
3097 -10.088769 68.567475 119.269946
3098 -10.088769 68.567475 119.269946
3099 -10.103672 68.541554 119.269946
3100 -10.369258 68.455394 119.269946
3101 -10.829098 68.769441 119.269946
3102 -11.035473 69.262902 119.269946
3103 -11.080897 69.437075 119.269946
3104 -11.207005 69.905286 119.269946
3105 -11.417503 70.396346 119.269946
3106 -11.734937 70.934596 119.269946
3107 -11.833259 71.085368 119.269946
3146 -27.789947 73.393701 119.269946
3147 -27.810066 73.334921 119.269946
3148 -27.892869 73.279820 119.269946
3149 -28.001123 73.335986 119.269946
3150 -28.128835 73.644623 119.269946
3151 -28.157870 74.145516 119.269946
3152 -28.120451 74.359438 119.269946
3153 -28.023641 74.762934 119.269946
3154 -27.969500 75.214263 119.269946
3155 -27.958463 75.688970 119.269946
3156 -27.973205 76.158700 119.269946
3195 -28.580199 93.767202 119.269946
3196 -28.614601 93.819294 119.269946
3197 -28.654996 93.847227 119.269946
3198 -28.707063 93.844778 119.269946
3199 -28.861359 93.702917 119.269946
3200 -28.920412 93.240930 119.269946
3201 -28.879864 92.788804 119.269946
3202 -28.832846 92.553573 119.269946
3203 -28.725825 92.204642 119.269946
3204 -28.628325 91.658867 119.269946
3205 -28.610047 91.189411 119.269946
3226 -20.738345 86.776495 119.269946
3227 -20.092806 86.726674 119.269946
3228 -19.444231 86.685166 119.269946
3229 -18.801142 86.610434 119.269946
3230 -18.162780 86.503120 119.269946
3231 -17.524961 86.377900 119.269946
3232 -16.887870 86.262380 119.269946
3233 -16.246599 86.173131 119.269946
3234 -15.602843 86.103618 119.269946
3235 -14.959114 86.033927 119.269946
3236 -14.316263 85.957130 119.269946
3278 -10.440812 85.166013 119.269946
3279 -10.440812 85.166013 119.269946
3280 -10.458403 85.135895 119.269946
3281 -10.740045 85.037250 119.269946
3282 -11.320364 85.103831 119.269946
3283 -11.953799 85.237949 119.269946
3284 -12.583944 85.385334 119.269946
3285 -13.197834 85.597485 119.269946
3286 -13.799653 85.835865 119.269946
3287 -14.424457 85.993299 119.269946
3288 -15.068112 86.060065 119.269946
3330 -27.706441 94.968989 119.269946
3331 -27.707793 95.323940 119.269946
3332 -27.740120 95.516147 119.269946
3333 -27.778649 95.913974 119.269946
3334 -27.777835 96.128972 119.269946
3335 -27.776187 96.563969 119.269946
3336 -27.766794 96.778764 119.269946
3337 -27.753291 97.213544 119.269946
3338 -27.758134 97.428490 119.269946
3339 -27.767933 97.863379 119.723849
3340 -27.764089 98.083346 119.723849
3383 -27.575866 105.093212 127.384928
3384 -27.575866 105.093212 127.384928
3385 -27.516340 105.117898 127.384928
3386 -27.410706 105.307604 127.384928
3387 -27.532037 105.542706 127.384928
3388 -28.045219 105.664245 127.384928
3389 -28.692630 105.660372 127.384928
3390 -29.339999 105.666001 127.384928
3391 -29.986349 105.732918 127.384928
3392 -30.625979 105.848166 127.736291
3393 -31.259536 105.993210 127.736291
3440 -39.833559 108.188216 133.159153
3441 -39.680457 108.037312 133.159153
3442 -39.269866 107.710948 133.159153
3443 -38.689514 107.421436 133.159153
3444 -38.078444 107.207518 133.159153
3445 -37.462469 107.008072 133.159153
3446 -36.852041 106.784880 133.159153
3447 -36.240137 106.565664 133.159153
3448 -35.629281 106.343554 133.159153
3449 -35.026445 106.100781 133.159153
3450 -34.436382 105.828166 133.159153
3476 -31.583399 97.145398 133.159153
3477 -31.891256 96.661366 133.159153
3478 -32.417830 96.299836 133.159153
3479 -33.047471 96.171365 133.159153
3480 -33.694656 96.170071 133.159153
3481 -34.341435 96.200623 133.159153
3482 -34.988329 96.228489 133.159153
3483 -35.635633 96.244014 133.159153
3484 -36.283066 96.241730 133.159153
3485 -36.930199 96.220007 133.159153
3486 -37.574840 96.198483 133.159153
3539 -41.217278 96.034216 135.207100
3540 -41.053755 95.911775 135.207100
3541 -40.631477 95.836175 135.207100
3542 -39.989909 95.898385 135.207100
3543 -39.351878 96.008679 135.207100
3544 -38.709613 96.089707 135.207100
3545 -38.063239 96.125732 135.207100
3546 -37.415820 96.135420 135.207100
3547 -36.768339 96.140484 135.207100
3548 -36.123349 96.143660 135.207100
3549 -35.475854 96.145994 135.207100
3602 -36.865571 116.034182 139.611604
3603 -36.896254 116.251028 139.611604
3604 -37.010393 116.649793 139.611604
3605 -37.041111 116.867317 139.611604
3606 -37.066325 117.261431 139.611604
3607 -37.052411 117.545140 140.357401
3608 -36.975887 117.901799 140.357401
3609 -36.948963 118.185225 140.357401
3610 -36.944306 118.505191 140.357401
3611 -36.933734 119.015054 140.357401
3612 -36.891115 119.487932 140.357401
3667 -35.772749 123.838697 140.510213
3668 -35.568184 123.640314 140.510213
3669 -35.131738 123.266140 140.510213
3670 -34.582454 122.920519 140.510213
3671 -33.997766 122.636601 140.510213
3672 -33.403683 122.385956 140.510213
3673 -32.769075 122.260781 140.510213
3674 -32.126922 122.346406 140.510213
3675 -31.517181 122.567954 140.510213
3676 -30.966888 122.912479 140.510213
3677 -30.452401 123.309610 140.510213
3734 -26.683359 126.587693 141.083946
3735 -26.683359 126.587693 141.083946
3736 -26.683359 126.587693 141.083946
3737 -26.683359 126.587693 141.083946
3738 -26.683359 126.587693 141.083946
3739 -26.665500 126.674698 141.155942
3740 -26.698644 126.746656 141.155942
3741 -26.910846 126.848742 141.155942
3742 -27.304775 126.768241 141.155942
3743 -27.800271 126.211728 141.055450
3744 -28.114662 125.712516 141.055450
3776 -39.818425 112.985899 141.155942
3777 -39.818425 112.985899 141.155942
3778 -39.848567 112.997753 141.155942
3779 -39.970490 113.238801 141.155942
3780 -39.901767 113.574121 141.155942
3781 -39.698001 113.800100 141.155942
3782 -39.282519 114.211914 141.155942
3783 -38.863009 114.664754 141.155942
3784 -38.603867 114.988828 141.155942
3785 -38.416749 115.229677 141.155942
3786 -38.079873 115.683193 141.155942
3845 -28.450190 138.141613 146.100376
3846 -28.450190 138.141613 146.100376
3847 -28.450190 138.141613 146.100376
3848 -28.359618 137.980837 146.100376
3849 -28.483487 137.508288 146.100376
3850 -28.808013 136.965650 146.100376
3851 -29.218182 136.468016 146.100376
3852 -29.590144 135.969314 146.100376
3853 -29.735451 135.727194 146.100376
3854 -29.924939 135.380618 146.100376
3855 -30.179924 134.882072 146.100376
3916 -44.089494 134.608081 150.733805
3917 -43.958105 134.485056 150.733805
3918 -43.553586 134.212212 150.733805
3919 -42.930056 134.046618 150.733805
3920 -42.286931 133.972110 150.733805
3921 -41.646957 133.874531 150.733805
3922 -41.014779 133.723809 150.733805
3923 -40.393252 133.534164 150.733805
3924 -39.791322 133.289403 150.733805
3925 -39.208290 133.013575 150.733805
3926 -38.617642 132.761247 150.733805
3989 -46.793459 125.338317 150.733805
3990 -46.793459 125.338317 150.733805
3991 -46.745823 125.369915 150.733805
3992 -46.483363 125.333471 150.733805
3993 -46.121123 124.942675 150.733805
3994 -45.889033 124.516328 150.733805
3995 -45.842735 124.321803 150.733805
3996 -45.689820 123.845934 150.733805
3997 -45.642460 123.647209 150.733805
3998 -45.551566 123.201691 150.733805
3999 -45.274561 122.633296 150.733805
4063 -45.450288 101.105197 150.733805
4064 -45.420661 101.091934 150.733805
4065 -45.406382 101.087341 150.733805
4066 -45.326262 101.067709 150.733805
4067 -45.266618 101.068346 150.733805
4068 -45.174453 101.128920 150.733805
4069 -45.086102 101.441694 150.733805
4070 -45.067645 101.933775 150.733805
4071 -45.023056 102.300738 150.733805
4072 -44.921574 102.550638 150.733805
4073 -44.728061 103.016611 150.733805
4138 -39.709797 102.886037 150.733805
4139 -39.709797 102.886037 150.733805
4140 -39.709797 102.886037 150.733805
4141 -39.719438 102.883385 150.733805
4142 -39.819039 102.914564 150.733805
4143 -39.846399 103.006505 150.733805
4144 -39.718545 103.130765 150.733805
4145 -39.302114 103.197467 150.733805
4146 -38.664014 103.183646 150.733805
4147 -38.017253 103.154136 150.733805
4148 -37.369804 103.205668 150.733805
4213 -20.452120 112.400826 150.733805
4214 -20.452120 112.400826 150.733805
4215 -20.452120 112.400826 150.733805
4216 -20.452120 112.400826 150.733805
4217 -20.452120 112.400826 150.733805
4218 -20.453617 112.410714 150.733805
4219 -20.611003 112.581938 150.733805
4220 -21.140766 112.639374 150.733805
4221 -21.786022 112.574170 150.733805
4222 -22.404496 112.376100 150.733805
4223 -23.014385 112.151337 150.733805
4288 -46.916197 113.528882 150.733805
4289 -46.734974 113.349494 150.733805
4290 -46.327268 112.980408 150.733805
4291 -45.832167 112.559264 150.733805
4292 -45.331583 112.144639 150.733805
4293 -44.839631 111.719976 150.733805
4294 -44.381115 111.259685 150.733805
4295 -43.940876 110.785001 150.733805
4296 -43.439254 110.373546 150.733805
4297 -42.862814 110.074672 150.733805
4298 -42.262527 109.825508 150.733805
4363 -30.771002 85.740385 150.733805
4364 -30.790028 85.196042 150.733805
4365 -30.841208 84.759060 150.733805
4366 -30.887854 84.341791 150.733805
4367 -30.896135 84.066920 150.733805
4368 -30.901322 83.581953 150.733805
4369 -30.895727 83.432058 150.733805
4370 -30.879432 82.987357 150.733805
4371 -30.883934 82.507429 150.733805
4372 -30.903193 81.992832 150.733805
4373 -30.895915 81.447946 150.733805
4439 -30.590832 55.485648 150.733805
4440 -30.590832 55.485648 150.733805
4441 -30.590832 55.485648 150.733805
4442 -30.550063 55.474302 150.733805
4443 -30.415971 55.547465 150.733805
4444 -30.315997 55.919392 150.733805
4445 -30.354630 56.436682 150.733805
4446 -30.352721 56.787470 150.733805
4447 -30.259906 57.035430 150.733805
4448 -30.083760 57.513690 150.733805
4449 -30.006498 57.816378 150.733805
4514 -27.951303 83.449451 150.733805
4515 -27.951303 83.449451 150.733805
4516 -27.951303 83.449451 150.733805
4517 -27.951303 83.449451 150.733805
4518 -28.049961 83.437387 150.733805
4519 -28.169800 83.221920 150.733805
4520 -28.181613 82.703642 150.733805
4521 -28.143828 82.543113 150.733805
4522 -28.066725 82.074652 150.733805
4523 -28.031659 81.551009 150.733805
4524 -28.030620 81.316059 150.733805
4590 -27.886664 54.604151 150.733805
4591 -27.899656 54.124928 150.733805
4592 -27.954622 53.592774 150.733805
4593 -27.982588 53.113755 150.733805
4594 -27.990509 52.628882 150.733805
4595 -28.013437 52.149430 150.733805
4596 -28.017346 51.614444 150.733805
4597 -28.024523 51.134557 150.733805
4598 -28.049516 50.600141 150.733805
4599 -28.075526 50.120903 150.733805
4600 -28.122736 49.643232 150.733805
4665 -43.166894 25.305738 150.733805
4666 -43.166894 25.305738 150.733805
4667 -43.300197 25.387491 150.733805
4668 -43.320112 25.781662 150.733805
4669 -43.103423 26.296641 150.733805
4670 -42.692370 26.795118 150.733805
4671 -42.242021 27.263785 150.733805
4672 -41.810933 27.736810 150.733805
4673 -41.459152 28.181625 150.733805
4674 -41.259270 28.447108 150.733805
4675 -41.023947 28.751730 150.733805
4741 -33.410911 50.687763 150.733805
4742 -33.993480 50.736878 150.733805
4743 -34.630775 50.835757 150.733805
4744 -35.268580 50.947301 150.733805
4745 -35.904784 51.067668 150.733805
4746 -36.544291 51.183796 150.733805
4747 -37.178271 51.302493 150.733805
4748 -37.815762 51.415875 150.733805
4749 -38.452039 51.535775 150.733805
4750 -39.089975 51.660380 150.733805
4751 -39.728344 51.768687 150.733805
4816 -46.552234 52.272069 150.733805
4817 -46.552234 52.272069 150.733805
4818 -46.552234 52.272069 150.733805
4819 -46.552234 52.272069 150.733805
4820 -46.590084 52.284215 150.733805
4821 -46.696382 52.478773 150.733805
4822 -46.528961 52.786747 150.733805
4823 -45.941425 52.952154 150.733805
4824 -45.297207 52.978069 150.733805
4825 -44.650239 53.001167 150.733805
4826 -44.005016 53.078297 150.733805
4893 -28.811992 75.942456 150.733805
4894 -28.810198 76.427140 150.733805
4895 -28.843670 76.815629 150.733805
4896 -28.899288 77.041285 150.733805
4897 -28.941016 77.483936 150.733805
4898 -28.924187 77.833153 150.733805
4899 -28.873731 78.149076 150.733805
4900 -28.836583 78.522215 150.733805
4901 -28.821595 78.761694 150.733805
4902 -28.775428 79.199257 150.733805
4903 -28.690290 79.707099 150.733805
4969 -18.734549 82.995433 150.733805
4970 -18.734549 82.995433 150.733805
4971 -18.802097 82.898115 150.733805
4972 -19.177410 82.857400 150.733805
4973 -19.787886 82.996908 150.733805
4974 -20.362627 83.300205 150.733805
4975 -20.915290 83.642247 150.733805
4976 -21.476468 83.969933 150.733805
4977 -21.976964 84.383050 150.733805
4978 -22.204357 84.635506 150.733805
4979 -22.379557 84.909208 150.733805
5045 -28.302139 111.084873 150.733805
5046 -28.303330 111.399811 150.733805
5047 -28.330676 111.675371 150.733805
5048 -28.455975 112.049823 150.733805
5049 -28.523351 112.604572 150.733805
5050 -28.514677 113.109419 150.733805
5051 -28.498944 113.281086 150.733805
5052 -28.462805 113.674375 150.733805
5053 -28.445031 114.224010 150.733805
5054 -28.457453 114.388542 150.733805
5055 -28.479370 114.857981 150.733805
5121 -23.396887 130.743618 150.733805
5122 -23.599823 130.820560 150.733805
5123 -23.911418 131.211383 150.733805
5124 -24.330551 131.678301 150.733805
5125 -24.903865 131.970690 150.733805
5126 -25.536395 132.097849 150.733805
5127 -25.728861 132.096137 150.733805
5128 -25.873331 132.083818 150.733805
5129 -26.313874 132.021815 150.733805
5130 -26.907870 131.857251 150.733805
5131 -27.311517 131.612248 150.733805
5198 -30.413073 101.258650 150.733805
5199 -30.437486 101.166904 150.733805
5200 -30.455838 100.823456 150.733805
5201 -30.251219 100.259221 150.733805
5202 -30.211783 100.207550 150.733805
5203 -30.069953 100.045990 150.733805
5204 -29.686978 99.703059 150.733805
5205 -29.146906 99.341417 150.733805
5206 -28.640925 98.934148 150.733805
5207 -28.187207 98.472664 150.733805
5208 -27.771593 97.982832 150.733805
5274 -25.063591 93.046375 150.733805
5275 -25.063591 93.046375 150.733805
5276 -25.103907 92.971342 150.733805
5277 -25.205911 92.950069 150.733805
5278 -25.343383 93.117858 150.733805
5279 -25.401896 93.571011 150.733805
5280 -25.381276 94.033818 150.733805
5281 -25.381219 94.481780 150.733805
5282 -25.480779 94.964155 150.733805
5283 -25.574249 95.211103 150.733805
5284 -25.705284 95.562339 150.733805
5350 -27.818831 74.805756 150.733805
5351 -27.865832 74.464420 150.733805
5352 -27.949903 73.951393 150.733805
5353 -27.982068 73.427400 150.733805
5354 -27.982659 72.967449 150.733805
5355 -27.990122 72.807731 150.733805
5356 -28.003446 72.433004 150.733805
5357 -28.005441 71.903019 150.733805
5358 -27.991319 71.738624 150.733805
5359 -27.971308 71.269151 150.733805
5360 -27.978419 71.094416 150.733805
5427 -27.641361 46.789248 150.733805
5428 -27.649984 46.574434 150.733805
5429 -27.655764 46.089483 150.733805
5430 -27.655883 45.584483 150.733805
5431 -27.656720 45.189515 150.733805
5432 -27.677314 44.925317 150.733805
5433 -27.686848 44.555587 150.733805
5434 -27.649150 44.293305 150.733805
5435 -27.622270 43.879310 150.733805
5436 -27.622270 43.879310 150.733805
5437 -27.649819 43.666424 150.733805
5503 -23.344662 20.065345 150.733805
5504 -22.725268 19.886901 150.733805
5505 -22.093157 19.735526 150.733805
5506 -21.467412 19.569302 150.733805
5507 -20.848711 19.378442 150.733805
5508 -20.225249 19.194716 150.733805
5509 -19.607521 18.992496 150.733805
5510 -18.997645 18.767728 150.733805
5511 -18.392813 18.529689 150.733805
5512 -17.790148 18.286216 150.733805
5513 -17.188461 18.040335 150.733805
5579 2.151648 -1.412163 150.733805
5580 2.151648 -1.412163 150.733805
5581 2.121271 -1.436909 150.733805
5582 2.011291 -1.395268 150.733805
5583 1.917216 -1.104050 150.733805
5584 1.913923 -0.546170 150.733805
5585 1.986824 -0.104835 150.733805
5586 2.018785 0.386023 150.733805
5587 1.930863 0.880712 150.733805
5588 1.628626 1.389137 150.733805
5589 1.105207 1.754996 150.733805
5655 -29.514252 -9.072401 150.733805
5656 -29.566526 -9.223618 150.733805
5657 -29.653142 -9.628765 150.733805
5658 -29.680713 -10.047564 150.733805
5659 -29.624857 -10.306434 150.733805
5660 -29.569142 -10.762638 150.733805
5661 -29.567042 -10.977627 150.733805
5662 -29.562257 -11.467604 150.733805
5663 -29.559569 -11.947561 150.733805
5664 -29.575049 -12.347232 150.733805
5665 -29.595774 -12.576258 150.733805
5733 -29.280658 -24.204831 150.733805
5734 -29.280658 -24.204831 150.733805
5735 -29.249124 -24.190771 150.733805
5736 -29.196569 -24.038514 150.733805
5737 -29.252718 -23.597339 150.733805
5738 -29.338641 -23.249531 150.733805
5739 -29.484613 -22.948028 150.733805
5740 -29.677227 -22.492515 150.733805
5741 -29.781361 -22.158400 150.733805
5742 -29.869469 -21.835197 150.733805
5743 -29.980608 -21.456202 150.733805
5783 -40.598874 -18.427235 150.733805
5784 -40.598874 -18.427235 150.733805
5785 -40.598874 -18.427235 150.733805
5786 -40.598874 -18.427235 150.733805
5787 -40.607825 -18.422777 150.733805
5788 -40.676882 -18.309947 150.733805
5789 -40.590434 -18.150741 150.733805
5790 -40.212774 -18.054009 150.733805
5791 -39.589303 -18.061416 150.733805
5792 -38.946397 -18.088807 150.733805
5793 -38.297625 -18.053166 150.733805
5869 -41.551644 -12.808853 150.733805
5870 -41.551644 -12.808853 150.733805
5871 -41.551644 -12.808853 150.733805
5872 -41.551644 -12.808853 150.733805
5873 -41.590143 -12.798947 150.733805
5874 -41.631819 -12.686779 150.733805
5875 -41.447102 -12.336328 150.733805
5876 -40.854581 -12.157656 150.733805
5877 -40.213742 -12.173248 150.733805
5878 -39.567545 -12.214241 150.733805
5879 -38.923726 -12.253246 150.733805
5957 -40.735127 -24.711369 150.733805
5958 -40.735127 -24.711369 150.733805
5959 -40.735127 -24.711369 150.733805
5960 -40.735127 -24.711369 150.733805
5961 -40.784148 -24.704484 150.733805
5962 -40.822299 -24.661961 150.733805
5963 -40.777305 -24.557438 150.733805
5964 -40.456990 -24.461274 150.733805
5965 -39.853487 -24.438159 150.733805
5966 -39.207114 -24.476238 150.733805
5967 -38.560161 -24.501371 150.733805
6046 -44.965602 -0.723096 150.733805
6047 -44.965602 -0.723096 150.733805
6048 -44.993498 -0.733887 150.733805
6049 -45.107700 -0.930215 150.733805
6050 -44.975892 -1.415980 150.733805
6051 -44.710775 -1.877985 150.733805
6052 -44.382246 -2.337477 150.733805
6053 -44.267233 -2.518820 150.733805
6054 -44.085572 -2.858257 150.733805
6055 -43.812445 -3.335463 150.733805
6056 -43.499321 -3.817415 150.733805
6137 -20.665683 -24.649032 150.733805
6138 -20.665683 -24.649032 150.733805
6139 -20.646506 -24.671799 150.733805
6140 -20.649346 -24.782027 150.733805
6141 -20.944981 -24.975730 150.733805
6142 -21.533219 -25.079945 150.733805
6143 -22.172484 -24.999243 150.733805
6144 -22.806559 -24.881592 150.733805
6145 -23.451864 -24.832193 150.733805
6146 -24.099135 -24.818358 150.733805
6147 -24.742806 -24.730532 150.733805
6229 -28.570583 -42.210512 150.733805
6230 -28.570583 -42.210512 150.733805
6231 -28.570583 -42.210512 150.733805
6232 -28.570583 -42.210512 150.733805
6233 -28.570583 -42.210512 150.733805
6234 -28.571141 -42.200528 150.733805
6235 -28.646320 -42.093795 150.733805
6236 -28.978996 -42.067943 150.733805
6237 -29.438391 -42.449950 150.733805
6238 -29.681220 -42.909184 150.733805
6239 -29.771835 -43.120264 150.733805
6286 -37.225938 -51.729708 150.733805
6287 -37.225938 -51.729708 150.733805
6288 -37.225938 -51.729708 150.733805
6289 -37.225938 -51.729708 150.733805
6290 -37.327662 -51.698852 150.733805
6291 -37.407481 -51.436156 150.733805
6292 -37.180261 -50.938627 150.733805
6293 -36.752471 -50.480877 150.733805
6294 -36.218338 -50.110720 150.733805
6295 -35.686044 -49.737885 150.733805
6296 -35.195586 -49.315623 150.733805
6391 -23.283845 -38.448612 150.733805
6392 -23.283845 -38.448612 150.733805
6393 -23.364920 -38.546707 150.733805
6394 -23.793834 -38.611421 150.733805
6395 -24.430770 -38.537024 150.733805
6396 -25.068533 -38.426478 150.733805
6397 -25.717904 -38.416660 150.733805
6398 -26.361693 -38.455490 150.733805
6399 -26.955473 -38.562349 150.733805
6400 -27.372849 -38.848533 150.733805
6401 -27.624620 -39.399245 150.733805
6502 -16.790084 -44.634933 150.733805
6503 -16.790084 -44.634933 150.733805
6504 -16.833013 -44.689362 150.733805
6505 -17.169230 -44.758579 150.733805
6506 -17.778990 -44.708834 150.733805
6507 -18.421357 -44.627519 150.733805
6508 -18.806987 -44.589669 150.733805
6509 -18.864312 -44.585190 150.733805
6510 -19.211646 -44.515351 150.733805
6511 -19.807197 -44.362654 150.733805
6512 -20.447190 -44.286499 150.733805
6614 -46.255977 -57.939671 150.733805
6615 -46.255977 -57.939671 150.733805
6616 -46.337505 -58.014126 150.733805
6617 -46.648446 -57.994705 150.733805
6618 -46.918871 -57.533233 150.733805
6619 -46.869480 -57.021779 150.733805
6620 -46.899134 -56.809855 150.733805
6621 -47.049790 -56.322743 150.733805
6622 -47.131299 -56.129612 150.733805
6623 -47.320121 -55.760094 150.733805
6624 -47.505526 -55.242823 150.733805
6728 -54.116650 -44.969370 150.733805
6729 -54.029594 -45.100366 150.733805
6730 -53.968260 -45.497704 150.733805
6731 -54.005194 -46.019481 150.733805
6732 -54.058583 -46.386711 150.733805
6733 -54.126702 -46.683816 150.733805
6734 -54.162614 -47.031669 150.733805
6735 -54.122982 -47.288520 150.733805
6736 -54.076970 -47.791122 150.733805
6737 -54.075275 -48.090921 150.733805
6738 -54.094020 -48.445408 150.733805
6844 -54.368145 -58.317078 150.733805
6845 -54.211691 -58.478698 150.733805
6846 -53.910698 -58.919734 150.733805
6847 -53.697356 -59.390884 150.733805
6848 -53.556241 -59.724774 150.733805
6849 -53.437911 -60.038150 150.733805
6850 -53.216986 -60.552241 150.733805
6851 -52.934364 -61.011991 150.733805
6852 -52.563175 -61.536412 150.733805
6853 -52.207282 -62.037963 150.733805
6854 -51.813343 -62.528783 150.733805
6961 -23.594373 -51.979179 150.733805
6962 -23.470101 -52.083661 150.733805
6963 -23.118653 -52.235191 150.733805
6964 -22.491615 -52.274324 150.733805
6965 -21.844399 -52.255598 150.733805
6966 -21.197374 -52.277984 150.733805
6967 -20.553659 -52.345132 150.733805
6968 -19.914401 -52.462717 150.733805
6969 -19.279468 -52.601799 150.733805
6970 -18.644107 -52.725776 150.733805
6971 -18.004324 -52.806932 150.733805
7080 -11.319800 -54.586116 150.733805
7081 -11.319800 -54.586116 150.733805
7082 -11.319800 -54.586116 150.733805
7083 -11.329784 -54.586689 150.733805
7084 -11.479024 -54.486963 150.733805
7085 -11.591958 -54.058867 150.733805
7086 -11.561619 -53.594750 150.733805
7087 -11.465958 -53.098901 150.733805
7088 -11.344040 -52.612869 150.733805
7089 -11.107092 -52.139742 150.733805
7090 -11.001161 -51.998853 150.733805
7202 -10.605502 -46.480034 150.733805
7203 -10.569512 -46.521371 150.733805
7204 -10.495918 -46.764710 150.733805
7205 -10.450122 -47.286178 150.733805
7206 -10.487633 -47.431117 150.733805
7207 -10.573243 -47.872365 150.733805
7208 -10.609534 -48.395930 150.733805
7209 -10.601260 -48.875858 150.733805
7210 -10.610502 -49.025573 150.733805
7211 -10.610029 -49.475202 150.733805
7212 -10.569116 -50.008600 150.733805
7326 -29.343116 -67.420376 150.733805
7327 -29.343116 -67.420376 150.733805
7328 -29.343116 -67.420376 150.733805
7329 -29.353022 -67.421747 150.733805
7330 -29.456289 -67.373587 150.733805
7331 -29.478399 -67.085476 150.733805
7332 -29.084437 -66.674216 150.733805
7333 -28.479614 -66.470692 150.733805
7334 -27.843388 -66.366434 150.733805
7335 -27.201244 -66.306708 150.733805
7336 -26.554925 -66.237934 150.733805
7396 -23.181357 -65.670922 150.733805
7397 -23.023728 -65.752315 150.733805
7398 -22.604787 -65.762276 150.733805
7399 -22.020407 -65.644206 150.733805
7400 -21.378480 -65.561369 150.733805
7401 -20.731826 -65.529595 150.733805
7402 -20.084749 -65.506198 150.733805
7403 -19.439987 -65.489002 150.733805
7404 -18.792576 -65.489616 150.733805
7405 -18.145273 -65.505575 150.733805
7406 -17.497996 -65.522554 150.733805
7524 -9.997020 -65.118546 150.733805
7525 -9.997020 -65.118546 150.733805
7526 -9.997020 -65.118546 150.733805
7527 -9.997020 -65.118546 150.733805
7528 -9.980320 -65.093649 150.733805
7529 -9.978265 -65.073764 150.733805
7530 -10.018020 -64.991622 150.733805
7531 -10.303797 -64.851939 150.733805
7532 -10.903056 -64.833661 150.733805
7533 -11.547875 -64.913371 150.733805
7534 -12.188235 -65.009240 150.733805
7653 -34.072440 -79.106093 150.733805
7654 -34.042762 -79.110050 150.733805
7655 -33.970910 -79.067043 150.733805
7656 -33.874809 -78.743851 150.733805
7657 -33.895971 -78.286926 150.733805
7659 -33.791497 -77.932449 150.733805
7659 -33.667034 -77.594752 150.733805
7660 -33.350643 -77.158744 150.733805
7661 -32.753135 -76.946828 150.733805
7662 -32.112378 -76.970969 150.733805
7663 -31.472583 -77.052740 150.733805
7787 -22.217165 -77.998914 150.733805
7788 -22.217165 -77.998914 150.733805
7789 -22.217165 -77.998914 150.733805
7790 -22.217165 -77.998914 150.733805
7791 -22.217165 -77.998914 150.733805
7792 -22.218170 -77.988965 150.733805
7793 -22.310087 -77.877479 150.733805
7794 -22.605890 -77.829069 150.733805
7795 -23.154347 -77.826399 150.733805
7796 -23.799837 -77.876641 150.733805
7797 -24.444895 -77.932663 150.733805
7924 -30.431347 -92.053070 151.697729
7925 -30.433012 -92.062931 151.697729
7926 -30.569173 -92.189233 151.697729
7927 -31.046022 -92.221487 151.697729
7928 -31.653917 -92.063565 151.697729
7929 -32.215942 -91.737441 151.697729
7930 -32.758148 -91.388168 151.697729
7931 -33.338865 -91.104711 151.697729
7932 -33.964946 -90.952710 151.697729
7933 -34.604020 -90.848933 151.697729
7934 -35.242827 -90.743213 151.697729
8003 -41.229589 -89.399700 151.697729
8004 -41.054496 -89.469199 151.697729
8005 -40.571747 -89.456192 151.697729
8006 -39.931162 -89.361989 151.697729
8007 -39.289994 -89.291881 151.697729
8008 -38.644146 -89.247083 151.697729
8009 -38.062191 -89.221914 151.697729
8010 -37.352843 -89.191488 151.697729
8011 -36.705719 -89.169528 151.697729
8012 -36.058857 -89.141147 151.697729
8013 -35.412160 -89.108904 151.697729
8149 -24.122247 -86.526086 151.697729
8150 -24.094183 -86.671189 151.697729
8151 -24.327097 -87.051394 151.697729
8152 -24.817111 -87.465903 151.697729
8153 -25.383082 -87.785366 151.697729
8154 -25.953762 -88.096488 151.697729
8155 -26.501040 -88.446524 151.697729
8156 -26.501040 -88.446524 151.697729
8157 -26.667602 -88.574406 151.697729
8158 -27.051101 -88.887328 151.697729
8159 -27.449867 -89.306127 151.697729
8296 -32.005862 -105.027764 160.290365
8297 -32.005862 -105.027764 160.290365
8298 -32.005862 -105.027764 160.290365
8299 -32.043493 -105.039778 160.290365
8300 -32.146779 -104.984170 160.290365
8301 -32.199525 -104.639631 160.290365
8302 -32.192526 -104.289748 160.290365
8303 -32.188572 -104.014858 160.290365
8304 -32.286614 -103.547946 160.290365
8305 -32.646768 -103.164097 160.290365
8306 -33.259794 -102.969775 160.290365
8450 -43.846151 -99.883921 160.290365
8451 -43.689345 -99.965287 160.290365
8452 -43.230908 -100.030501 160.290365
8453 -42.583603 -100.018282 160.290365
8454 -41.938789 -100.009384 160.290365
8455 -41.290549 -100.053934 160.290365
8456 -40.647842 -100.132203 160.290365
8457 -40.005035 -100.228340 160.290365
8458 -39.366413 -100.335139 160.290365
8459 -38.725860 -100.429393 160.290365
8460 -38.081359 -100.513712 160.290365
8608 -21.626288 -100.438086 160.381798
8609 -21.614335 -100.714001 160.381798
8610 -21.979037 -101.152538 160.381798
8611 -22.512208 -101.519077 160.381798
8612 -23.122624 -101.739090 160.381798
8613 -23.750308 -101.907842 160.381798
8614 -24.363423 -102.122479 160.381798
8615 -24.947934 -102.405935 160.381798
8616 -25.503896 -102.742189 160.381798
8617 -26.029463 -103.124504 160.381798
8618 -26.541779 -103.524458 160.381798
8768 -30.087893 -118.034263 163.037300
8769 -30.064977 -118.053618 163.037300
8770 -30.069230 -118.073135 163.037300
8771 -30.123011 -118.113696 163.037300
8772 -30.228212 -118.081763 163.037300
8773 -30.318416 -117.818827 163.037300
8774 -30.318129 -117.387444 163.037300
8775 -30.266623 -117.021227 163.037300
8776 -30.181107 -116.733720 163.037300
8777 -30.047703 -116.226093 163.037300
8778 -30.009311 -115.974313 163.037300
