7 -46.500000 110.000000 0.000000
8 -46.420384 110.060490 19.983244
9 -46.080060 110.196098 19.983244
10 -45.471968 110.171168 19.983244
11 -44.847182 109.995378 20.415926
12 -44.236635 109.772485 20.415926
13 -43.631730 109.548957 21.425453
14 -43.011621 109.354424 22.435018
15 -42.386149 109.177566 22.435018
16 -41.763440 109.000195 23.493191
17 -41.145590 108.798375 23.493191
18 -40.532711 108.589585 24.451790
19 -39.924015 108.376409 25.526653
20 -39.285301 108.268852 25.526653
21 -38.637844 108.269371 26.511319
22 -37.991665 108.230057 27.576984
23 -37.348621 108.154546 27.576984
24 -36.711262 108.040626 28.588985
25 -36.076857 107.911128 28.588985
26 -35.444260 107.773053 29.567043
27 -34.814426 107.622861 29.567043
28 -34.181252 107.475988 29.323200
29 -33.548276 107.339974 29.323200
30 -32.913634 107.211645 29.323200
31 -32.273371 107.120544 29.323200
32 -31.628629 107.120953 29.323200
33 -30.981228 107.128963 29.323200
34 -30.337170 107.095298 29.323200
35 -29.692735 107.032656 29.323200
36 -29.051167 106.945249 30.468509
37 -28.411261 106.846403 30.468509
38 -27.771755 106.745018 30.468509
39 -27.133077 106.655052 30.037477
40 -26.489069 106.567036 30.191556
41 -25.847706 106.478115 30.191556
42 -25.647463 106.450464 30.191556
43 -25.525069 106.284501 30.191556
44 -25.623366 105.847468 30.191556
45 -25.952102 105.307908 30.191556
46 -26.367892 104.811664 30.191556
47 -26.788224 104.329047 30.191556
48 -27.198835 103.857859 30.191556
49 -27.594414 103.356780 30.191556
50 -27.895093 102.896627 30.191556
51 -28.130719 102.335833 31.207852
52 -28.194151 101.725305 33.312011
53 -28.189555 101.580431 33.312011
54 -28.173848 101.265825 33.312011
55 -28.210906 100.742737 34.252738
56 -28.250659 100.511756 34.252738
57 -28.321260 100.282382 34.252738
58 -28.419276 99.823379 35.307366
59 -28.415051 99.309385 35.307366
60 -28.390968 99.073592 35.307366
61 -28.337176 98.768625 36.147062
62 -28.314835 98.234261 36.147062
63 -28.329473 97.839839 36.994730
64 -28.337357 97.705070 36.994730
65 -28.345352 97.495227 36.994730
66 -28.348038 97.380259 36.994730
67 -28.327790 97.318898 37.849836
68 -28.173296 97.210912 37.849836
69 -27.742085 97.167237 38.021705
70 -27.104793 97.151446 38.021705
71 -26.459868 97.072985 38.295823
72 -25.822353 96.946436 38.295823
73 -25.191593 96.789819 38.295823
75 -24.089535 96.406724 38.295823
75 -23.970366 96.354779 38.295823
76 -23.911270 96.327713 38.295823
77 -23.911270 96.327713 38.295823
78 -23.895400 96.339877 38.295823
79 -23.859790 96.374904 38.295823
80 -23.845142 96.442486 38.295823
81 -23.901399 96.557032 38.295823
82 -24.227707 96.663812 38.295823
83 -24.818650 96.653734 38.295823
84 -25.462074 96.582245 38.295823
86 -26.749108 96.473032 38.295823
86 -26.872452 96.463057 38.295823
87 -27.250803 96.395922 38.295823
88 -27.553437 96.234976 38.295823
89 -27.781415 95.859722 38.295823
90 -27.859915 95.369880 39.058547
91 -27.876078 94.865223 39.058547
92 -27.893754 94.315527 39.058547
93 -27.920233 93.994309 39.736760
94 -27.997231 93.688901 39.736760
95 -28.104394 93.180262 40.524685
97 -28.256899 92.309826 41.413163
98 -28.394786 91.971997 41.413163
99 -28.507710 91.439923 41.413163
100 -28.506922 91.275434 42.306620
101 -28.483118 90.911233 42.306620
102 -28.469041 90.361432 42.306620
103 -28.443821 89.897159 43.204746
104 -28.423595 89.372553 43.204746
105 -28.427851 88.892667 44.192874
106 -28.450283 88.373213 44.192874
107 -28.443070 88.218381 45.363533
109 -28.417553 87.088910 46.271483
110 -28.452053 86.625858 46.271483
111 -28.515319 86.462926 46.271483
112 -28.621759 86.177270 47.264893
113 -28.699736 85.699616 47.264893
114 -28.693377 85.184715 47.756153
115 -28.669150 85.021557 47.756153
116 -28.631091 84.661282 47.756153
117 -28.617419 84.091477 48.600104
118 -28.629638 83.896860 48.600104
119 -28.645182 83.509714 49.600908
122 -28.579269 82.389202 50.677906
123 -28.591071 81.860165 50.677906
124 -28.669714 81.409504 50.677906
125 -28.733201 81.233137 51.604749
126 -28.848940 80.840281 51.604749
127 -28.889455 80.417719 51.604749
128 -28.842422 80.208162 52.534276
129 -28.775208 79.748438 52.534276
130 -28.740085 79.234702 53.279735
131 -28.748697 79.084961 53.279735
132 -28.755288 78.665034 54.004168
136 -28.794012 77.194304 55.080760
137 -28.838673 76.676301 55.080760
138 -28.879263 76.419951 55.080760
139 -28.942232 76.060725 56.008661
140 -28.970187 75.551691 56.008661
141 -28.958227 75.047018 56.830011
142 -28.949946 74.777205 56.830011
143 -28.946403 74.412222 57.838137
144 -28.941452 73.902246 57.838137
145 -28.944619 73.427341 57.838137
146 -28.944876 73.142507 58.976692
150 -28.940876 71.422595 60.693082
151 -28.964934 70.960777 60.693082
152 -29.038601 70.456168 60.693082
153 -29.107801 69.953444 61.767064
154 -29.135472 69.730181 61.767064
155 -29.147891 69.305614 62.780970
156 -29.133369 68.936031 62.780970
157 -29.087982 68.594185 62.780970
158 -29.070195 68.104569 63.677077
159 -29.069801 67.922105 63.677077
160 -29.081141 67.512262 63.677077
164 -29.069450 65.633136 66.722187
165 -29.100643 65.175121 66.722187
166 -29.183508 64.712620 66.722187
167 -29.242843 64.532180 66.722187
168 -29.301971 64.223411 67.512741
169 -29.306938 63.743687 67.512741
170 -29.273132 63.234878 67.512741
171 -29.247952 62.820677 68.584329
172 -29.252058 62.600726 68.584329
173 -29.251736 62.135728 69.545742
174 -29.236724 61.723535 69.545742
179 -29.238613 59.544544 71.456632
180 -29.255808 59.428711 71.456632
181 -29.326229 59.114006 72.525652
182 -29.403307 58.479199 72.525652
183 -29.405844 58.021787 72.525652
184 -29.402360 57.549300 73.543526
185 -29.398625 57.058064 73.543526
186 -29.400718 56.895598 74.410821
187 -29.401857 56.430605 74.410821
188 -29.400280 55.965608 75.380171
189 -29.393231 55.803260 75.380171
195 -29.358258 53.132520 77.321215
196 -29.385412 52.943390 77.321215
197 -29.485969 52.666148 78.292849
198 -29.568364 52.189003 78.292849
199 -29.568167 51.982138 79.358996
200 -29.534690 51.613689 79.358996
201 -29.522731 51.113934 79.358996
202 -29.527655 50.903992 80.284309
203 -29.527244 50.439039 80.284309
204 -29.512510 49.894240 80.284309
205 -29.510681 49.644285 81.229614
212 -29.487797 47.047685 84.202911
213 -29.515271 46.708986 84.202911
214 -29.602898 46.133133 84.202911
215 -29.640960 45.921647 85.307973
216 -29.667291 45.497623 85.307973
217 -29.669335 44.992650 85.307973
218 -29.647420 44.518192 86.284705
219 -29.635593 43.938403 86.284705
220 -29.639530 43.808463 87.220011
221 -29.647124 43.468551 87.220011
222 -29.650439 42.886065 87.220011
230 -29.567150 39.874509 91.252892
231 -29.576376 39.564647 91.252892
232 -29.592114 38.904841 91.252892
233 -29.591833 38.609903 92.272695
234 -29.583074 38.330040 92.272695
235 -29.565712 37.775312 92.272695
236 -29.553152 37.565722 93.371357
237 -29.531503 37.206401 93.371357
238 -29.518203 36.701589 93.371357
239 -29.537636 36.242180 94.273487
240 -29.537784 35.967448 94.273487
249 -29.538770 32.499673 95.419549
250 -29.505376 32.206978 95.419549
251 -29.556030 31.657121 95.419549
252 -29.599445 31.401142 95.450984
253 -29.648104 31.067393 95.450984
254 -29.669159 30.552979 95.450984
255 -29.634552 30.330365 95.491415
256 -29.577167 29.869395 95.491415
257 -29.574145 29.414599 95.573481
258 -29.579198 29.237201 95.573481
259 -29.593205 28.942542 95.573481
269 -29.609242 25.233380 95.812997
270 -29.574838 24.666001 95.812997
271 -29.349135 24.185655 96.192569
272 -28.925696 23.692884 96.192569
273 -28.500062 23.208498 98.217363
274 -28.173199 22.726608 98.217363
275 -27.871248 22.190944 98.217363
276 -27.782287 22.052005 98.217363
277 -27.579187 21.690121 98.217363
278 -27.243038 21.163512 98.217363
279 -26.845395 20.657484 100.814336
290 -25.356593 19.188354 103.156437
291 -25.356593 19.188354 103.156437
292 -25.356593 19.188354 103.156437
293 -25.356593 19.188354 103.156437
294 -25.356593 19.188354 103.156437
295 -25.356593 19.188354 103.325555
296 -25.376557 19.222727 103.156437
297 -25.346347 19.345566 103.156437
298 -25.027967 19.467935 103.156437
299 -24.438744 19.445499 103.156437
300 -23.805106 19.301758 103.156437
313 -15.705943 17.905300 107.063394
314 -15.126905 17.842441 107.063394
315 -14.480612 17.774179 107.245934
316 -13.845475 17.662177 107.245934
317 -13.207983 17.535450 107.424068
318 -12.578865 17.382344 111.165689
319 -11.949350 17.220529 111.165689
320 -11.319783 17.080535 117.488427
321 -10.688248 16.949484 117.488427
322 -10.053928 16.807624 117.935111
323 -9.424993 16.643591 117.935111
331 -5.104893 15.388061 117.935111
332 -5.104893 15.388061 118.001400
333 -5.100324 15.319582 118.001400
334 -5.210314 15.238234 118.001400
335 -5.321985 15.250137 118.001400
336 -5.561906 15.285202 118.001400
337 -5.986870 15.377859 118.001400
338 -6.453446 15.395246 118.001400
339 -6.619267 15.327434 117.935111
340 -6.782923 15.139473 117.935111
341 -6.888287 14.697066 118.001400
356 -7.342769 9.038672 120.688071
357 -7.429416 8.577679 120.688071
358 -7.809949 7.990182 120.688071
359 -8.193235 7.551592 121.364948
360 -8.565883 7.113710 121.026156
361 -8.956534 6.603962 121.026156
362 -9.291481 6.012740 120.977066
363 -9.577378 5.534344 120.977066
364 -9.838185 5.107800 121.026156
365 -10.114706 4.620867 121.704439
366 -10.292794 4.315196 121.704439
382 -13.178256 -1.565973 128.464667
383 -13.209833 -1.683678 128.464667
384 -13.347620 -2.121128 128.568467
385 -13.389680 -2.623852 128.568467
386 -13.383985 -2.838317 128.568467
387 -13.339859 -3.155134 128.568467
388 -13.317264 -3.789611 128.568467
389 -13.312441 -4.284588 128.568467
390 -13.318350 -4.436857 128.628343
391 -13.340160 -4.806198 128.628343
392 -13.352347 -5.416039 128.568467
403 -13.370161 -9.386766 128.568467
404 -13.319440 -9.595172 128.568467
405 -13.122567 -9.970100 128.568467
406 -12.680297 -10.310961 128.568467
407 -12.062182 -10.490991 128.568467
408 -11.432469 -10.651748 128.568467
409 -10.811798 -10.844317 128.568467
410 -10.194571 -11.039754 128.568467
411 -9.644723 -11.229304 128.568467
412 -9.192407 -11.617645 128.568467
413 -9.071925 -11.839322 128.640626
431 -8.754633 -12.284566 128.819139
432 -8.661536 -12.312197 128.819139
433 -8.518796 -12.316289 128.819139
434 -8.429223 -12.307546 128.819139
435 -8.400400 -12.299310 128.819139
436 -8.353485 -12.222970 128.819139
437 -8.296187 -11.884518 128.819139
438 -8.291551 -11.444568 128.819139
439 -8.253325 -11.238143 128.759351
440 -8.138946 -10.803070 128.819139
441 -8.019536 -10.348505 128.819139
460 -3.563838 -6.785373 130.691586
461 -3.325307 -7.344470 130.691586
462 -3.425769 -7.840538 130.691586
463 -3.537709 -8.017728 130.691586
464 -3.744694 -8.393524 130.810744
465 -3.853704 -8.884930 130.810744
466 -3.854524 -9.279839 130.810744
467 -3.808998 -9.487351 130.810744
468 -3.767086 -9.945004 130.810744
469 -3.760524 -10.469956 130.810744
470 -3.778423 -10.884458 130.810744
491 -4.195842 -12.345827 130.810744
492 -4.195842 -12.345827 130.810744
493 -4.195842 -12.345827 130.810744
494 -4.176004 -12.343701 130.810744
495 -4.176004 -12.343701 130.810744
496 -4.179866 -12.309025 130.810744
497 -4.069606 -12.031856 130.810744
498 -3.918941 -11.608560 130.810744
499 -3.863119 -11.167808 130.810744
500 -3.886633 -10.925676 130.810744
501 -3.981069 -10.557686 130.810744
522 -7.802751 -6.809884 130.810744
523 -8.287562 -7.242808 130.810744
524 -8.867852 -7.763956 130.810744
525 -9.285628 -8.173433 130.810744
526 -9.694638 -8.591656 130.810744
527 -10.231426 -9.157562 130.810744
528 -10.679317 -9.628572 130.810744
529 -11.086720 -10.048382 130.810744
530 -11.486246 -10.475694 130.810744
531 -11.932194 -10.948583 130.810744
532 -12.456071 -11.526375 130.810744
552 -13.077486 -12.607439 130.810744
553 -13.077486 -12.607439 130.810744
554 -13.077486 -12.607439 130.810744
555 -13.107317 -12.609459 130.810744
556 -13.204898 -12.542293 130.810744
557 -13.221493 -12.191178 130.810744
558 -12.870950 -11.713139 130.810744
559 -12.278809 -11.211880 130.810744
560 -11.799978 -10.875806 130.810744
561 -11.324873 -10.534490 130.810744
562 -10.809965 -10.137889 130.810744
583 0.957505 -4.571649 134.476506
584 1.534880 -4.641722 134.476506
585 2.164020 -4.804620 135.276793
586 2.907524 -5.031619 136.692248
587 3.464583 -5.210212 136.692248
588 4.028493 -5.365150 136.776938
589 4.663365 -5.477369 137.224089
590 5.437046 -5.553919 137.224089
591 6.210605 -5.650912 137.224089
592 7.035098 -5.834918 137.224089
594 7.979089 -6.078666 137.309325
607 11.652484 -6.952511 137.664559
608 11.647083 -7.172493 137.664559
609 11.394356 -7.524312 137.664559
610 10.925813 -7.965784 137.664559
611 10.314723 -8.450490 137.664559
612 9.880694 -8.842456 137.664559
613 9.478224 -9.266883 137.664559
614 9.054710 -9.756643 137.664559
615 8.670210 -10.213923 137.664559
616 8.520412 -10.381800 137.664559
617 8.187789 -10.774575 137.664559
638 7.967431 -11.259093 137.664559
639 7.955489 -11.297007 137.664559
640 7.780451 -11.398638 137.664559
641 7.561302 -11.278797 137.842267
642 7.459632 -10.847535 137.842267
643 7.429055 -10.396203 137.842267
644 7.402370 -10.200515 137.842267
645 7.323429 -9.772894 137.842267
646 7.203198 -9.319312 137.842267
647 7.138914 -9.119397 137.842267
648 6.986669 -8.690653 137.842267
671 3.085803 -6.681235 137.224089
672 3.085803 -6.681235 137.224089
673 3.113837 -6.691630 137.224089
674 3.207204 -6.871808 137.224089
675 3.174610 -7.340188 137.224089
676 3.036415 -7.887506 137.224089
677 2.950645 -8.094542 137.224089
678 2.769604 -8.411466 137.224089
679 2.530572 -8.949955 137.224089
680 2.464582 -9.182998 137.224089
681 2.346040 -9.549169 137.224089
704 1.732469 -11.577193 137.224089
705 1.732469 -11.577193 137.224089
706 1.732469 -11.577193 137.224089
707 1.702570 -11.577353 137.224089
708 1.588599 -11.474408 137.224089
709 1.582186 -11.143536 137.224089
710 1.731063 -10.635891 137.224089
711 2.049623 -10.129257 137.224089
712 2.225032 -9.897016 137.224089
713 2.428340 -9.656415 137.224089
714 2.732578 -9.241646 137.224089
738 14.212337 -3.190958 137.224089
739 14.771490 -3.029222 137.224089
740 15.317017 -2.683182 137.224089
741 15.491286 -2.459151 137.224089
742 15.649014 -2.227809 137.224089
743 15.835619 -1.925901 137.224089
744 15.946767 -1.730314 137.039741
745 16.186708 -1.535439 137.039741
746 16.589731 -1.418103 137.039741
747 17.039135 -1.350486 137.039741
748 17.438577 -1.329397 137.039741
772 17.685824 -1.318225 137.039741
773 17.703574 -1.478111 137.039741
774 17.443482 -1.720283 137.039741
775 17.500772 -1.702490 137.039741
776 17.453533 -1.697512 137.039741
777 17.184828 -1.671177 137.039741
778 16.705154 -1.660528 137.039741
779 15.942598 -1.740372 137.039741
780 15.711344 -1.802122 137.039741
781 15.519226 -1.914123 137.039741
782 15.385608 -1.999840 137.039741
806 7.468372 -4.808903 137.039741
807 7.342815 -4.719471 137.039741
808 7.268502 -4.385313 137.039741
809 7.276866 -3.861907 137.039741
810 7.326338 -3.459981 137.039741
811 7.354356 -3.161457 137.039741
812 7.346263 -2.412086 137.039741
813 7.289766 -2.262865 137.039741
814 7.127047 -1.881214 137.039741
815 6.894448 -1.428288 137.039741
839 6.732914 -1.205298 137.039741
840 6.950272 -1.472466 137.039741
841 7.134639 -2.095214 137.039741
842 7.141019 -2.594736 137.039741
843 7.104112 -3.048236 137.039741
844 7.056045 -3.510703 137.039741
845 6.986439 -4.146737 137.039741
846 6.844245 -4.500846 137.039741
847 6.415424 -4.780296 137.039741
848 5.648656 -4.820628 137.039741
849 4.758322 -4.634156 137.039741
874 3.728084 -1.240599 137.039741
875 3.728084 -1.240599 137.039741
876 3.728084 -1.240599 137.039741
877 3.728084 -1.240599 137.039741
878 3.728084 -1.240599 137.039741
879 3.720367 -1.201729 137.039741
880 3.634790 -1.099482 137.039741
881 3.314727 -1.003538 137.039741
882 2.760841 -1.197185 137.039741
883 2.347716 -1.679077 137.039741
884 2.181328 -2.171337 137.039741
908 7.837699 1.101780 137.039741
909 8.320766 1.535025 137.039741
910 8.848335 1.914595 137.039741
911 9.376158 2.293927 137.039741
912 9.895986 2.684109 137.039741
913 10.392943 3.102861 137.039741
914 10.894935 3.568920 137.039741
915 11.152548 3.805842 137.039741
940 11.433714 3.962949 137.039741
941 11.715525 3.874862 137.039741
942 12.202968 3.986119 137.039741
943 12.786175 4.269866 137.039741
944 13.357731 4.574091 137.039741
945 13.931662 4.878743 137.039741
946 14.548140 5.078982 137.039741
947 15.191205 5.110780 137.039741
948 15.727814 5.080164 137.039741
949 16.017252 5.062118 137.039741
974 16.179355 5.050783 137.039741
975 16.179355 5.050783 137.039741
976 16.179355 5.050783 137.039741
977 16.179355 5.050783 137.039741
978 16.179355 5.050783 137.039741
979 16.138817 5.132607 137.039741
980 15.911143 5.226676 137.039741
981 15.543378 5.088050 137.039741
982 15.432451 4.897482 137.039741
1007 15.400129 4.695773 137.039741
1008 15.400129 4.695773 137.039741
1009 15.272598 4.653702 137.039741
1011 15.138181 4.739295 137.039741
1012 15.111444 4.838223 137.039741
1013 15.083262 4.931296 137.039741
1015 14.854558 5.084888 137.039741
1016 14.129199 5.181271 137.039741
1018 13.318973 4.972042 137.039741
1019 12.612212 4.411796 137.039741
1020 12.298833 3.951510 137.039741
1045 11.991232 3.040472 137.039741
1046 11.982076 2.748337 137.039741
1047 11.626032 2.341142 137.039741
1048 11.097955 1.995720 137.039741
1049 10.407724 1.815092 137.039741
1050 9.709220 1.662565 137.039741
1051 9.078547 1.505407 137.039741
1052 8.460467 1.313231 137.039741
1053 7.955330 1.064435 137.039741
1054 7.596720 0.601964 137.039741
1055 7.564488 0.454094 137.039741
1080 -1.150233 -4.604017 137.039741
1081 -1.795554 -4.551809 137.039741
1082 -2.442484 -4.554920 137.039741
1083 -3.082512 -4.610851 137.039741
1084 -3.728643 -4.652616 137.039741
1085 -4.372540 -4.740735 137.039741
1086 -5.012777 -4.837194 137.039741
1087 -5.660971 -4.881002 137.039741
1088 -6.308459 -4.830567 137.039741
1089 -6.943392 -4.704825 137.039741
1090 -7.568661 -4.527628 137.039741
1115 -6.948872 1.598105 137.039741
1116 -6.396294 1.773051 137.039741
1117 -5.752402 1.824899 137.039741
1118 -5.104944 1.773584 137.039741
1119 -4.467221 1.651127 137.039741
1120 -3.851306 1.444910 137.039741
1121 -3.269385 1.157457 137.039741
1122 -2.737542 0.788622 137.039741
1123 -2.244744 0.380297 137.039741
1124 -1.902606 0.103644 137.039741
1149 -1.246586 -0.079840 137.039741
1150 -1.246586 -0.079840 137.039741
1151 -1.207458 -0.057810 137.039741
1152 -1.136940 0.048943 137.039741
1153 -1.128248 0.142946 137.039741
1154 -1.152935 0.196334 137.039741
1155 -1.372927 0.317406 137.039741
1156 -1.876323 0.321412 137.039741
1157 -2.523055 0.289956 137.039741
1158 -3.170445 0.292734 137.039741
1159 -3.811258 0.337331 137.039741
1183 -4.686751 0.326727 137.039741
1184 -4.686751 0.326727 137.039741
1185 -4.686751 0.326727 137.039741
1186 -4.742275 0.330805 137.039741
1187 -4.849141 0.441851 137.039741
1188 -4.799955 0.604442 137.039741
1189 -4.427272 0.750148 137.039741
1190 -3.801556 0.798615 137.039741
1191 -3.159396 0.779007 137.039741
1192 -2.510221 0.805917 137.039741
1193 -1.863876 0.873971 137.039741
1219 4.902601 -4.820179 137.039741
1220 5.676066 -4.838994 137.039741
1222 6.531116 -4.671459 137.039741
1223 7.091503 -4.048431 137.039741
1224 7.210698 -3.492806 137.039741
1225 7.228463 -3.015766 137.039741
1227 7.258578 -2.577080 137.039741
1228 7.327767 -1.983673 137.039741
1229 7.404666 -1.300724 137.039741
1231 7.460090 -0.522751 137.039741
1232 7.520962 -0.306454 137.039741
1258 12.781679 10.028890 137.039741
1259 12.976927 10.348397 137.039741
1273 13.265537 10.581517 137.039741
1274 13.595154 10.528040 137.039741
1275 14.132839 10.743784 137.039741
1276 14.689642 11.078677 137.039741
1277 15.226601 11.444880 137.039741
1278 15.760328 11.815836 137.039741
1279 16.307103 12.167287 137.039741
1280 16.965432 12.585610 137.039741
1282 17.812850 13.067200 137.039741
1283 18.579233 13.423020 137.039741
1284 19.402590 13.810540 137.039741
1309 28.251041 17.917984 137.039741
1310 28.251041 17.917984 137.039741
1311 28.251041 17.917984 137.039741
1312 28.251041 17.917984 137.039741
1313 28.264859 17.955429 137.039741
1315 28.256196 18.026103 137.039741
1315 28.105628 18.140438 137.039741
1316 27.668779 18.120112 137.039741
1317 27.052009 17.975761 137.039741
1318 26.535337 17.703665 137.039741
1319 26.048740 17.378948 137.039741
1345 20.799181 9.582284 137.617044
1346 20.736132 9.244926 137.617044
1347 20.621404 8.830653 138.436450
1348 20.597881 8.571837 138.436450
1350 20.595971 8.092006 138.436450
1351 20.630082 7.661085 139.129906
1352 20.729030 7.343787 139.129906
1353 20.980728 6.707207 139.303448
1354 21.192625 6.213531 139.303448
1355 21.236437 6.044322 139.303448
1356 21.325300 5.690313 140.271062
1385 21.859044 -2.877665 140.271062
1386 21.859044 -2.877665 140.271062
1387 21.802271 -2.873821 140.370120
1388 21.696676 -2.734598 140.370120
1389 22.078293 -2.238622 140.370120
1391 22.708203 -2.093478 140.271062
1392 23.348651 -2.148427 140.271062
1393 24.113017 -2.290269 140.271062
1394 24.756407 -2.361601 140.271062
1395 25.403348 -2.386340 140.271062
1396 26.180653 -2.403755 140.271062
1426 36.118473 -3.182207 140.271062
1427 36.118473 -3.182207 140.271062
1428 36.118473 -3.182207 140.271062
1429 36.118473 -3.182207 140.271062
1430 36.118473 -3.182207 140.271062
1431 36.118473 -3.182207 140.271062
1433 36.118473 -3.182207 140.271062
1434 36.118473 -3.182207 140.271062
1435 36.118473 -3.182207 140.271062
1436 36.118473 -3.182207 140.271062
1437 36.118473 -3.182207 140.271062
1467 36.118473 -3.182207 140.271062
1468 36.118473 -3.182207 140.271062
1469 36.118473 -3.182207 140.271062
1470 36.118473 -3.182207 140.271062
1471 36.118473 -3.182207 140.271062
1472 36.118473 -3.182207 140.271062
1473 36.118473 -3.182207 140.271062
1474 36.118473 -3.182207 140.271062
1476 36.118473 -3.182207 140.271062
1477 36.118473 -3.182207 140.271062
1478 36.118473 -3.182207 140.271062
1508 36.118473 -3.182207 140.271062
1509 36.118473 -3.182207 140.271062
1510 36.118473 -3.182207 140.271062
1511 36.118473 -3.182207 140.271062
1512 36.118473 -3.182207 140.271062
1513 36.118473 -3.182207 140.271062
1514 36.118473 -3.182207 140.271062
1515 36.118473 -3.182207 140.271062
1516 36.118473 -3.182207 140.271062
1517 36.118473 -3.182207 140.271062
1518 36.118473 -3.182207 140.271062
1548 36.118473 -3.182207 140.469394
1550 36.118473 -3.182207 140.469394
1551 36.118473 -3.182207 140.469394
1552 36.118473 -3.182207 140.469394
1553 36.118473 -3.182207 140.469394
1554 36.118473 -3.182207 140.469394
1555 36.118473 -3.182207 140.469394
1556 36.118473 -3.182207 140.469394
1557 36.118473 -3.182207 140.469394
1558 36.118473 -3.182207 140.469394
1559 36.118473 -3.182207 140.469394
1589 36.118473 -3.182207 140.469394
1590 36.118473 -3.182207 140.469394
1591 36.118473 -3.182207 140.469394
1592 36.118473 -3.182207 140.469394
1593 36.118473 -3.182207 140.469394
1595 36.118473 -3.182207 140.469394
1596 36.118473 -3.182207 140.469394
1597 36.118473 -3.182207 140.469394
1598 36.118473 -3.182207 140.469394
1599 36.118473 -3.182207 140.469394
1600 36.118473 -3.182207 140.469394
1630 36.118473 -3.182207 140.469394
1631 36.118473 -3.182207 140.469394
1632 36.118473 -3.182207 140.469394
1633 36.118473 -3.182207 140.469394
1634 36.118473 -3.182207 140.469394
1635 36.118473 -3.182207 140.469394
1636 36.118473 -3.182207 140.469394
1637 36.118473 -3.182207 140.469394
1638 36.118473 -3.182207 140.469394
1639 36.118473 -3.182207 140.469394
1669 36.118473 -3.182207 140.469394
1670 36.118473 -3.182207 140.469394
1671 36.080832 -3.149383 140.469394
1672 36.070915 -3.148095 140.469394
1674 36.001019 -3.146215 140.469394
1675 36.030971 -3.144606 140.469394
1676 35.957129 -3.227783 140.469394
1677 35.941642 -3.239450 140.469394
1678 35.946303 -3.199722 140.469394
1679 36.017675 -3.386387 140.469394
1680 36.078377 -3.518067 140.469394
1710 36.115883 -3.622215 140.469394
1711 36.133988 -3.613776 140.469394
1712 36.183430 -3.618434 140.469394
1713 36.193430 -3.618457 140.469394
1714 36.193430 -3.618457 140.469394
1715 36.193430 -3.618457 140.469394
1716 36.193430 -3.618457 140.469394
1717 36.193430 -3.618457 140.469394
1718 36.193430 -3.618457 140.469394
1720 36.193430 -3.618457 140.469394
1721 36.105359 -3.677200 140.469394
1751 36.195966 -4.063392 140.469394
1752 36.202649 -4.279459 140.469394
1753 36.193140 -4.409111 140.469394
1754 36.176707 -4.507161 140.469394
1755 36.145658 -4.545152 140.469394
1756 36.145658 -4.545152 140.469394
1757 36.145658 -4.545152 140.469394
1758 36.145658 -4.545152 140.469394
1759 36.145658 -4.545152 140.469394
1760 36.145658 -4.545152 140.469394
1761 36.146932 -4.555720 140.469394
1791 36.189334 -4.058027 140.469394
1792 36.214347 -4.127198 140.469394
1793 36.224497 -4.296800 140.469394
1794 36.224067 -4.386799 140.469394
1795 36.215771 -4.586483 140.469394
1796 36.172440 -4.740151 140.469394
1798 36.152098 -4.799241 140.469394
1799 36.144813 -4.817860 140.469394
1800 36.144813 -4.817860 140.469394
1801 36.144813 -4.817860 140.469394
1802 36.144813 -4.817860 140.469394
1832 36.144813 -4.817860 140.469394
1833 36.156833 -4.881739 140.469394
1834 36.189184 -5.068946 140.469394
1835 36.202276 -5.157989 140.469394
1836 36.202805 -5.162960 140.469394
1837 36.188620 -5.148861 140.469394
1839 36.167342 -5.127713 140.469394
1840 36.157342 -5.127611 140.469394
1842 36.157342 -5.127611 140.469394
1843 36.157342 -5.127611 140.469394
1844 36.157342 -5.127611 140.469394
1874 36.172067 -5.297712 140.469394
1875 36.152319 -5.298865 140.469394
1876 36.132743 -5.302960 140.469394
1877 36.211345 -5.410513 140.469394
1878 36.189601 -5.582813 140.469394
1879 36.081287 -5.661007 140.469394
1880 35.998344 -5.679710 140.469394
1881 35.998344 -5.679710 140.469394
1882 35.998344 -5.679710 140.469394
1883 35.998344 -5.679710 140.469394
1885 35.998344 -5.679710 140.469394
1915 36.044304 -5.717453 140.469394
1916 36.148574 -5.869602 140.469394
1917 36.209450 -5.990073 140.469394
1918 36.217598 -6.008336 140.469394
1919 36.217598 -6.008336 140.469394
1920 36.217598 -6.008336 140.469394
1921 36.217598 -6.008336 140.469394
1951 36.217598 -6.008336 140.469394
1952 36.197836 -6.005262 140.469394
1953 36.127975 -6.008966 140.469394
1954 36.098028 -6.010340 140.469394
1955 36.145839 -6.076452 140.469394
1956 36.190385 -6.271163 140.469394
1957 36.177306 -6.383666 140.469394
1958 36.162099 -6.409527 140.469394
1959 36.162099 -6.409527 140.469394
1960 36.166104 -6.429122 140.469394
1961 36.155357 -6.451593 140.469394
1992 36.155357 -6.451593 140.469394
1993 36.155357 -6.451593 140.469394
1994 36.155357 -6.451593 140.469394
1995 36.155357 -6.451593 140.469394
1996 36.155357 -6.451593 140.469394
1997 36.155357 -6.451593 140.469394
1998 36.155357 -6.451593 140.469394
1999 36.155357 -6.451593 140.469394
2000 36.155357 -6.451593 140.469394
2001 36.155357 -6.451593 140.469394
2002 36.155357 -6.451593 140.469394
2032 36.204161 -6.486216 140.469394
2033 36.197571 -6.478694 140.469394
2034 36.227253 -6.630002 140.469394
2065 35.143378 -8.224242 150.300136
2066 35.143378 -8.224242 150.300136
2068 35.123877 -8.219916 150.300136
2069 35.097025 -8.117315 150.300136
2071 35.417083 -7.979702 150.300136
2072 36.235519 -8.003375 150.300136
2073 37.138914 -8.054852 150.300136
2075 38.046355 -8.057051 150.300136
2076 39.079306 -7.945058 150.300136
2078 39.979157 -7.809650 150.300136
2079 40.864432 -7.603711 150.300136
2097 41.801946 -7.280082 150.300136
2098 41.654344 -7.388272 150.300136
2099 41.008306 -7.183967 150.300136
2101 40.476504 -6.705477 150.300136
2102 40.352237 -6.379541 150.300136
2133 40.329750 -6.268311 150.300136
2135 40.329750 -6.268311 150.300136
2136 40.329750 -6.268311 150.300136
2137 40.329750 -6.268311 150.300136
2139 40.326661 -6.238573 150.300136
2140 40.331378 -6.247391 150.300136
2142 40.341315 -6.248506 150.300136
2143 40.409951 -6.234754 150.300136
2144 40.409951 -6.234754 150.300136
2146 40.409951 -6.234754 150.300136
2147 40.409951 -6.234754 150.300136
2179 32.484607 -11.059650 150.417588
2181 33.030453 -11.544156 150.417588
2182 33.905638 -12.026627 150.417588
2184 34.472507 -12.028750 150.417588
2216 34.734958 -11.985802 150.300136
2217 34.684979 -11.952927 150.300136
2219 34.383364 -11.918672 150.300136
2220 33.515087 -11.825076 150.300136
2222 32.635515 -11.593441 150.300136
2223 31.688875 -11.167719 150.300136
2225 30.825185 -10.590025 150.300136
2227 29.910613 -9.875335 150.300136
2228 28.945142 -9.516883 150.300136
2230 27.723264 -9.475086 150.300136
2232 26.627168 -9.605790 150.300136
2264 27.917672 -11.857623 150.300136
2296 27.745720 -11.799503 150.300136
2328 27.745720 -11.799503 150.300136
2360 27.745720 -11.799503 150.300136
2392 27.745720 -11.799503 150.300136
2423 27.745720 -11.799503 150.300136
2455 27.745720 -11.799503 150.300136
2487 27.745720 -11.799503 150.300136
2519 27.745720 -11.799503 150.300136
2550 27.745720 -11.799503 150.300136
2582 27.745720 -11.799503 150.300136
2614 27.745720 -11.799503 150.300136
2646 27.745720 -11.799503 150.300136
2677 27.745720 -11.799503 150.300136
2709 27.745720 -11.799503 150.300136
2741 27.745720 -11.799503 150.300136
2773 27.745720 -11.799503 150.300136
2804 27.745720 -11.799503 150.300136
2836 27.745720 -11.799503 150.300136
2868 27.745720 -11.799503 150.300136
2900 27.745720 -11.799503 150.300136
2931 27.745720 -11.799503 150.300136
2963 27.745720 -11.799503 150.300136
2995 27.745720 -11.799503 150.300136
3027 27.745720 -11.799503 150.300136
3058 27.745720 -11.799503 150.300136
3090 27.745720 -11.799503 150.300136
3122 27.745720 -11.799503 150.300136
3154 27.745720 -11.799503 150.300136
3185 27.745720 -11.799503 150.300136
3217 27.745720 -11.799503 150.300136
3249 27.745720 -11.799503 150.300136
3281 27.745720 -11.799503 150.300136
3312 27.745720 -11.799503 150.300136
3314 27.745720 -11.799503 150.300136
3315 27.745720 -11.799503 150.300136
3317 27.745720 -11.799503 150.300136
3318 27.745720 -11.799503 150.300136
3320 27.745720 -11.799503 150.300136
3322 27.745720 -11.799503 150.300136
3323 27.745720 -11.799503 150.300136
3325 27.745720 -11.799503 150.300136
3326 27.745720 -11.799503 150.300136
3328 27.745720 -11.799503 150.300136
3360 27.745720 -11.799503 150.020835
3361 27.579713 -11.885026 150.020835
3363 26.960462 -11.895857 150.020835
3364 26.249786 -11.517071 150.020835
3366 26.141573 -11.074499 150.020835
3368 26.234243 -10.345393 150.020835
3369 26.701546 -9.544217 150.020835
3371 27.768810 -9.353549 150.020835
3372 28.675424 -9.316595 150.020835
3374 29.702379 -9.171163 150.020835
3375 30.719064 -8.992010 150.020835
3407 40.434292 -2.975526 150.300136
3409 40.784014 -2.636737 150.300136
3441 40.948662 -2.578078 150.300136
3442 40.989203 -2.534259 150.300136
3444 41.036704 -1.935528 150.300136
3445 40.965198 -1.549311 150.300136
3447 40.912499 -0.783771 150.300136
3448 40.971353 -0.353218 150.300136
3480 41.056498 -0.539261 150.300136
3482 40.993798 -1.107890 150.300136
3483 40.847566 -1.665222 150.300136
3485 40.841240 -2.201574 150.300136
3487 40.875870 -2.860392 150.300136
3488 40.881159 -3.635286 150.300136
3490 40.833664 -4.002139 150.300136
3491 40.797530 -4.816235 150.300136
3493 40.775741 -5.180565 150.300136
3494 40.758944 -5.925356 150.300136
3496 40.650435 -6.283887 150.300136
3528 25.879839 -9.989814 150.300136
3529 25.057975 -10.447091 150.300136
3531 24.065451 -10.757520 150.300136
3532 23.185107 -11.144013 150.300136
3534 22.329493 -11.595873 150.300136
3536 22.085516 -11.659836 150.300136
3537 22.085516 -11.659836 150.300136
3539 22.085516 -11.659836 150.300136
3540 22.085516 -11.659836 150.300136
3542 22.085516 -11.659836 150.300136
3543 22.085516 -11.659836 150.300136
3575 21.467090 -11.835079 150.300136
3576 21.960107 -12.041945 150.300136
3578 22.927143 -11.870944 150.300136
3580 23.786891 -11.289274 150.300136
3581 24.593620 -10.633002 150.300136
3583 25.385959 -9.974989 150.300136
3585 25.863954 -9.646729 150.300136
3617 26.138493 -9.638695 150.300136
3618 26.857501 -9.545738 150.300136
3620 27.740165 -9.326495 150.300136
3621 28.763017 -9.153611 150.300136
3623 29.788052 -9.010431 150.300136
3624 30.813699 -8.854131 150.300136
3626 31.776903 -8.720773 150.300136
3627 32.804427 -8.596643 150.300136
3629 33.836089 -8.486842 150.300136
3631 35.253994 -8.415847 150.300136
3633 36.351661 -8.347016 150.300136
3665 37.382999 -8.261278 150.300136
3666 37.382999 -8.261278 150.300136
3668 37.427533 -8.207394 150.300136
3669 37.435264 -8.125865 150.300136
3671 37.093491 -7.988058 150.300136
3672 36.147295 -8.024833 150.300136
3674 35.253690 -8.196386 150.300136
3675 34.228835 -8.356271 150.300136
3677 33.266739 -8.458166 150.300136
3679 32.236800 -8.582802 150.300136
3680 31.211675 -8.742413 150.300136
3713 20.841777 -11.995329 150.300136
3715 21.995854 -11.897209 150.300136
3716 22.646257 -11.522036 150.300136
3718 22.827925 -10.974425 150.300136
3720 23.014947 -10.292940 150.300136
3721 23.165201 -10.021948 150.300136
3753 23.214644 -9.940830 150.300136
3755 23.337131 -9.799873 150.300136
3756 23.011089 -9.062399 150.300136
3758 22.342300 -8.353830 150.300136
3759 21.669393 -7.628715 150.300136
3761 21.396784 -7.252277 150.300136
3793 21.301157 -7.105742 150.300136
3795 21.285220 -7.117784 150.300136
3797 21.097674 -6.930929 150.300136
3798 21.095686 -6.512469 150.300136
3800 21.293679 -5.820677 150.300136
3802 21.408073 -5.030178 150.300136
3804 21.391430 -4.675964 150.300136
3805 21.379965 -3.906120 150.300136
3807 21.428761 -3.489255 150.300136
3808 21.489519 -2.667164 150.300136
3810 21.440238 -2.009703 150.300136
3842 19.884304 10.084224 150.300136
3844 19.680646 10.506313 150.300136
3846 19.365498 11.359930 150.300136
3848 19.114518 11.948148 150.300136
3849 18.618736 12.536576 150.300136
3851 17.610162 12.722028 150.300136
3852 16.669491 12.493486 150.300136
3854 15.809420 12.035036 150.300136
3855 14.975716 11.529618 150.300136
3857 13.980364 10.914812 150.300136
3859 13.199739 10.447759 150.300136
3891 7.861310 1.070772 150.300136
3892 7.975813 0.841507 150.300136
3894 7.940803 0.791539 150.300136
3895 7.749743 0.390967 150.300136
3897 7.928352 -0.408464 150.300136
3898 8.673255 -0.913860 150.300136
3900 9.590802 -1.243361 150.300136
3901 10.564966 -1.607465 150.300136
3903 11.542623 -1.962064 150.300136
3905 12.506962 -2.351417 150.300136
3906 13.401302 -2.738141 150.300136
3938 17.473150 -4.245637 150.300136
3939 17.473150 -4.245637 150.300136
3941 17.473150 -4.245637 150.300136
3942 17.473150 -4.245637 150.300136
3944 17.473150 -4.245637 150.300136
3946 17.473150 -4.245637 150.300136
3947 17.473150 -4.245637 150.300136
3948 17.473150 -4.245637 150.300136
3950 17.473150 -4.245637 150.300136
3951 17.473150 -4.245637 150.300136
3953 17.473150 -4.245637 150.300136
3985 17.473150 -4.245637 150.300136
3986 17.314049 -4.346030 150.300136
3988 16.635904 -4.245486 150.300136
3989 15.684654 -3.826934 150.300136
3991 14.747843 -3.376183 150.300136
3992 13.960083 -3.070732 150.300136
3994 12.953922 -2.614355 150.300136
3995 11.999679 -2.200988 150.300136
3997 11.177176 -1.811815 150.300136
3998 10.348677 -1.435585 150.300136
4000 9.410356 -0.987109 150.300136
4032 15.472103 11.325024 150.300136
4034 16.408356 11.771988 150.300136
4035 17.392834 12.377497 150.300136
4037 18.255619 12.609507 150.300136
4038 19.095187 12.472589 150.300136
4040 19.470541 11.994298 150.300136
4041 19.566410 11.427590 150.300136
4043 19.699442 10.860779 150.300136
4045 19.891180 10.287133 150.300136
4046 20.063220 9.818081 150.300136
4048 20.181210 9.270859 150.300136
4080 21.781299 -2.099096 150.300136
4081 21.751830 -2.094035 150.300136
4083 21.574117 -1.748767 150.300136
4084 21.576304 -1.002388 150.300136
4086 21.694541 -0.438058 150.300136
4087 21.840238 0.131995 150.300136
4089 21.847952 0.976052 150.300136
4091 21.756547 1.491648 150.300136
4092 21.717988 2.124827 150.300136
4094 21.743943 2.609060 150.300136
4095 21.719563 3.223267 150.300136
4128 16.819010 12.609036 150.300136
4129 15.900781 12.126849 150.300136
4131 14.953653 11.562725 150.300136
4132 14.130149 11.040781 150.300136
4134 13.252444 10.483332 150.300136
4135 12.563027 9.740764 150.300136
4137 12.306784 9.340880 150.300136
4138 12.027405 8.878829 150.300136
4140 11.721230 8.327852 150.300136
4141 11.329944 7.853463 150.300136
4143 10.909588 7.101016 150.300136
4175 14.102972 -3.008734 150.300136
4177 15.112444 -3.242883 150.300136
4178 16.058823 -3.466230 150.300136
4180 16.826250 -3.586068 150.300136
4212 17.090914 -3.598561 150.300136
4214 17.090914 -3.598561 150.300136
4215 17.160362 -3.455242 150.300136
4217 17.158074 -3.345753 150.300136
4218 16.983515 -3.196807 150.300136
4220 16.284176 -3.174539 150.300136
4221 15.252779 -3.201305 150.300136
4223 14.095474 -3.041955 150.300136
4225 13.088568 -2.782705 150.300136
4226 12.120237 -2.405623 150.300136
4228 11.194439 -1.932440 150.300136
4261 12.275855 8.741579 150.300136
4262 12.615181 9.271319 150.300136
4264 13.221034 10.097654 150.300136
4265 14.020712 10.651467 150.300136
4267 14.900394 11.071050 150.300136
4268 15.725953 11.453795 150.300136
4270 16.657446 11.916165 150.300136
4271 17.415211 12.405449 150.300136
4273 18.103332 12.591808 150.300136
4275 18.023890 12.582378 150.300136
4276 18.346550 12.688090 150.300136
4309 20.949839 0.500398 150.300136
4310 20.518289 -0.225439 150.300136
4312 20.112933 -0.768192 150.300136
4313 19.809287 -1.126706 150.300136
4315 19.608140 -1.562380 150.300136
4348 19.597513 -1.741772 150.300136
4349 19.597513 -1.741772 150.300136
4351 19.501423 -1.681099 150.300136
4352 19.434589 -1.118462 150.300136
4354 19.466863 -0.561952 150.300136
4386 19.483983 -0.288112 150.300136
4388 19.483983 -0.288112 150.300136
4389 19.292820 -0.197216 150.300136
4391 19.352670 0.329202 150.300136
4392 19.668519 0.490965 150.300136
4394 20.363579 0.657003 150.300136
4395 21.090918 0.761862 150.300136
4397 21.289682 0.810999 150.300136
4398 21.327345 0.824470 150.300136
4400 21.327345 0.824470 150.300136
4401 21.327345 0.824470 150.300136
4434 21.874365 2.920550 150.300136
4436 21.990284 3.476184 150.300136
4438 21.829784 4.074130 150.300136
4440 21.629909 4.932026 150.300136
4443 21.555922 5.763442 150.300136
4445 21.336080 6.761533 150.300136
4447 21.005264 7.404690 150.300136
4449 20.730979 7.965988 150.300136
4451 20.446419 8.640903 150.300136
4452 20.215988 9.134555 150.300136
4454 19.982662 9.711474 150.300136
4486 9.746295 5.233359 150.300136
4488 9.538843 4.770875 150.300136
4489 9.205355 4.260287 150.300136
4491 9.002148 3.831962 150.300136
4492 8.754677 3.209500 150.300136
4494 8.593084 2.736854 150.300136
4496 8.366259 1.985849 150.300136
4497 8.021898 1.221578 150.300136
4499 7.917831 1.102237 150.300136
4500 7.784454 0.963000 150.300136
4502 7.698339 0.864249 150.300136
4534 17.084252 -3.997958 150.300136
4536 17.196465 -3.851821 150.300136
4537 16.999641 -3.461884 150.300136
4539 16.118274 -3.314018 150.300136
4540 15.211450 -3.287151 150.300136
4542 14.185649 -3.119236 150.300136
4543 13.307256 -2.882776 150.300136
4545 12.336620 -2.510542 150.300136
4546 11.466703 -2.071450 150.300136
4548 10.552675 -1.575607 150.300136
4549 9.685590 -1.129781 150.300136
4582 15.490518 11.357367 150.300136
4584 16.308382 11.756335 150.300136
4585 17.197574 12.285784 150.300136
4587 18.102318 12.760343 150.300136
4588 19.004030 12.722828 150.300136
4590 19.984045 12.394723 150.300136
4591 20.961865 11.767264 150.300136
4593 21.602664 11.211428 150.300136
4595 22.686255 10.946100 150.300136
4597 24.019795 11.227574 150.300136
4599 25.077733 11.546267 150.300136
4631 29.408657 12.525330 150.300136
4633 29.162581 12.373656 150.300136
4634 28.072330 12.393681 150.300136
4637 26.653016 12.343442 150.300136
4638 25.572919 12.138468 150.300136
4640 24.558550 11.909105 150.300136
4641 23.679699 11.673208 150.300136
4643 22.710347 11.326742 150.300136
4644 21.817434 11.201094 150.300136
4646 20.795440 11.370906 150.300136
4648 19.842719 11.781489 150.300136
4680 16.283692 3.988280 150.300136
4682 16.667863 3.911873 150.300136
4683 17.045605 3.959018 150.300136
4716 17.175822 3.989547 150.300136
4718 17.292748 4.094764 150.300136
4719 17.330877 4.662271 150.300136
4721 17.224325 5.056312 150.300136
4753 17.116561 5.251593 150.300136
4755 16.844561 5.105932 150.300136
4756 16.055205 5.190146 150.300136
4758 15.061051 5.494775 150.300136
4759 14.255190 5.902496 150.300136
4761 13.803724 6.558382 150.300136
4762 13.611778 7.030051 150.300136
4764 13.511647 7.542224 150.300136
4765 13.424819 8.160384 150.300136
4767 13.067982 8.888699 150.300136
4768 12.893554 9.769190 150.300136
4801 28.666778 21.570299 150.300136
4802 29.544480 21.991831 150.300136
4804 30.403393 22.239490 150.300136
4806 30.973727 22.310492 150.300136
4839 31.252298 22.164939 150.300136
4841 31.799767 21.929852 150.300136
4843 32.825726 21.881051 150.300136
4844 33.857421 21.757876 150.300136
4846 34.933881 21.509697 150.300136
4847 35.928077 21.213275 150.300136
4849 37.099525 20.830409 150.300136
4851 38.341976 20.448298 150.300136
4853 39.590008 20.097230 150.300136
4855 40.462112 19.785316 150.300136
4891 40.698052 19.626369 150.300136
4893 40.567352 19.565614 150.300136
4895 40.339507 19.612918 150.300136
4896 40.358519 19.610142 150.300136
4898 40.196560 19.909082 150.300136
4899 40.110524 20.061471 150.300136
4901 40.110524 20.061471 150.300136
4902 40.110524 20.061471 150.300136
4904 40.110524 20.061471 150.300136
4905 40.106394 20.052364 150.300136
4907 39.895836 19.980270 150.300136
4943 32.598212 10.278158 150.300136
4944 32.549846 9.516394 150.300136
4946 32.515369 9.118475 150.300136
4947 32.505052 8.383555 150.300136
4949 32.521327 7.996915 150.300136
4950 32.610577 7.459842 150.300136
4952 32.627409 6.972888 150.300136
4954 32.656317 6.294251 150.300136
4955 32.684805 5.858239 150.300136
4957 32.772850 5.069801 150.300136
4958 32.905056 4.632339 150.300136
4995 33.785135 3.219550 150.300136
4996 33.785135 3.219550 150.300136
4998 33.756640 3.228606 150.300136
4999 33.706656 3.377783 150.300136
5001 34.211008 3.514093 150.300136
5003 35.204285 3.404519 150.300136
5004 36.301587 3.338111 150.300136
5006 37.271554 3.343289 150.300136
5007 38.241519 3.344779 150.300136
5009 39.276495 3.337765 150.300136
5011 40.373690 3.253708 150.300136
5049 41.330653 3.015955 150.300136
5050 41.330653 3.015955 150.300136
5052 41.188059 3.093104 150.300136
5053 41.145231 3.822852 150.300136
5055 41.243171 4.352198 150.300136
5056 41.393166 4.952374 150.300136
5058 41.454465 5.382446 150.300136
5059 41.644229 6.035320 150.300136
5061 41.802427 6.435022 150.300136
5063 42.149172 7.247715 150.300136
5064 42.937587 7.867495 150.300136
5102 43.987198 8.083976 150.300136
5104 44.154146 8.368248 150.300136
5106 43.542960 8.857428 150.300136
5108 43.391072 8.862766 150.300136
5109 42.690950 8.821677 150.300136
5111 41.918874 9.393204 150.300136
5112 41.861322 9.732569 150.300136
5114 41.861557 10.302307 150.300136
5116 41.881610 11.032001 150.300136
5117 41.821738 11.455838 150.300136
5119 41.789226 11.972970 150.300136
5158 42.029940 13.891300 150.300136
5159 42.029940 13.891300 150.300136
5161 42.029940 13.891300 150.300136
5162 41.909227 14.044034 150.300136
5164 41.474936 13.927109 150.300136
5203 41.528993 13.315163 150.300136
5205 41.507727 12.812562 150.300136
5206 41.380087 12.270910 150.300136
5208 41.392344 11.495435 150.300136
5209 41.454325 10.753078 150.300136
5211 41.461941 10.252538 150.300136
5213 41.461789 9.473118 150.300136
5215 41.519319 8.938001 150.300136
5216 41.549862 8.466601 150.300136
5218 41.563343 7.886761 150.300136
5219 41.524392 7.440906 150.300136
5258 41.448249 6.682320 150.300136
5259 41.409319 6.638509 150.300136
5261 41.235072 6.724346 150.300136
5262 41.164001 7.306905 150.300136
5264 41.297518 8.120772 150.300136
5265 41.354420 8.440585 150.300136
5267 41.443991 9.179729 150.300136
5269 41.399420 9.646302 150.300136
5270 41.394872 10.465805 150.300136
5272 41.400096 11.000757 150.300136
5273 41.403095 11.525713 150.300136
5313 42.131230 17.572486 150.300136
5315 41.838704 17.450729 150.300136
5316 41.044614 17.518459 150.300136
5318 40.011022 17.560068 150.300136
5319 38.977588 17.472557 150.300136
5321 38.077701 17.337730 150.300136
5322 37.056312 17.155635 150.300136
5324 36.099737 16.980579 150.300136
5325 35.078033 16.787512 150.300136
5327 34.074973 16.523843 150.300136
5329 33.188485 16.160901 150.300136
5367 32.690551 8.795976 150.300136
5369 32.682208 8.790464 150.300136
5371 32.542271 8.852378 150.300136
5372 32.448783 9.583070 150.300136
5374 32.541712 10.043091 150.300136
5375 32.693864 10.592907 150.300136
5377 32.657807 11.198821 150.300136
5379 32.567528 11.866232 150.300136
5380 32.568809 12.323541 150.300136
5382 32.591541 12.948069 150.300136
5383 32.616788 13.474625 150.300136
5422 41.230226 20.575200 150.300136
5424 41.217846 20.547983 150.300136
5425 40.798806 20.447303 150.300136
5427 39.693287 20.508706 150.300136
5428 38.658743 20.495911 150.300136
5430 37.626658 20.392361 150.300136
5432 36.604228 20.217543 150.300136
5433 35.711226 20.042919 150.300136
5435 34.700509 19.729271 150.300136
5436 34.261934 19.044973 150.300136
5438 34.542681 18.207948 150.300136
5477 40.154947 17.075516 150.300136
5478 40.154947 17.075516 150.300136
5480 40.154947 17.075516 150.300136
5481 40.154947 17.075516 150.300136
5483 40.154947 17.075516 150.300136
5485 40.085031 17.054674 150.300136
5486 39.970877 16.669262 150.300136
5488 40.011610 15.927728 150.300136
5489 40.101705 15.486943 150.300136
5491 40.214989 14.731388 150.300136
5492 40.203231 14.385684 150.300136
5531 41.525545 3.464449 150.300136
5533 41.653384 3.658206 150.300136
5534 41.675127 4.277205 150.300136
5536 41.608853 4.868502 150.300136
5575 41.455513 5.230084 150.300136
5576 41.608716 5.429952 150.300136
5578 41.581047 6.216607 150.300136
5579 41.422547 7.010870 150.300136
5581 41.366968 7.411463 150.300136
5583 41.280076 8.120910 150.300136
5584 41.149457 8.970931 150.300136
5586 41.045626 9.367408 150.300136
5587 40.840475 10.093903 150.300136
5589 40.744796 10.448725 150.300136
5590 40.549361 11.126064 150.300136
5629 40.776566 20.487135 150.300136
5631 40.776566 20.487135 150.300136
5632 40.776566 20.487135 150.300136
5634 40.776566 20.487135 150.300136
5635 40.776566 20.487135 150.300136
5637 40.776566 20.487135 150.300136
5639 40.776566 20.487135 150.300136
5640 40.776566 20.487135 150.300136
5641 40.776566 20.487135 150.300136
5643 40.776566 20.487135 150.300136
5645 40.776566 20.487135 150.300136
5684 40.797974 20.508119 150.300136
5685 40.779317 20.625957 150.300136
5687 40.404657 20.746685 150.300136
5688 39.567229 20.702519 150.300136
5690 38.538918 20.547188 150.300136
5691 37.642243 20.407450 150.300136
5693 36.618137 20.226671 150.300136
5694 35.667625 20.009758 150.300136
5696 34.678156 19.750613 150.300136
5697 34.045413 19.140040 150.300136
5699 33.927138 18.738767 150.300136
5738 32.627092 12.028554 150.300136
5739 32.745475 12.172828 150.300136
5741 32.740949 12.836709 150.300136
5742 32.647540 13.205642 150.300136
5744 32.555786 13.927479 150.300136
5745 32.567343 14.417203 150.300136
5748 32.644045 15.238533 150.300136
5787 32.669703 15.462059 150.300136
5788 32.669703 15.462059 150.300136
5790 32.543237 15.481390 150.300136
5791 32.461816 16.049462 150.300136
5793 32.844800 16.969132 150.300136
5794 33.358816 17.648519 150.300136
5796 33.642499 18.145124 150.300136
5798 34.018214 18.868186 150.300136
5799 34.175131 19.213921 150.300136
5801 34.581240 20.016661 150.300136
5802 35.269573 20.791022 150.300136
5842 42.313931 25.921169 150.300136
5843 41.610650 25.436778 150.300136
5845 40.653141 25.281873 150.300136
5846 39.571011 25.061356 150.300136
5848 38.646744 24.754149 150.300136
5849 37.830861 24.129453 150.300136
5851 37.221294 23.392945 150.300136
5852 36.464580 22.682323 150.300136
5854 35.565375 22.040613 150.300136
5856 34.639803 21.437262 150.300136
5857 33.762400 20.878954 150.300136
5896 33.166561 20.047375 150.300136
5898 33.367777 19.346541 150.300136
5900 33.380562 18.676776 150.300136
5901 33.348777 18.203472 150.300136
5903 33.306954 17.475644 150.300136
5904 33.303797 17.103347 150.300136
5906 33.134959 16.332942 150.300136
5907 33.002144 15.985966 150.300136
5909 32.817182 15.376838 150.300136
5910 32.827149 14.799104 150.300136
5912 32.930020 13.932172 150.300136
5951 32.713448 8.194699 150.300136
5953 32.694227 8.171782 150.300136
5954 32.560644 8.213299 150.300136
5956 32.479179 8.773385 150.300136
5957 32.613677 9.351105 150.300136
5996 32.717425 9.669606 150.300136
5998 32.694577 9.650319 150.300136
5999 32.529204 9.723663 150.300136
6001 32.407459 10.309836 150.300136
6002 32.503606 11.072917 150.300136
6004 32.548762 11.445179 150.300136
6006 32.596290 12.203190 150.300136
6008 32.593321 13.060685 150.300136
6010 32.611460 13.735371 150.300136
6012 32.650413 14.349136 150.300136
6051 32.658488 14.476380 150.300136
6053 32.791079 14.615564 150.300136
6054 32.775977 15.313167 150.300136
6056 32.708530 15.803547 150.300136
6095 32.675322 16.051332 150.300136
6096 32.675322 16.051332 150.300136
6098 32.551820 16.123276 150.300136
6099 32.417206 16.706529 150.300136
6101 32.711288 17.496480 150.300136
6102 33.265111 18.227845 150.300136
6104 33.442197 18.791010 150.300136
6105 33.305930 19.400621 150.300136
6107 32.904121 20.124601 150.300136
6108 31.986165 20.556338 150.300136
6110 30.953074 20.604296 150.300136
6149 29.455156 17.279517 150.300136
6151 29.610172 17.641511 150.300136
6152 28.957409 18.301688 150.300136
6154 27.972878 18.531440 150.300136
6155 27.716707 18.616215 150.300136
6157 27.484264 18.611067 150.300136
6158 27.329302 18.607635 150.300136
6160 27.139698 18.769424 150.300136
6161 26.996809 19.438804 150.300136
6163 27.462852 20.060835 150.300136
6164 28.450399 20.325451 150.300136
6203 32.694898 11.589378 150.300136
6242 32.694898 11.589378 150.300136
6244 32.625526 11.509318 150.300136
6245 32.454374 11.647001 150.300136
6247 32.414672 12.269064 150.300136
6248 32.500949 12.988789 150.300136
6249 32.539002 13.505967 150.300136
6251 32.589532 14.018245 150.300136
6252 32.646765 14.610375 150.300136
6254 32.693836 15.040292 150.300136
6255 32.721987 15.635672 150.300136
6257 32.711023 16.160506 150.300136
6296 29.601867 15.787957 150.300136
6297 29.484522 15.719593 150.300136
6299 28.999062 16.081010 150.300136
6300 28.616340 16.781057 150.300136
6302 28.404227 17.189106 150.300136
6303 28.067486 17.872876 150.300136
6305 27.498089 18.545642 150.300136
6306 27.339555 18.743636 150.300136
6308 27.234935 18.811858 150.300136
6309 27.063023 19.204260 150.300136
6311 27.178411 19.981496 150.300136
6350 33.436437 25.189861 150.300136
6351 32.539774 24.842747 150.300136
6353 31.680287 24.552481 150.300136
6354 30.834757 23.961241 150.300136
6356 30.652124 23.732745 150.300136
6357 30.689189 23.791684 150.300136
6359 30.640876 23.574512 150.300136
6360 30.369600 22.911655 150.300136
6362 29.609099 22.115381 150.300136
6363 28.868293 21.481528 150.300136
6365 28.174367 20.892829 150.300136
6404 26.233901 5.549689 150.300136
6405 26.381191 5.720105 150.300136
6407 26.109564 6.407143 150.300136
6408 25.600438 6.689244 150.300136
6410 25.041849 6.957285 150.300136
6411 24.228388 7.335286 150.300136
6413 23.420321 7.752910 150.300136
6414 22.557797 8.199628 150.300136
6416 21.566144 8.510177 150.300136
6417 20.762391 9.008024 150.300136
6419 20.446667 9.739533 150.300136
6458 33.374127 18.156171 150.300136
6459 33.172829 18.118036 150.300136
6461 33.036744 18.318244 150.300136
6462 33.053698 18.452175 150.300136
6464 33.067976 19.184670 150.300136
6465 32.699646 19.932393 150.300136
6467 31.763522 20.478552 150.300136
6469 30.806894 20.621936 150.300136
6470 29.903083 20.586046 150.300136
6471 29.006278 20.437567 150.300136
6473 27.999690 20.176233 150.300136
6512 16.174812 10.230003 150.300136
6514 16.174812 10.230003 150.300136
6515 16.101950 10.240294 150.300136
6517 15.976538 10.704386 150.300136
6518 16.223246 11.450832 150.300136
6520 16.510142 11.699656 150.300136
6521 17.189766 12.242138 150.300136
6523 17.890825 12.821365 150.300136
6524 18.910124 13.392472 150.300136
6526 19.735198 13.776243 150.300136
6527 20.665331 14.240689 150.300136
6567 32.864165 14.470452 150.300136
6568 32.723978 13.944504 150.300136
6570 32.680854 13.097078 150.300136
6572 32.683018 12.652132 150.300136
6573 32.721877 11.973303 150.300136
6574 32.714672 11.603373 150.300136
6576 32.728315 10.843592 150.300136
6577 32.734736 10.178669 150.300136
6579 32.740830 9.458801 150.300136
6580 32.785804 9.066146 150.300136
6582 32.831307 8.299501 150.300136
6621 32.703212 5.989758 150.300136
6623 32.703212 5.989758 150.300136
6624 32.577083 6.036809 150.300136
6626 32.459492 6.576070 150.300136
6627 32.542901 7.306753 150.300136
6629 32.622847 7.889577 150.300136
6630 32.647790 8.504023 150.300136
6632 32.639809 8.918580 150.300136
6633 32.617815 9.490547 150.300136
6635 32.640462 9.869857 150.300136
6636 32.615872 10.367950 150.300136
6676 24.797740 17.262228 150.300136
6678 24.480129 16.895829 150.300136
6679 24.039624 16.339071 150.300136
6680 23.299731 15.715921 150.300136
6682 22.344425 15.306736 150.300136
6684 21.357280 14.979547 150.300136
6685 20.450826 14.621943 150.300136
6687 19.642796 14.209143 150.300136
6688 18.848186 13.765850 150.300136
6690 17.815818 13.215572 150.300136
6691 17.010382 12.792129 150.300136
6730 17.584728 3.635227 150.300136
6732 17.584728 3.635227 150.300136
6733 17.584728 3.635227 150.300136
6734 17.584728 3.635227 150.300136
6736 17.584728 3.635227 150.300136
6737 17.584728 3.635227 150.300136
6739 17.584728 3.635227 150.300136
6740 17.584728 3.635227 150.300136
6742 17.584728 3.635227 150.300136
6743 17.584728 3.635227 150.300136
6745 17.584728 3.635227 150.300136
6784 17.584728 3.635227 150.300136
6785 17.584728 3.635227 150.300136
6787 17.584728 3.635227 150.300136
6788 17.677854 3.731261 150.300136
6790 17.537332 4.298740 150.300136
6791 16.635674 4.768726 150.300136
6793 15.760528 5.017832 150.300136
6794 14.841507 5.313300 150.300136
6796 13.807989 5.334791 150.300136
6797 12.849297 5.163974 150.300136
6799 12.258643 4.908890 150.300136
6838 12.025838 4.759251 150.300136
6839 12.018597 4.752355 150.300136
6841 11.879694 4.755643 150.300136
6842 11.748709 5.300111 150.300136
6844 11.873648 6.167872 150.300136
6845 11.991494 6.489150 150.300136
6847 12.190977 7.275912 150.300136
6848 12.241998 7.794272 150.300136
6850 12.442351 8.290293 150.300136
6852 12.577264 8.776195 150.300136
6853 12.707341 9.418068 150.300136
6892 16.197313 10.079515 150.300136
6894 16.197313 10.079515 150.300136
6895 16.197313 10.079515 150.300136
6897 16.197313 10.079515 150.300136
6898 16.197313 10.079515 150.300136
6900 16.197313 10.079515 150.300136
6901 16.197313 10.079515 150.300136
6902 16.197313 10.079515 150.300136
6904 16.197313 10.079515 150.300136
6905 16.197313 10.079515 150.300136
6907 16.197313 10.079515 150.300136
6946 16.214054 10.068573 150.300136
6947 16.249794 10.091322 150.300136
6949 16.325818 10.226304 150.300136
6950 16.150993 10.351315 150.300136
6952 15.391394 10.413991 150.300136
6953 14.484601 10.447711 150.300136
6955 13.580533 10.422151 150.300136
6956 12.743218 10.101569 150.300136
6957 12.199504 9.297548 150.300136
6959 11.981587 8.823582 150.300136
6960 11.615758 8.174750 150.300136
7000 3.970972 -4.149241 150.300136
7001 3.902504 -4.134683 150.300136
7003 3.362865 -3.829904 150.300136
7004 2.725299 -2.986818 150.300136
7006 2.313883 -2.271233 150.300136
7007 2.281645 -1.988181 150.300136
7009 2.260997 -1.153474 150.300136
7010 2.238706 -0.821743 150.300136
7012 2.133136 -0.074300 150.300136
7013 1.939912 0.644067 150.300136
7015 1.642968 1.374490 150.300136
7054 -9.142797 1.717729 150.300136
7055 -9.142797 1.717729 150.300136
7057 -9.142797 1.717729 150.300136
7058 -9.142797 1.717729 150.300136
7060 -8.998927 1.853542 150.300136
7061 -8.297072 1.903891 150.300136
7063 -7.393937 1.859901 150.300136
7064 -6.425763 1.918056 150.300136
7066 -5.455931 1.917376 150.300136
7067 -4.549107 1.884327 150.300136
7069 -3.644686 1.853821 150.300136
7108 7.299983 0.223018 150.300136
7109 7.386683 0.528723 150.300136
7111 7.560330 1.204637 150.300136
7112 7.611814 1.558092 150.300136
7114 7.746768 2.280440 150.300136
7115 7.811543 2.674976 150.300136
7117 7.865850 3.297005 150.300136
7118 7.888286 3.736365 150.300136
7119 7.904902 4.461076 150.300136
7121 7.898122 4.915950 150.300136
7122 7.904420 5.555532 150.300136
7162 8.275441 9.475849 150.300136
7163 8.242563 8.802692 150.300136
7165 8.123862 8.395162 150.300136
7166 8.064566 7.703487 150.300136
7168 8.084159 7.108839 150.300136
7169 8.069817 6.349349 150.300136
7171 8.017947 5.983087 150.300136
7172 7.979499 5.374365 150.300136
7174 7.945578 4.960827 150.300136
7175 7.899553 4.297447 150.300136
7177 7.849079 3.774943 150.300136
7216 -4.849039 -4.758338 150.300136
7218 -5.818285 -4.824165 150.300136
7219 -6.720597 -4.743092 150.300136
7221 -7.608454 -4.543668 150.300136
7222 -8.609826 -4.263625 150.300136
7224 -9.464550 -3.951803 150.300136
7225 -10.340585 -3.524869 150.300136
7226 -11.221366 -3.108391 150.300136
7228 -12.217149 -2.818580 150.300136
7230 -13.080967 -2.260917 150.300136
7231 -13.679262 -1.602439 150.300136
7270 -23.084877 -1.314286 150.300136
7272 -23.084877 -1.314286 150.300136
7274 -23.084877 -1.314286 150.300136
7275 -23.030902 -1.203062 150.300136
7277 -23.037309 -1.054252 150.300136
7279 -23.121572 -0.930363 150.300136
7280 -23.648029 -0.785018 150.300136
7282 -24.654471 -0.916151 150.300136
7283 -25.747784 -1.034850 150.300136
7285 -26.774478 -1.181124 150.300136
7287 -27.693542 -1.657505 150.300136
7327 -28.481295 -2.626913 150.300136
7328 -28.497356 -3.200737 150.300136
7330 -28.559022 -3.691529 150.300136
7331 -28.640188 -4.093145 150.300136
7332 -28.686563 -4.756213 150.300136
7333 -28.684888 -5.058708 150.300136
7335 -28.686151 -5.787409 150.300136
7336 -28.704115 -6.153145 150.300136
7337 -28.734430 -6.667235 150.300136
7339 -28.753303 -7.056702 150.300136
7340 -28.784428 -7.628323 150.300136
7383 -30.590349 -18.909290 150.300136
7384 -30.415362 -19.108135 150.300136
7385 -30.208639 -19.570066 150.300136
7386 -30.116226 -20.137434 150.300136
7387 -30.088581 -20.370610 150.300136
7388 -30.066065 -20.644570 150.300136
7389 -29.955586 -21.234145 150.479004
7390 -29.898250 -21.404027 150.479004
7391 -29.733708 -21.790437 150.479004
7392 -29.537830 -22.266707 150.479004
7393 -29.436820 -22.548383 151.572592
7419 -28.124425 -32.805238 161.352567
7420 -28.133869 -33.095823 162.438699
7421 -28.254072 -33.408504 162.438699
7422 -28.387404 -33.940851 162.438699
7423 -28.374986 -34.095178 163.607001
7424 -28.337342 -34.503339 163.607001
7425 -28.321517 -35.083092 163.607001
7426 -28.326524 -35.288031 163.607001
7427 -28.336788 -35.712907 164.845537
7428 -28.344962 -36.227839 164.845537
7429 -28.335462 -36.707650 164.845537
7458 -29.148601 -46.875595 176.839054
7459 -29.128729 -47.112206 176.839054
7460 -29.153884 -47.596325 176.839054
7461 -29.197290 -48.124541 177.875156
7462 -29.239425 -48.509741 177.875156
7463 -29.270697 -48.742647 177.875156
7464 -29.306257 -49.273791 177.875156
7465 -29.310358 -49.718693 178.869704
7466 -29.296015 -49.928198 178.869704
7467 -29.274463 -50.392637 178.869704
7468 -29.264725 -50.947547 179.843741
7500 -29.862937 -62.609320 193.140600
7501 -29.862937 -62.609320 193.140600
7502 -29.862937 -62.609320 193.140600
7503 -29.862937 -62.609320 193.140600
7504 -29.862937 -62.609320 193.595587
7505 -29.862937 -62.609320 193.595587
7506 -29.862937 -62.609320 193.595587
7507 -29.862937 -62.609320 193.595587
7508 -29.862937 -62.609320 193.595587
7509 -29.944361 -62.658728 193.595587
7510 -30.007265 -62.916728 193.502070
7546 -29.248394 -76.870374 205.455230
7547 -29.281539 -77.076148 205.455230
7548 -29.400934 -77.415591 205.455230
7549 -29.497448 -78.026605 206.617161
7550 -29.476648 -78.154731 206.617161
7551 -29.430416 -78.491244 206.617161
7552 -29.413264 -79.115929 207.995893
7553 -29.410669 -79.715918 207.995893
7554 -29.414865 -79.880836 207.995893
7555 -29.425941 -80.175628 207.995893
7556 -29.442322 -80.735380 207.995893
7596 -29.590678 -92.967835 223.674701
7597 -29.523548 -93.220363 223.674701
7598 -29.558635 -93.643704 223.674701
7599 -29.630073 -94.113255 223.674701
7600 -29.678153 -94.368703 223.674701
7601 -29.713853 -94.807060 223.777505
7602 -29.720808 -95.311969 223.777505
7603 -29.701811 -95.616123 223.777505
7604 -29.671266 -96.024902 224.870566
7605 -29.645364 -96.434083 224.870566
7606 -29.602426 -96.647244 224.870566
7651 -28.065580 -110.365084 233.077695
7652 -27.945894 -110.564348 233.077695
7653 -27.919929 -110.958552 233.077695
7654 -27.993884 -111.420623 233.077695
7655 -28.091666 -111.700141 233.077695
7656 -28.261135 -112.190380 233.077695
7657 -28.274807 -112.386563 233.077695
7658 -28.221847 -112.853547 233.077695
7659 -28.200849 -113.275281 233.077695
7660 -28.236246 -113.436374 233.077695
7661 -28.338339 -113.781312 233.077695
