11 -10.000000 -55.000000 -0.517918
12 -10.000650 -55.047494 7.021396
13 -10.005050 -55.267450 7.021396
14 -10.007599 -55.394925 7.021396
15 -10.028204 -55.496864 7.021396
16 -10.212087 -55.603986 7.021396
17 -10.711140 -55.674457 17.001764
18 -11.093305 -55.634866 17.001764
19 -11.357663 -55.560012 20.068383
20 -11.851217 -55.381151 20.068383
21 -12.447980 -55.123908 20.068383
22 -13.025545 -54.826076 21.255117
23 -13.599424 -54.520986 21.255117
24 -14.179188 -54.227101 21.388314
25 -14.759254 -53.933831 22.269710
26 -15.331656 -53.626194 22.269710
27 -15.898846 -53.308815 22.078496
28 -16.490252 -53.040107 22.078496
29 -17.107111 -52.836014 22.078496
30 -17.357690 -52.766715 22.078496
31 -17.357690 -52.766715 22.078496
32 -17.357690 -52.766715 22.269710
33 -17.355252 -52.776413 22.212158
34 -17.267668 -52.875396 22.212158
35 -16.846928 -52.916127 22.212158
36 -16.212966 -52.834521 22.212158
37 -15.587992 -52.685529 22.212158
38 -14.954230 -52.553368 22.212158
39 -14.310433 -52.464596 22.212158
40 -13.667634 -52.386771 22.212158
41 -13.347108 -52.351143 22.212158
42 -13.313781 -52.329462 22.212158
43 -13.288961 -52.272720 22.212158
44 -13.309145 -52.195286 22.212158
45 -13.532039 -52.090819 22.212158
46 -14.076626 -52.080226 22.212158
47 -14.722262 -52.128388 22.212158
48 -15.367721 -52.178921 22.212158
49 -16.012566 -52.190976 22.212158
50 -16.660029 -52.189283 22.212158
51 -17.308982 -52.154111 22.212158
52 -17.949998 -52.083130 22.212158
53 -18.593132 -51.988913 22.212158
54 -19.234726 -51.901784 22.078496
55 -19.875931 -51.832118 22.078496
56 -20.517130 -51.762386 22.078496
57 -21.161853 -51.679795 22.078496
58 -21.802587 -51.586478 22.078496
59 -22.444350 -51.483403 22.078496
60 -23.083427 -51.379350 22.138202
61 -23.725325 -51.277085 22.138202
62 -24.366020 -51.183656 22.199549
63 -25.003440 -51.069928 33.860006
64 -25.635312 -50.929075 33.860006
65 -26.257911 -50.742755 34.117737
66 -26.873062 -50.532926 34.117737
67 -27.476525 -50.291646 34.117737
68 -28.059603 -50.005288 34.117737
69 -28.619813 -49.675713 34.117737
70 -29.152672 -49.303671 33.860006
71 -29.675334 -48.917265 33.860006
72 -30.222861 -48.567465 34.117737
73 -30.776332 -48.231659 34.117737
74 -31.165502 -47.959449 35.550808
75 -31.250525 -47.891643 35.550808
76 -31.292800 -47.860529 35.550808
77 -31.292800 -47.860529 41.749012
78 -31.292800 -47.860529 41.749012
79 -31.292800 -47.860529 41.900119
80 -31.292800 -47.860529 41.900119
81 -31.292800 -47.860529 41.900119
82 -31.292800 -47.860529 41.900119
83 -31.292800 -47.860529 41.900119
84 -31.292800 -47.860529 41.900119
85 -31.292800 -47.860529 41.900119
86 -31.249227 -47.832135 41.900119
87 -31.163396 -47.624945 41.900119
88 -31.230199 -47.127708 41.900119
89 -31.301009 -46.915077 41.900119
90 -31.443999 -46.595989 41.900119
91 -31.489613 -46.076689 41.900119
92 -31.356367 -45.549423 41.900119
93 -31.283796 -45.388053 42.139055
94 -31.087822 -45.033645 42.139055
95 -30.901288 -44.544119 42.139055
96 -30.847835 -44.315380 42.139055
97 -30.771818 -43.897566 42.139055
98 -30.797603 -43.354570 42.139055
99 -30.866778 -42.869576 42.139055
100 -30.866891 -42.704593 42.139055
101 -30.842570 -42.230241 42.139055
102 -30.801675 -41.706951 42.139055
103 -30.696168 -41.239256 42.139055
104 -30.603788 -41.013277 42.139055
105 -30.418144 -40.658982 42.139055
106 -30.229702 -40.111792 42.139055
107 -30.205679 -39.948561 42.052586
108 -30.115754 -39.477118 42.052586
109 -30.104524 -38.994115 42.052586
110 -30.199721 -38.457580 42.052586
111 -30.275440 -37.983655 42.052586
112 -30.303617 -37.474702 42.052586
113 -30.296443 -37.309860 42.052586
114 -30.277120 -36.835253 42.658879
115 -30.260666 -36.315519 42.658879
116 -30.270229 -36.150796 42.658879
117 -30.282990 -35.676004 43.824422
119 -30.288371 -35.081028 43.824422
119 -30.298440 -34.666207 43.824422
120 -30.346481 -34.208801 44.606053
121 -30.357342 -33.984147 44.606053
122 -30.369390 -33.584346 44.606053
123 -30.405409 -33.075639 45.582672
124 -30.418779 -32.846074 45.582672
125 -30.441034 -32.421658 46.206709
126 -30.447195 -32.186825 46.206709
127 -30.444329 -31.761835 46.206709
128 -30.437945 -31.526969 47.449552
130 -30.414790 -30.977474 47.449552
130 -30.415709 -30.862478 47.449552
131 -30.449611 -30.439198 48.260335
132 -30.509236 -29.917658 48.260335
133 -30.518564 -29.457837 48.260335
134 -30.524764 -28.937874 49.421655
135 -30.530893 -28.412910 49.421655
136 -30.517935 -27.918126 49.904909
137 -30.491922 -27.755201 49.904909
138 -30.446739 -27.282545 50.737954
139 -30.436207 -26.797724 50.737954
141 -30.445333 -26.057786 51.655977
141 -30.450840 -25.762840 51.655977
142 -30.494365 -25.604128 51.655977
143 -30.608369 -25.143924 52.838811
144 -30.637893 -24.620401 52.838811
145 -30.603106 -24.136730 53.915675
146 -30.581237 -23.963209 53.915675
147 -30.545245 -23.534882 54.838855
148 -30.535268 -23.010004 54.838855
149 -30.514862 -22.515459 54.838855
150 -30.522518 -22.350637 55.690035
152 -30.538408 -21.415854 56.841710
152 -30.538824 -21.355855 56.841710
153 -30.567779 -20.927023 56.841710
154 -30.617128 -20.404412 56.841710
155 -30.618681 -19.974492 57.696620
156 -30.613577 -19.469538 57.696620
157 -30.588435 -19.020318 58.700766
158 -30.554484 -18.546574 58.700766
159 -30.540871 -18.061813 59.633715
160 -30.543124 -17.536823 59.633715
161 -30.559272 -17.082193 59.633715
164 -30.539156 -15.977884 61.505935
165 -30.572319 -15.509377 61.505935
166 -30.631281 -15.073429 62.582585
167 -30.638106 -14.838586 62.582585
168 -30.628790 -14.343768 62.582585
169 -30.596440 -13.859939 62.582585
170 -30.543080 -13.433466 62.582585
171 -30.443067 -13.221361 62.582585
172 -30.248275 -12.810349 62.582585
173 -30.193781 -12.638817 62.582585
174 -30.033739 -12.207634 62.582585
176 -29.842690 -11.126768 62.722404
177 -29.806501 -10.658635 62.722404
178 -29.844774 -10.185695 62.722404
179 -29.903511 -9.719498 62.722404
180 -29.963585 -9.253449 62.722404
181 -30.017976 -8.786801 62.793152
182 -30.051286 -8.328089 62.793152
183 -30.089188 -7.859840 62.793152
184 -30.153992 -7.389373 62.793152
185 -30.217809 -6.919166 62.793152
186 -30.239876 -6.449796 62.936317
188 -30.361737 -5.656224 63.081693
188 -30.374040 -5.612938 63.081693
189 -30.374040 -5.612938 63.081693
190 -30.374040 -5.612938 63.081693
191 -30.312341 -5.657947 63.081693
192 -30.267788 -5.978873 63.081693
193 -30.384286 -6.474567 63.081693
194 -30.537582 -6.971297 63.081693
195 -30.617970 -7.456497 63.081693
196 -30.638356 -7.778157 63.081693
197 -30.625924 -8.102905 63.081693
200 -30.596166 -9.077111 63.081693
201 -30.605477 -9.291795 63.081693
202 -30.656808 -9.723745 63.081693
203 -30.704762 -9.933267 63.081693
204 -30.757920 -10.364718 63.081693
205 -30.746942 -10.579396 63.081693
206 -30.727347 -11.013920 63.081693
207 -30.729926 -11.228904 63.081693
208 -30.735144 -11.663873 63.081693
209 -30.745043 -11.878641 63.081693
210 -30.753186 -12.313553 63.081693
213 -30.732104 -13.178166 63.081693
214 -30.759117 -13.661893 63.081693
215 -30.840319 -14.145044 63.081693
216 -30.911421 -14.614457 63.081693
217 -30.932786 -15.008825 63.081693
218 -30.922717 -15.273634 63.081693
219 -30.916545 -15.723534 63.081693
220 -30.927563 -16.098341 63.081693
221 -30.948293 -16.362481 63.081693
222 -30.958325 -16.777333 63.081693
223 -30.942587 -16.991756 63.081693
226 -30.937482 -18.096186 63.081693
227 -30.949933 -18.295792 63.081693
228 -31.010313 -18.726518 63.081693
229 -31.076450 -18.909683 63.081693
230 -31.171720 -19.320214 63.081693
231 -31.150806 -19.533816 63.081693
232 -31.098656 -19.965558 63.081693
233 -31.091618 -20.180443 63.081693
234 -31.077377 -20.615210 63.081693
235 -31.078938 -20.830204 63.081693
236 -31.081187 -21.265198 63.081693
239 -31.097570 -22.299915 63.081693
240 -31.104362 -22.611837 63.081693
241 -31.183923 -22.937114 63.081693
242 -31.241795 -23.448548 63.081693
243 -31.274481 -23.967504 63.081693
244 -31.279001 -24.222258 63.081693
245 -31.267069 -24.607045 63.081693
246 -31.267273 -24.881914 63.081693
247 -31.285024 -25.216419 63.081693
248 -31.290602 -25.531348 63.081693
249 -31.291936 -25.866318 63.081693
252 -31.201883 -27.102210 63.081693
253 -31.165535 -27.625917 63.081693
254 -31.165486 -28.080761 63.081693
255 -31.176467 -28.300367 63.081693
256 -31.183644 -28.715269 63.081693
257 -31.189467 -28.955054 63.081693
258 -31.198509 -29.319826 63.081693
259 -31.196691 -29.604781 63.081693
260 -31.198690 -29.969762 63.081693
261 -31.197251 -30.494760 63.081693
262 -31.188724 -30.711930 63.081693
266 -31.195705 -31.930410 63.081693
267 -31.185175 -32.110101 63.081693
268 -31.186991 -32.579636 63.081693
269 -31.241053 -32.734905 63.081693
270 -31.360974 -33.141534 63.081693
271 -31.395867 -33.632077 63.081693
272 -31.376157 -34.099155 63.081693
273 -31.345021 -34.533000 63.081693
274 -31.347903 -34.762953 63.081693
275 -31.332480 -35.237701 63.081693
276 -31.305116 -35.736878 63.081693
279 -31.250445 -36.839391 63.081693
280 -31.268802 -37.163872 63.081693
281 -31.283343 -37.508486 63.081693
282 -31.272137 -37.783256 63.081693
283 -31.262710 -38.298165 63.081693
284 -31.263777 -38.783079 63.081693
285 -31.265229 -39.308050 63.081693
286 -31.257302 -39.632838 63.081693
287 -31.229334 -39.956616 63.081693
288 -31.199681 -40.300322 63.081693
289 -31.166033 -40.573231 63.081693
292 -31.130342 -41.646297 63.081693
293 -31.174868 -42.013554 63.081693
294 -31.188451 -42.298036 63.081693
295 -31.181304 -42.662966 63.081693
296 -31.178493 -42.947910 63.081693
297 -31.182661 -43.312884 63.081693
298 -31.186274 -43.597824 63.081693
299 -31.188528 -43.962765 63.081693
300 -31.189200 -44.247579 63.081693
301 -31.240428 -44.608932 63.081693
302 -31.286886 -44.882179 63.081693
306 -32.643752 -46.152671 63.081693
307 -33.171982 -46.379604 63.081693
308 -33.698750 -46.733640 63.081693
309 -34.001663 -47.145090 63.081693
310 -34.103690 -47.356772 63.081693
311 -34.333658 -47.817564 63.081693
312 -34.560700 -48.307508 63.081693
313 -34.655897 -48.460206 63.081693
314 -34.919239 -48.861495 63.081693
315 -35.130128 -49.238932 63.081693
316 -35.244464 -49.444227 63.081693
320 -36.036945 -50.897720 63.081693
321 -36.085887 -51.060372 63.081693
322 -36.270157 -51.263838 63.081693
323 -36.808798 -51.370517 63.081693
324 -37.458003 -51.399587 63.081693
325 -38.102644 -51.480977 63.081693
326 -38.740623 -51.604691 63.081693
327 -39.367060 -51.777609 63.081693
328 -39.987699 -51.970714 63.081693
329 -40.608199 -52.164133 63.081693
330 -41.224813 -52.369741 63.081693
333 -43.071599 -52.995501 63.081693
334 -43.194390 -53.038191 63.081693
335 -43.266452 -52.963784 63.081693
336 -43.256297 -52.563877 63.081693
337 -42.793397 -52.142092 63.081693
338 -42.195012 -51.891005 63.081693
339 -41.572626 -51.704004 63.081693
340 -40.945988 -51.531690 63.081693
341 -40.338424 -51.301810 63.081693
342 -39.763429 -50.999042 63.081693
343 -39.203927 -50.668380 63.081693
348 -36.491322 -48.878435 63.081693
349 -36.003816 -48.555078 63.081693
350 -35.461183 -48.197245 63.081693
351 -34.920137 -47.837016 63.081693
352 -34.380061 -47.475337 63.081693
353 -33.842548 -47.109858 63.081693
354 -33.299569 -46.752616 63.081693
355 -32.751545 -46.403110 63.081693
356 -32.203411 -46.058557 63.081693
357 -31.754212 -45.796646 63.081693
358 -31.464184 -45.558176 63.081693
363 -31.319981 -43.552235 63.081693
364 -31.298902 -43.058280 63.081693
365 -31.234988 -42.633061 63.081693
366 -31.182078 -42.406730 63.081693
367 -31.144301 -42.008951 63.081693
368 -31.179768 -41.776732 63.081693
369 -31.215259 -41.333295 63.081693
370 -31.206932 -40.863434 63.081693
371 -31.198695 -40.393655 63.081693
372 -31.211539 -39.918833 63.081693
373 -31.184636 -39.449813 63.081693
378 -31.231600 -37.078905 63.081693
379 -31.242428 -36.609109 63.081693
380 -31.257106 -36.199394 63.081693
381 -31.257106 -36.199394 63.081693
382 -31.257106 -36.199394 63.081693
383 -31.257106 -36.199394 63.081693
384 -31.257106 -36.199394 63.081693
385 -31.257106 -36.199394 63.081693
386 -31.257106 -36.199394 63.081693
387 -31.285920 -36.191400 63.081693
388 -31.360273 -36.090650 63.081693
393 -31.300117 -34.219161 63.081693
394 -31.289749 -33.774322 63.081693
395 -31.276419 -33.304550 63.081693
396 -31.276572 -32.814608 63.081693
397 -31.293150 -32.655490 63.081693
398 -31.314387 -32.221104 63.081693
399 -31.321076 -31.781155 63.081693
400 -31.308700 -31.566518 63.081693
401 -31.297724 -31.134175 63.081693
402 -31.281602 -30.954899 63.081693
403 -31.261363 -30.485533 63.081693
408 -31.234444 -28.406898 63.081693
409 -31.165622 -27.886656 63.081693
410 -31.142280 -27.402304 63.081693
411 -31.144905 -26.912364 63.081693
412 -31.160604 -26.733120 63.081693
413 -31.151638 -26.263242 63.081693
414 -31.139086 -26.078669 63.081693
415 -31.116219 -25.614314 63.081693
416 -31.127312 -25.144582 63.081693
417 -31.163085 -24.670933 63.081693
418 -31.183498 -24.171351 63.081693
423 -31.251628 -22.114222 63.081693
424 -31.246113 -21.669267 63.081693
425 -31.260164 -21.214494 63.081693
426 -31.253807 -20.719537 63.081693
427 -31.255878 -20.249616 63.081693
428 -31.266570 -19.834771 63.081693
429 -31.254800 -19.620103 63.081693
430 -31.226725 -19.188668 63.081693
431 -31.191188 -19.027551 63.081693
432 -31.139366 -18.580898 63.081693
433 -31.137494 -18.056184 63.081693
438 -31.245865 -16.296503 63.081693
439 -31.245232 -15.826511 63.081693
440 -31.253575 -15.646704 63.081693
441 -31.265929 -15.176900 63.081693
442 -31.261520 -14.996955 63.081693
443 -31.261150 -14.527030 63.081693
444 -31.291803 -14.349785 63.081693
445 -31.325903 -13.936430 63.081693
446 -31.320399 -13.481473 63.081693
447 -31.331754 -13.062322 63.081693
448 -31.446587 -12.772227 63.081693
453 -34.486278 -12.665066 63.081693
454 -34.615914 -12.674778 63.081693
455 -34.728503 -12.521015 63.081693
456 -34.593621 -12.068788 63.081693
457 -34.124521 -11.620026 63.081693
458 -33.550539 -11.320294 63.081693
459 -32.933857 -11.115019 63.081693
460 -32.322052 -10.895722 63.081693
461 -31.734244 -10.618828 63.081693
462 -31.214443 -10.298563 63.081693
463 -30.870579 -9.938706 63.081693
468 -30.734018 -7.582976 63.081693
469 -30.745896 -7.108230 63.081693
470 -30.741302 -6.638325 63.081693
471 -30.768275 -6.164267 63.081693
472 -30.794522 -5.695060 63.081693
473 -30.831527 -5.236647 63.081693
474 -30.854174 -4.767397 63.081693
475 -30.887432 -4.298680 63.081693
476 -30.918769 -3.824804 63.081693
477 -30.954525 -3.371279 63.081693
478 -30.967747 -3.121841 63.081693
483 -31.457610 -1.057262 74.116260
484 -31.522256 -0.894693 74.116260
485 -31.650169 -0.552858 75.087815
486 -31.951237 -0.025114 75.087815
487 -32.453536 0.380698 75.087815
488 -33.027140 0.686261 75.803034
489 -33.605900 0.981896 76.536135
490 -34.148591 1.339329 76.536135
491 -34.672915 1.723396 76.927628
492 -35.183025 2.126219 76.927628
493 -35.685505 2.538534 77.199093
497 -37.589346 4.205797 82.504909
498 -37.765057 4.441013 82.504909
499 -37.815241 4.706038 82.504909
500 -37.821165 5.210639 82.504909
501 -37.821506 5.457957 82.504909
502 -37.833641 5.842714 82.504909
503 -37.830689 6.092483 82.504909
504 -37.808141 6.476802 82.580022
505 -37.806683 6.726589 82.580022
506 -37.832256 7.115747 82.580022
507 -37.851435 7.570223 82.580022
514 -38.080392 10.573076 82.580022
515 -38.147413 11.037375 82.580022
516 -38.101661 11.508932 82.580022
517 -37.942850 11.945642 82.580022
518 -37.753794 12.364869 82.580022
519 -37.594907 12.838950 82.580022
520 -37.425227 13.293292 82.580022
521 -37.370470 13.464587 82.580022
522 -37.189414 13.898258 82.580022
523 -37.055804 14.296412 82.580022
524 -36.987836 14.521127 82.580022
531 -36.450037 17.133198 82.813646
532 -36.231595 17.553405 82.813646
533 -35.809564 18.040217 82.813646
534 -35.342509 18.492217 82.813646
535 -34.860061 18.927794 83.741626
536 -34.369937 19.354725 83.741626
537 -33.875659 19.776835 83.741626
538 -33.393001 20.212141 83.741626
539 -32.920132 20.658105 83.741626
540 -32.440499 21.096626 84.133822
541 -31.932967 21.486341 84.918431
548 -29.690141 24.206540 99.902052
549 -29.681652 24.218907 99.902052
550 -29.707152 24.310788 100.646808
551 -29.962869 24.414829 100.646808
552 -30.465322 24.168029 100.882208
553 -30.654231 23.862970 100.882208
554 -30.774048 23.550141 100.882208
555 -30.916829 23.024849 101.002277
556 -31.034216 22.580418 101.002277
557 -31.207294 22.117081 101.002277
558 -31.505990 21.587432 101.002277
563 -33.875975 19.374667 101.002277
564 -33.875975 19.374667 101.002277
565 -33.938485 19.422746 101.002277
566 -33.969476 19.767823 101.002277
567 -33.725453 20.217778 101.002277
568 -33.221945 20.714201 100.961874
569 -32.670318 21.057957 100.961874
570 -32.107853 21.378691 100.961874
571 -31.675806 21.699689 100.961874
572 -31.388232 22.163646 100.961874
573 -31.307812 22.420987 101.002277
582 -30.802816 25.774993 101.589862
583 -30.825790 26.244094 101.589862
584 -30.861175 26.652490 101.589862
585 -30.858047 26.847465 102.609648
586 -30.853020 27.317436 102.609648
587 -30.859320 27.497325 102.609648
588 -30.873645 27.917080 103.432393
589 -30.871350 28.147037 103.432393
590 -30.863391 28.616969 103.432393
591 -30.855133 28.796772 104.610229
592 -30.849718 29.261731 104.610229
600 -30.888890 32.967516 108.503364
601 -30.896827 33.216658 108.503364
602 -30.993158 33.589358 108.503364
603 -31.028977 33.833818 109.523057
604 -31.022019 34.218444 109.523057
605 -31.001973 34.467452 109.523057
606 -30.943710 34.848018 110.309836
607 -30.905531 35.087394 110.309836
608 -30.821194 35.437262 110.309836
609 -30.689340 35.906570 111.293576
610 -30.548844 36.378571 111.293576
616 -30.134206 38.740074 114.246488
617 -30.102101 39.153663 114.246488
618 -30.105524 39.638509 114.246488
619 -30.121847 40.013123 114.246488
620 -30.113334 40.277986 115.266040
621 -30.111054 40.647841 115.266040
622 -30.173405 40.905237 116.312424
623 -30.231014 41.401416 116.312424
624 -30.236977 41.876296 116.312424
625 -30.227675 42.346122 117.270371
626 -30.229755 42.821085 117.270371
637 -30.121239 47.638186 122.362167
638 -30.094294 48.062160 122.362167
639 -30.102835 48.537011 123.348693
640 -30.141159 48.748471 123.348693
641 -30.180462 49.191447 124.437374
642 -30.178937 49.406441 124.437374
643 -30.182108 49.851414 124.437374
644 -30.204516 50.062711 125.487928
645 -30.226288 50.567121 125.487928
646 -30.220006 51.037043 125.487928
647 -30.192407 51.450979 126.506996
654 -30.054730 54.075082 129.150222
655 -30.052157 54.397526 129.150222
656 -30.062825 54.732356 129.150222
657 -30.085827 55.216744 130.260124
658 -30.103894 55.541162 130.260124
659 -30.105706 55.816156 130.260124
660 -30.106838 56.261122 131.355472
661 -30.053640 56.782739 131.355472
662 -29.968198 57.310823 131.355472
663 -29.923858 57.778510 132.344474
664 -29.909536 58.208247 132.344474
672 -29.755390 61.530580 136.221070
673 -29.751680 61.725543 136.221070
674 -29.749643 62.225535 137.263615
675 -29.765201 62.650215 137.263615
676 -29.765483 62.862715 137.263615
677 -29.780002 63.367491 138.281814
678 -29.806568 63.786612 138.281814
679 -29.807532 64.001610 138.281814
680 -29.809526 64.446606 139.216450
681 -29.803151 64.659007 139.216450
682 -29.798652 65.163980 139.216450
696 -29.674780 70.796127 145.360311
697 -29.711856 71.269674 146.377935
698 -29.729249 71.659254 146.377935
699 -29.763118 71.932085 146.377935
700 -29.767100 72.316888 147.343205
701 -29.726608 72.588868 147.343205
702 -29.694680 72.972458 147.343205
703 -29.618072 73.236440 148.334824
704 -29.552275 73.615375 148.334824
705 -29.554631 73.887862 148.334824
706 -29.557583 74.272835 148.334824
714 -29.536218 77.661676 152.353077
715 -29.557628 78.130613 152.353077
716 -29.627087 78.605281 152.353077
717 -29.695711 78.771333 153.269762
718 -29.859958 79.221341 153.269762
719 -29.918540 79.697026 154.311697
720 -29.920737 79.874512 154.311697
721 -29.926801 80.364475 155.279168
722 -29.917891 80.844327 155.279168
723 -29.907882 81.021541 155.279168
724 -29.904945 81.501400 156.247304
741 -30.076757 87.644157 162.228296
742 -30.075269 88.034019 162.228296
743 -30.033009 88.254272 162.228296
744 -29.877828 88.692510 163.244908
745 -29.715031 89.175808 163.244908
746 -29.563097 89.631085 163.244908
747 -29.466597 90.014065 164.214555
748 -29.359550 90.267355 164.214555
749 -29.173734 90.757998 165.250658
750 -29.039464 91.265507 165.250658
751 -28.929924 91.737864 166.133260
761 -27.911666 95.728462 168.894346
762 -27.801963 96.195414 168.894346
763 -27.796215 96.673067 169.922629
764 -27.860013 97.148641 169.922629
765 -27.920151 97.624795 171.375436
766 -27.939109 97.858955 171.375436
767 -27.970577 98.282779 172.330670
768 -27.985146 98.517299 172.330670
769 -28.014495 98.941270 173.365337
770 -28.039719 99.415509 173.365337
771 -28.075124 99.894078 173.365337
783 -28.252023 105.287140 179.535456
784 -28.291962 105.699761 179.535456
785 -28.363644 105.907624 179.535456
786 -28.465651 106.375694 180.530828
787 -28.472869 106.560382 180.530828
788 -28.478547 107.000345 180.530828
789 -28.484083 107.460304 181.507300
790 -28.479813 107.627749 181.507300
791 -28.487426 108.217679 182.521724
792 -28.508446 108.602084 182.521724
793 -28.508126 108.847084 182.521724
806 -29.437848 113.263406 187.463330
807 -29.547044 113.342752 187.463330
808 -29.811512 113.651275 188.191870
809 -30.002601 114.192897 188.191870
810 -30.080544 114.661396 188.789036
811 -30.201720 115.182286 188.789036
812 -30.370608 115.636844 189.306999
813 -30.562086 116.114921 189.306999
814 -30.650735 116.288273 190.281318
815 -30.869542 116.675760 190.281318
816 -31.097218 117.159331 191.102956
840 -31.346385 124.532948 198.425049
841 -31.346385 124.532948 198.425049
842 -31.346385 124.532948 198.425049
843 -31.387853 124.509618 198.425049
844 -31.483575 124.558926 198.425049
845 -31.539544 124.788633 198.425049
846 -31.510752 125.257025 198.425049
847 -31.473202 125.533858 198.425049
848 -31.367017 125.814244 198.425049
849 -31.278740 126.310636 198.425049
850 -31.261073 126.584886 198.425049
865 -30.137362 131.953089 198.489748
866 -30.136517 132.068086 198.489748
867 -30.145010 132.127410 198.489748
868 -30.195700 132.216328 198.489748
869 -30.483547 132.310204 198.489748
870 -31.075345 132.283260 198.467982
871 -31.721595 132.243685 198.467982
872 -32.368751 132.248078 198.489748
873 -33.011821 132.297265 198.489748
874 -33.654271 132.354549 198.489748
875 -34.297699 132.426576 198.489748
