6 -49.500000 113.000000 0.000000
7 -49.511656 112.857981 17.557050
8 -49.490972 112.439410 17.557050
9 -49.324747 112.031483 17.557050
10 -48.943179 111.738672 17.557050
11 -48.701217 111.607998 20.335438
12 -48.181870 111.349845 20.335438
13 -47.527748 111.067533 20.335438
14 -46.988644 110.840425 21.875329
15 -46.389898 110.593955 21.875329
16 -45.789286 110.345473 22.766862
17 -45.190504 110.099233 23.930107
18 -44.592923 109.863325 23.930107
19 -43.959891 109.745083 24.762270
20 -43.398517 109.890734 25.838151
21 -42.790671 110.266562 26.604699
22 -42.168755 110.618141 26.604699
23 -41.630694 110.847380 27.308058
24 -41.017590 111.062908 27.308058
25 -40.397674 111.258352 28.022313
26 -39.812097 111.428821 28.879232
27 -39.456267 111.510011 28.879232
28 -39.217817 111.565944 28.935273
29 -38.795172 111.538259 28.935273
30 -38.155036 111.233950 28.935273
31 -37.556762 110.842778 28.935273
32 -37.104217 110.472472 28.935273
33 -36.620560 110.038253 28.935273
34 -36.149809 109.597348 28.935273
35 -35.625957 109.235628 32.805641
36 -35.069940 109.077291 32.805641
37 -34.361698 109.040447 32.856203
38 -33.652537 109.072722 32.856203
39 -33.072208 109.122783 32.919448
40 -32.427631 109.123917 32.919448
41 -31.777886 109.123876 32.919448
42 -31.130069 109.174398 32.919448
43 -30.495251 109.287429 32.919448
44 -29.857507 109.413035 32.957701
45 -29.288593 109.537791 33.755741
46 -28.592955 109.703042 33.755741
47 -27.900673 109.881451 33.473125
48 -27.343314 110.058413 33.473125
49 -26.730952 110.275928 33.473125
50 -26.111475 110.472237 33.891740
51 -26.111475 110.472237 33.891740
52 -26.067483 110.406272 33.891740
53 -26.129617 110.059875 33.891740
54 -26.589057 109.687119 33.891740
55 -27.126980 109.331294 33.891740
56 -27.565948 108.912592 33.891740
57 -27.813943 108.453859 33.891740
58 -27.866967 108.190316 33.891740
59 -27.838301 107.786777 33.891740
60 -27.789974 107.351961 33.891740
61 -27.731996 107.047498 33.891740
62 -27.716381 106.953793 33.891740
63 -27.716381 106.953793 34.112315
64 -27.773332 106.970549 34.135173
65 -27.875639 107.127693 34.135173
66 -27.760311 107.332473 34.135173
67 -27.306556 107.458042 34.242810
68 -26.730592 107.473100 34.242810
69 -26.023685 107.407708 34.242810
70 -25.311726 107.409212 34.242810
71 -24.731884 107.482366 34.242810
72 -23.967719 107.623808 34.242810
73 -23.905709 107.631621 34.242810
74 -23.859694 107.669910 34.242810
75 -23.815316 107.736138 34.242810
76 -23.807311 107.764536 34.242810
77 -23.823199 107.826928 34.242810
78 -23.986286 107.960155 34.242810
79 -24.498345 107.972091 34.242810
80 -25.075432 107.880401 34.242810
81 -25.709764 107.784278 34.242810
82 -26.353415 107.818147 34.242810
83 -27.097795 107.961707 34.242810
84 -27.192383 107.993767 34.242810
85 -27.267599 108.021011 34.242810
86 -27.309461 108.048235 34.242810
87 -27.332350 108.080930 34.242810
88 -27.377966 108.158488 34.242810
89 -27.386295 108.176671 34.242810
90 -27.386295 108.176671 34.242810
91 -27.386295 108.176671 34.242810
92 -27.463760 108.097324 34.242810
93 -27.473405 107.664476 34.242810
94 -27.369195 107.188739 34.242810
95 -27.357655 107.163784 34.242810
96 -27.357655 107.163784 34.242810
97 -27.357655 107.163784 34.242810
98 -27.267592 107.295040 34.242810
99 -27.336623 107.780359 34.242810
100 -27.499053 108.279579 34.242810
101 -27.545939 108.463694 34.242810
102 -27.638026 108.923975 34.242810
103 -27.659431 109.353142 34.242810
104 -27.640405 109.747682 34.242810
105 -27.633709 110.272600 34.242810
106 -27.622297 110.662398 34.242810
107 -27.635005 110.824288 34.242810
108 -27.674872 111.264820 34.242810
109 -27.681306 111.695928 34.242810
110 -27.665793 111.930413 34.242810
111 -27.660805 112.430233 34.242810
112 -27.676323 112.854937 34.242810
113 -27.705914 113.077970 34.242810
114 -27.741732 113.516485 34.242810
115 -27.892929 114.089965 34.242810
116 -28.231000 114.722422 34.242810
117 -28.409848 115.088283 34.242810
118 -28.479986 115.497455 34.242810
119 -28.352155 116.050448 34.242810
120 -28.115615 116.503551 34.242810
121 -27.925592 116.760493 34.242810
122 -27.733761 117.040851 34.242810
123 -27.396267 117.619546 34.242810
124 -26.995261 118.187073 34.242810
125 -26.668467 118.537803 34.242810
126 -26.384208 118.782343 34.242810
127 -26.372716 118.791984 34.242810
128 -26.372716 118.791984 34.242810
129 -26.329666 118.731405 34.242810
130 -26.405516 118.340094 34.242810
131 -26.710934 117.868160 34.242810
132 -27.111226 117.584909 34.242810
133 -27.083409 117.596143 34.242810
134 -27.043131 117.625622 34.242810
135 -27.043131 117.625622 34.242810
136 -27.043131 117.625622 34.242810
137 -27.056309 117.673854 34.242810
138 -27.056309 117.673854 34.242810
139 -27.056309 117.673854 34.242810
140 -27.056309 117.673854 34.242810
141 -27.056309 117.673854 34.242810
142 -27.056309 117.673854 34.242810
143 -27.048597 117.712951 34.242810
144 -27.071841 117.800844 34.242810
145 -27.294973 117.904246 34.242810
146 -27.810561 117.673204 34.242810
147 -28.019099 117.295397 34.242810
148 -28.133703 116.765905 34.242810
149 -28.187923 116.604795 34.242810
150 -28.397142 116.201197 34.242810
151 -28.598885 115.659034 34.242810
152 -28.638565 115.231423 34.242810
153 -28.620368 115.012310 34.242810
154 -28.581569 114.503972 34.242810
155 -28.572983 113.944144 34.242810
156 -28.582804 113.519258 34.242810
157 -28.586410 113.349296 34.242810
158 -28.594644 112.899373 34.242810
159 -28.598646 111.994388 34.242810
160 -28.599339 111.834391 34.242810
161 -28.650633 111.392455 34.242810
162 -28.675288 111.209109 34.242810
163 -28.706087 110.740285 34.242810
164 -28.693256 110.190652 34.242810
165 -28.670328 109.816411 34.242810
166 -28.659501 109.541629 34.242810
167 -28.637148 109.022110 34.242810
168 -28.633227 108.632137 34.242810
169 -28.593826 108.195843 34.242810
170 -28.602963 107.753472 34.242810
171 -28.603873 107.595975 34.242810
172 -28.628906 107.113015 34.242810
173 -28.669906 106.881648 34.242810
174 -28.698912 106.382965 34.242810
175 -28.681870 105.863275 34.242810
176 -28.645945 105.474967 34.242810
177 -28.648431 105.279983 34.877644
178 -28.642188 104.810084 34.877644
179 -28.622180 104.250505 34.877644
180 -28.610458 103.825694 35.779464
181 -28.518465 103.324401 36.601231
182 -28.506695 103.215039 36.601231
183 -28.518375 102.725605 36.601231
184 -28.590845 102.271535 36.601231
185 -28.597370 101.757390 37.520262
186 -28.546843 101.564422 37.520262
187 -28.325753 101.116329 38.258203
188 -28.054506 100.643646 38.258203
189 -27.950009 100.509600 38.690698
190 -27.710700 100.135111 38.690698
191 -27.408812 99.642904 38.690698
193 -26.680772 98.792263 39.524297
193 -26.636473 98.744696 39.524297
194 -26.211339 98.343672 39.524297
195 -25.590688 97.992936 39.668250
196 -24.935874 97.705835 39.668250
197 -24.408177 97.453385 39.668250
198 -23.829566 97.157432 39.668250
199 -23.266645 96.832636 39.668250
200 -22.730626 96.465257 39.668250
201 -22.255983 96.123323 39.668250
202 -21.772484 95.776551 39.668250
204 -21.431702 95.539721 39.668250
205 -21.419308 95.531272 39.668250
206 -21.401459 95.540252 39.668250
207 -21.292677 95.741176 39.668250
208 -21.453096 96.208951 39.668250
209 -21.923514 96.549407 39.668250
210 -22.593310 96.798203 40.632131
211 -23.278516 97.002386 40.632131
212 -23.836674 97.177514 40.632131
213 -24.439064 97.420710 40.632131
214 -25.010004 97.730919 40.632131
216 -26.233993 98.587239 40.632131
217 -26.788546 98.893524 40.632131
218 -27.360105 98.881644 40.632131
219 -27.943563 98.601990 40.632131
220 -28.479020 98.234021 40.632131
221 -28.954351 97.893037 40.966451
222 -29.569235 97.529037 41.578481
223 -30.207589 97.207111 41.578481
224 -30.738827 96.962268 42.022971
225 -31.292865 96.632966 42.408609
226 -31.866374 96.335617 42.408609
228 -33.470745 96.220434 42.528227
229 -33.545371 96.227908 42.528227
230 -33.597146 96.189211 42.528227
231 -33.701300 95.884274 42.528227
232 -33.438494 95.384905 42.528227
233 -32.847498 95.198618 42.528227
234 -32.737965 95.219257 42.528227
235 -32.582027 95.318393 42.528227
236 -32.070498 95.375758 42.528227
237 -31.523627 94.959512 42.528227
238 -31.405824 94.615530 42.528227
241 -31.293938 93.626127 43.909567
242 -31.278967 93.171726 43.909567
243 -31.325168 92.941339 44.592041
244 -31.374045 92.439118 44.592041
245 -31.368915 92.132239 44.592041
246 -31.297789 91.835678 45.173555
247 -31.200323 91.378635 45.173555
248 -31.112416 90.870153 46.347062
249 -30.984013 90.472283 46.347062
250 -30.861414 90.226134 47.226794
251 -30.673556 89.758151 47.226794
254 -30.470231 88.344447 48.209648
255 -30.397372 87.860050 48.209648
256 -30.314772 87.603457 49.282960
257 -30.164172 87.222174 49.282960
258 -29.893299 86.661740 50.267784
259 -29.823068 86.558360 50.267784
260 -29.554519 86.172670 51.253977
261 -29.261191 85.641698 51.253977
262 -29.057334 85.145710 51.253977
263 -29.008602 84.982882 51.900387
264 -28.871837 84.548966 51.900387
267 -28.324991 83.488032 53.885528
268 -28.274525 83.348365 53.885528
269 -28.417072 82.965438 53.885528
270 -28.800896 82.551524 54.432804
271 -29.340982 82.192937 54.432804
272 -29.911131 81.886081 54.432804
273 -30.450691 81.524459 55.267442
274 -30.946383 81.104364 55.714003
275 -31.414165 80.653122 55.714003
276 -31.827448 80.239090 55.954000
277 -32.338471 79.739015 55.954000
280 -34.164722 78.076679 57.250067
281 -34.298913 77.992708 57.250067
282 -34.671291 78.033597 57.250067
283 -35.261980 78.221020 57.250067
284 -35.808722 78.421911 57.250067
285 -36.487053 78.647657 57.250067
286 -37.173223 78.839282 57.250067
287 -37.738562 78.979541 57.250067
288 -38.369512 79.124941 57.250067
289 -39.002288 79.273570 57.250067
290 -39.634628 79.423994 57.250067
295 -42.572281 80.249259 57.250067
296 -42.634795 80.267062 57.250067
297 -42.684348 80.221821 57.250067
298 -42.741093 79.898734 57.250067
299 -42.485601 79.378684 57.250067
300 -42.132561 78.863139 57.250067
301 -41.769816 78.351377 57.250067
302 -41.563610 78.017541 57.250067
303 -41.460411 77.789840 57.250067
304 -41.227326 77.264213 57.250067
305 -41.091694 76.966220 57.250067
311 -40.395937 75.237084 57.250067
312 -40.390743 75.210079 57.250067
313 -40.502577 75.107692 57.250067
314 -40.830422 75.157468 57.250067
315 -40.980223 75.341376 57.250067
316 -41.117128 75.641406 57.250067
317 -41.248261 76.029819 57.250067
318 -41.322051 76.204578 57.250067
319 -41.500612 76.362435 57.250067
320 -41.992475 76.502075 57.250067
321 -42.639082 76.522341 57.250067
327 -44.238874 74.675922 57.250067
328 -44.232130 74.649261 57.250067
329 -44.352934 74.527750 57.250067
330 -44.704809 74.571396 57.250067
331 -44.981050 75.129988 57.250067
332 -44.918068 75.569636 57.250067
333 -44.914864 76.087347 57.250067
334 -45.111833 76.648763 57.250067
335 -45.414741 77.116158 57.250067
336 -45.716482 77.608396 57.250067
337 -46.021368 78.138171 57.250067
343 -47.140944 80.299299 57.250067
344 -47.267431 80.479023 57.250067
345 -47.522236 80.831524 57.250067
346 -47.825346 81.363244 57.250067
347 -47.894019 81.592784 57.250067
348 -47.990950 81.949827 57.250067
349 -48.080357 82.199131 57.250067
350 -48.242445 82.418577 57.250067
351 -48.682130 82.609076 57.250067
352 -49.266848 82.702171 56.989913
353 -49.910860 82.736537 56.989913
359 -53.719022 82.820862 56.989913
360 -53.727908 82.825449 56.989913
361 -53.770133 82.890596 56.989913
362 -53.713471 83.022945 56.989913
363 -53.376292 83.148619 56.989913
364 -52.782773 83.170397 56.989913
365 -52.086557 83.048815 56.989913
366 -51.513452 82.931536 56.989913
367 -50.873860 82.831353 56.989913
368 -50.231234 82.752124 56.989913
369 -49.585927 82.674316 56.989913
376 -45.472277 81.794017 56.989913
377 -44.911803 81.635448 56.989913
378 -44.238742 81.395106 56.989913
379 -43.586007 81.109616 56.989913
380 -43.028903 80.932394 56.989913
381 -42.392163 80.836310 56.989913
382 -41.744952 80.832204 56.989913
383 -41.098105 80.861058 56.989913
384 -40.453300 80.870022 56.989913
385 -39.868692 80.849410 56.989913
386 -39.159888 80.808219 56.989913
392 -35.038538 80.172673 56.989913
393 -34.417929 79.995984 56.989913
394 -33.706752 80.042164 56.989913
395 -33.140715 80.186641 56.989913
396 -32.538899 80.431583 56.989913
397 -31.904187 80.759890 56.989913
398 -31.422664 81.091234 56.989913
399 -30.945404 81.531927 56.989913
400 -30.512786 82.003490 56.989913
401 -30.080442 82.475371 56.989913
402 -29.680781 82.958873 56.989913
409 -26.658510 86.082331 56.989913
410 -26.023011 86.190156 56.989913
411 -25.376996 86.231266 56.989913
412 -24.729782 86.216042 56.989913
413 -24.149614 86.164714 56.989913
414 -23.439208 86.083835 56.989913
415 -22.732352 85.994378 56.989913
416 -22.155256 85.936847 56.989913
417 -21.508640 85.904300 56.989913
418 -20.925390 85.861566 56.989913
419 -20.925390 85.861566 56.989913
426 -20.715465 83.538610 56.989913
427 -20.715465 83.538610 56.989913
428 -20.653981 83.571150 56.989913
429 -20.557383 83.739063 56.989913
430 -20.660731 84.128441 56.989913
431 -21.004803 84.321276 56.989913
432 -20.947896 84.313038 56.989913
433 -20.878618 84.303010 56.989913
434 -20.912475 84.294140 56.989913
435 -21.164668 84.265279 56.989913
436 -21.478969 84.440220 56.989913
443 -17.978390 85.760764 56.989913
444 -17.396333 85.775487 56.989913
445 -16.758237 85.850011 56.989913
446 -16.113249 85.905771 56.989913
447 -15.465912 85.914242 56.989913
448 -14.817609 85.869307 56.989913
449 -14.175161 85.771559 56.989913
450 -13.536228 85.652170 56.989913
451 -12.838967 85.505896 56.989913
452 -12.270545 85.378776 56.989913
453 -11.639889 85.232320 56.989913
460 -9.663761 84.727402 56.989913
461 -9.663761 84.727402 56.989913
462 -9.669598 84.719282 56.989913
463 -9.865107 84.657864 56.989913
464 -10.346407 84.711513 56.989913
465 -10.964762 84.893787 56.989913
466 -11.514297 85.094096 56.989913
467 -12.178045 85.359886 56.989913
468 -12.836879 85.617553 56.989913
469 -13.384588 85.800205 56.989913
470 -14.014116 85.937958 56.989913
478 -18.793761 85.746960 56.989913
479 -19.377688 85.770711 56.989913
480 -20.082367 85.857401 56.989913
481 -20.659635 85.913206 56.989913
482 -21.306289 85.945055 56.989913
483 -21.953694 85.946452 56.989913
484 -22.600811 85.924259 56.989913
485 -23.248021 85.911861 56.989913
486 -23.892138 85.975917 56.989913
487 -24.597684 86.054815 56.989913
488 -25.181723 86.085621 56.989913
495 -27.724929 84.363439 56.989913
496 -27.701934 83.876433 56.989913
497 -27.775162 83.601757 56.989913
498 -27.887616 83.207776 56.989913
499 -27.929562 82.843761 56.989913
500 -27.904961 82.564868 56.989913
501 -27.885007 82.135339 56.989913
502 -27.892589 81.922975 56.989913
503 -27.900091 81.458046 56.989913
504 -27.894759 81.003194 56.989913
505 -27.858577 80.677770 56.989913
512 -27.824903 77.998593 58.698298
513 -27.820938 77.989413 58.698298
514 -27.665781 77.853052 58.698298
515 -27.254896 77.813832 58.698298
516 -26.630177 77.973888 59.182516
517 -25.996687 78.106048 59.515462
518 -25.353700 78.153211 59.515462
519 -24.771611 78.135917 59.515462
520 -24.065479 78.062680 59.515462
521 -23.360705 77.976717 59.515462
522 -22.781709 77.913006 59.515462
530 -17.878368 77.580763 60.346418
531 -17.295306 77.534727 60.346418
532 -16.656561 77.415364 61.873825
533 -16.088993 77.273923 61.873825
534 -15.408550 77.055212 65.249139
535 -14.803727 76.817540 66.047333
536 -14.207968 76.557783 66.047333
537 -13.617072 76.287084 66.554115
538 -13.018313 76.034153 66.554115
539 -12.427791 75.762987 66.554115
540 -11.865194 75.438343 66.681708
548 -10.707580 74.530386 66.681708
549 -10.707580 74.530386 66.681708
550 -10.730725 74.504293 66.681708
551 -10.999681 74.467655 66.681708
552 -11.542631 74.597156 66.681708
553 -12.113321 74.906649 66.681708
554 -12.604201 75.224630 66.681708
555 -13.198340 75.621748 66.681708
556 -13.836857 75.943142 66.681708
557 -14.360900 76.203133 66.681708
558 -14.949050 76.479840 66.681708
567 -20.531019 77.625478 66.681708
568 -21.107794 77.686250 66.681708
569 -21.752104 77.750187 66.681708
570 -22.395151 77.800294 66.681708
571 -22.976752 77.832222 66.681708
572 -23.688742 77.859186 66.681708
573 -24.335667 77.886447 66.681708
574 -24.982192 77.921670 66.681708
575 -25.625432 77.969117 66.681708
576 -26.269736 78.033002 66.681708
577 -26.910295 78.108538 66.681708
586 -32.707884 78.581388 66.527966
587 -33.287163 78.642396 66.527966
588 -33.993144 78.717482 66.527966
589 -34.574764 78.748400 66.527966
590 -35.219566 78.764360 66.527966
591 -35.866574 78.789259 66.527966
592 -36.511099 78.814008 66.527966
593 -37.158135 78.838512 66.527966
594 -37.804693 78.872901 66.527966
595 -38.386138 78.907940 66.527966
596 -39.095147 78.945432 66.527966
605 -44.970754 79.315644 66.527966
606 -45.550994 79.365540 66.527966
607 -46.192656 79.431044 66.527966
608 -46.838416 79.477813 66.527966
609 -47.485243 79.507323 66.527966
610 -48.062293 79.529981 66.527966
611 -48.772036 79.549038 66.527966
612 -49.484291 79.567756 66.527966
613 -50.066601 79.582614 66.527966
614 -50.710646 79.616122 66.527966
615 -51.354803 79.647970 66.527966
624 -55.507160 77.909142 66.527966
625 -55.507160 77.909142 66.527966
626 -55.446838 77.850384 66.527966
627 -55.098560 77.819056 66.527966
628 -54.549247 78.071139 66.527966
629 -54.002955 78.422252 66.527966
630 -53.474231 78.800029 66.527966
631 -52.867481 79.178267 66.527966
632 -52.362612 79.473348 66.527966
633 -51.754603 79.691889 66.527966
634 -51.113262 79.772208 66.527966
643 -45.147492 78.946909 66.527966
644 -44.507127 78.873530 66.527966
645 -43.925224 78.847157 66.527966
646 -43.215075 78.789906 66.527966
647 -42.507795 78.704062 66.527966
648 -41.931589 78.618676 66.527966
649 -41.288747 78.522506 66.527966
650 -40.646942 78.419676 66.527966
651 -40.007252 78.319426 66.527966
652 -39.374027 78.196861 66.527966
653 -38.735674 78.074423 66.527966
662 -32.778923 76.864153 66.527966
663 -32.198074 76.572803 66.527966
664 -31.710989 76.250070 66.527966
665 -31.222308 75.730404 66.527966
666 -30.824805 75.181903 66.527966
667 -30.506169 74.710813 66.527966
668 -30.241057 74.281054 66.681708
669 -29.936692 73.805166 66.681708
670 -29.784858 73.582086 66.681708
671 -29.605803 73.322968 66.681708
672 -29.243223 72.777478 66.681708
682 -27.017112 69.282284 66.681708
683 -26.817305 69.110563 66.681708
684 -26.543152 69.029761 66.819535
685 -26.057861 69.064567 66.819535
686 -25.373383 69.262331 66.956779
687 -24.677061 69.410481 66.956779
688 -24.095687 69.437727 66.956779
689 -23.453642 69.414026 66.956779
690 -22.984038 69.394724 66.956779
700 -22.666787 69.393490 66.956779
701 -22.666787 69.393490 66.956779
702 -22.677031 69.376342 66.956779
703 -22.933010 69.303118 66.956779
704 -23.534105 69.387116 66.956779
705 -24.104346 69.517318 66.956779
706 -24.737365 69.664759 66.956779
707 -25.374492 69.779758 66.956779
708 -26.016823 69.879186 66.956779
709 -26.595196 69.965926 66.956779
710 -27.233417 70.266853 66.956779
720 -27.808162 74.044554 66.956779
721 -27.841692 74.560951 66.956779
722 -27.882809 74.741260 66.956779
723 -27.931935 75.263410 66.956779
724 -27.932446 75.403402 66.956779
725 -27.944544 75.828229 66.956779
726 -27.947629 76.128157 66.956779
727 -27.948890 76.508154 66.956779
728 -27.951714 77.033146 66.956779
729 -27.966765 77.212515 66.956779
730 -27.980609 77.617243 66.956779
741 -27.999171 81.522607 66.956779
742 -28.002717 81.849849 66.956779
743 -28.055120 82.140040 66.956779
744 -28.082794 82.609022 66.956779
745 -28.084175 82.983967 66.956779
746 -28.075865 83.288854 66.956779
747 -28.064054 83.748701 66.956779
748 -28.069740 84.143626 66.956779
749 -28.063720 84.438564 66.956779
750 -28.057532 84.938470 66.956779
751 -28.063053 85.128390 66.956779
761 -28.112455 89.099607 66.956779
762 -28.114795 89.464562 66.956779
763 -28.132110 89.778894 66.956779
764 -28.166876 90.106929 66.956779
765 -28.182923 90.661670 66.956779
766 -28.194897 90.901220 66.956779
767 -28.223990 91.214872 66.956779
768 -28.266735 91.773204 66.956779
769 -28.279256 92.027858 66.956779
770 -28.301464 92.397174 66.956779
771 -28.338528 92.915850 66.956779
782 -29.169292 96.639743 66.956779
783 -29.193880 96.853322 66.956779
784 -29.236758 97.366518 66.956779
785 -29.256445 97.781021 66.956779
786 -29.294385 97.966968 66.956779
787 -29.380807 98.428702 66.956779
788 -29.404089 98.712698 66.956779
789 -29.466200 99.137982 66.956779
790 -29.565120 99.597422 66.956779
791 -29.648356 99.773514 66.956779
792 -29.827538 100.136554 66.956779
802 -31.091532 103.808815 66.956779
803 -31.222231 104.127090 66.956779
804 -31.181010 104.707215 66.956779
805 -30.998803 105.172493 66.956779
806 -30.746286 105.638404 66.956779
807 -30.557424 105.999283 66.956779
808 -30.498306 106.205945 66.956779
809 -30.344441 106.655244 66.956779
810 -30.225037 106.975893 66.956779
811 -30.085568 107.189370 66.956779
812 -29.834728 107.704370 66.956779
822 -28.859722 111.920401 66.956779
823 -28.859722 111.920401 66.956779
824 -28.940177 111.996961 66.956779
825 -29.308422 112.022883 66.956779
826 -29.810089 111.665269 66.956779
827 -30.265468 111.206271 66.956779
828 -30.592736 110.745836 66.956779
829 -31.007316 110.185159 66.956779
830 -31.267857 109.855885 66.956779
831 -31.458460 109.671778 66.956779
832 -31.844043 109.308269 66.956779
843 -38.497599 107.732377 66.956779
844 -39.067425 107.600116 66.956779
845 -39.698373 107.443991 66.956779
846 -40.258805 107.276680 66.956779
847 -40.940384 107.060838 66.956779
848 -41.623931 106.851263 66.956779
849 -42.175987 106.657758 66.956779
850 -42.780734 106.419718 66.956779
851 -43.377215 106.161481 66.956779
852 -43.965488 105.885067 66.956779
853 -44.553426 105.607979 66.956779
864 -47.354506 104.124863 66.956779
865 -47.285577 104.075709 66.956779
866 -46.929019 103.988298 66.956779
867 -46.303367 104.142326 66.956779
868 -45.782267 104.407930 66.956779
869 -45.205855 104.708275 66.956779
870 -44.635306 105.013716 66.956779
871 -44.093066 105.367002 66.956779
872 -43.490250 105.598359 66.956779
873 -42.914730 105.683716 66.956779
874 -42.205151 105.689837 66.956779
885 -36.012370 104.265389 66.956779
886 -36.146306 103.759511 66.956779
887 -36.584935 103.393741 66.956779
888 -37.271577 103.218143 66.956779
889 -37.973629 103.096609 66.956779
890 -38.547402 102.996158 66.956779
891 -39.142534 102.921159 66.956779
892 -39.486199 102.890839 66.956779
903 -39.692841 102.871988 66.956779
904 -39.571668 102.803209 66.956779
905 -39.229070 102.764435 66.956779
906 -38.622422 102.877556 66.956779
907 -37.988709 103.022058 66.956779
908 -37.351288 103.149266 66.956779
909 -36.778284 103.267023 66.956779
910 -36.079016 103.414394 66.956779
911 -35.422094 103.693673 66.956779
912 -34.928123 104.005984 66.956779
913 -34.429441 104.418958 66.956779
924 -31.391699 103.699809 66.956779
925 -31.236252 103.182686 66.956779
926 -31.079402 102.686941 66.956779
927 -30.946057 102.241643 66.956779
928 -30.903802 101.998109 66.956779
929 -30.854636 101.591098 66.956779
930 -30.843615 101.316921 66.956779
931 -30.879789 100.993963 66.956779
932 -30.907196 100.444744 66.956779
933 -30.897878 100.267743 66.956779
934 -30.875408 99.923571 66.956779
945 -30.854076 95.593972 66.956779
946 -30.884030 95.135125 66.956779
947 -30.934605 94.958243 66.956779
948 -31.037308 94.598282 66.956779
949 -31.086723 94.050996 66.956779
950 -31.073018 93.621620 66.956779
951 -31.061497 93.117149 66.956779
952 -31.052377 92.965146 66.956779
953 -31.024790 92.531225 66.956779
954 -31.021719 92.211296 66.956779
955 -31.027592 91.871347 66.956779
967 -31.116204 87.270035 66.956779
968 -31.135644 86.811713 66.956779
969 -31.161555 86.618442 66.956779
970 -31.200187 86.145141 66.956779
971 -31.199755 85.915142 66.956779
972 -31.200898 85.505148 66.956779
973 -31.202815 85.012652 66.956779
974 -31.221510 84.458001 66.956779
975 -31.239449 84.268861 66.956779
976 -31.262556 83.854514 66.956779
977 -31.278265 83.349772 66.956779
988 -34.941527 79.536419 66.956779
989 -35.501647 79.367695 66.956779
990 -36.132390 79.210740 66.956779
991 -36.761097 79.045973 66.956779
992 -37.322813 78.882592 66.956779
993 -38.012073 78.692524 66.956779
994 -38.695204 78.481975 66.956779
995 -39.251132 78.299866 66.956779
996 -39.864360 78.084582 66.956779
997 -40.466184 77.839016 66.956779
998 -41.066006 77.588615 66.956779
1009 -45.819716 73.408182 66.956779
1010 -46.086736 72.922057 66.956779
1011 -46.430205 72.406053 66.956779
1012 -46.594659 72.146553 66.956779
1013 -46.740556 71.817459 66.956779
1014 -47.033071 71.242617 66.956779
1015 -47.127942 71.078652 66.956779
1016 -47.310135 70.846670 66.956779
1017 -47.615283 70.438463 66.956779
1018 -47.869801 69.940621 66.956779
1019 -47.958904 69.745113 66.956779
1030 -50.272071 65.831051 66.956779
1031 -50.281916 65.813642 66.956779
1032 -50.281916 65.813642 66.956779
1033 -50.161249 65.757595 66.956779
1034 -49.727056 65.897878 66.956779
1035 -49.341036 66.405330 66.956779
1036 -49.190065 66.783619 66.956779
1037 -48.932482 67.341728 66.956779
1038 -48.662180 67.767845 66.956779
1039 -48.353324 68.228885 66.956779
1040 -48.107414 68.666843 66.956779
1052 -45.886293 72.491991 66.956779
1053 -45.654804 72.900971 66.956779
1054 -45.478924 73.306821 66.956779
1055 -45.353889 73.481600 66.956779
1056 -45.074657 73.890033 66.956779
1057 -44.862864 74.284087 66.956779
1058 -44.771393 74.527429 66.956779
1059 -44.567646 75.005702 66.956779
1060 -44.321841 75.429212 66.956779
1061 -44.321841 75.429212 66.956779
1062 -44.187315 75.515827 66.956779
1073 -39.947080 77.602279 66.956779
1074 -39.391227 77.784601 66.956779
1075 -38.772809 77.984735 66.956779
1076 -38.152913 78.180242 66.956779
1077 -37.596698 78.361458 66.956779
1078 -36.927357 78.612476 66.956779
1079 -36.266165 78.884584 66.956779
1080 -35.722415 79.100320 66.956779
1081 -35.110049 79.318124 66.956779
1082 -34.494935 79.528155 66.956779
1083 -33.831137 79.793568 66.956779
1095 -30.634413 83.741639 66.956779
1096 -30.606811 83.883920 66.956779
1097 -30.601667 84.360247 66.956779
1098 -30.654745 84.935209 66.956779
1099 -30.661786 85.355009 66.956779
1100 -30.613629 85.777201 66.956779
1101 -30.557839 85.994553 66.956779
1102 -30.419749 86.412312 66.956779
1103 -30.310787 86.764570 66.956779
1104 -30.180637 87.018088 66.956779
1105 -30.018093 87.420853 66.956779
1116 -29.689011 92.031033 66.956779
1117 -29.703297 92.290263 66.956779
1118 -29.755522 92.641290 66.956779
1119 -29.779984 93.195566 66.956779
1120 -29.770261 93.342745 66.956779
1121 -29.755844 93.777400 66.956779
1122 -29.769574 93.971403 66.956779
1123 -29.820740 94.382902 66.956779
1124 -29.835592 94.992661 66.956779
1125 -29.831291 95.127592 66.956779
1126 -29.829713 95.552532 66.956779
1138 -30.093938 100.101294 66.956779
1139 -30.196858 100.440979 66.956779
1140 -30.251913 100.750687 66.956779
1141 -30.233586 101.059791 66.956779
1142 -30.191723 101.482696 66.956779
1143 -30.136221 101.866007 66.956779
1144 -30.095396 102.309021 66.956779
1145 -30.039808 102.661656 66.956779
1146 -29.923343 102.916181 66.956779
1147 -29.729964 103.360168 66.956779
1148 -29.654554 103.655298 66.956779
1160 -29.147891 108.222545 66.956779
1161 -29.151480 108.692432 66.956779
1162 -29.201782 108.880577 66.956779
1163 -29.284119 109.387890 66.956779
1164 -29.285556 109.862615 66.956779
1165 -29.258349 110.017702 66.956779
1166 -29.205985 110.439273 66.956779
1167 -29.179623 110.936061 67.016790
1168 -29.178671 111.313560 67.016790
1169 -29.165534 111.748303 67.016790
1170 -29.165479 112.145705 67.016790
1181 -28.560860 116.543455 67.016790
1182 -28.551465 116.787393 67.016790
1183 -28.648107 117.065273 67.016790
1184 -29.030944 117.531948 67.016790
1185 -29.676623 117.824097 67.016790
1186 -30.229032 118.016619 67.016790
1187 -30.836846 118.246920 67.016790
1188 -31.516641 118.458952 67.016790
1189 -32.083915 118.578910 67.016790
1190 -32.784600 118.721140 67.016790
1191 -33.355265 118.837844 67.016790
1203 -40.679302 120.544111 67.016790
1204 -41.302028 120.712069 67.016790
1205 -41.868224 120.848893 67.016790
1206 -42.496514 121.005380 67.016790
1207 -43.126723 121.164481 67.016790
1208 -43.693995 121.307369 67.016790
1209 -44.382969 121.498175 67.016790
1210 -45.059917 121.728078 67.016790
1211 -45.606467 121.936633 67.016790
1212 -46.205965 122.187813 67.016790
1213 -46.796541 122.459248 67.016790
1225 -48.374661 123.057896 67.016790
1226 -48.240071 122.916794 67.016790
1227 -47.891139 122.618368 67.016790
1228 -47.305305 122.373623 67.016790
1229 -46.674620 122.227227 67.016790
1230 -45.979104 122.061681 67.016790
1231 -45.417375 121.898832 67.016790
1232 -44.808870 121.670412 67.016790
1233 -44.209330 121.432841 67.016790
1234 -43.580568 121.282010 67.016790
1235 -42.938119 121.228916 67.016790
1247 -35.188164 121.634957 67.016790
1248 -34.542220 121.679529 67.016790
1249 -33.959563 121.731487 67.016790
1250 -33.252323 121.817087 67.016790
1251 -32.545918 121.927562 67.016790
1252 -31.971333 122.036911 67.016790
1253 -31.337266 122.179825 67.016790
1254 -30.714200 122.364473 67.016790
1255 -30.105314 122.591835 67.016790
1256 -29.504430 122.839684 67.016790
1257 -28.908412 123.098996 67.016790
1269 -21.461069 124.512175 67.016790
1270 -21.429877 124.519145 67.016790
1271 -21.345259 124.618600 67.016790
1272 -21.349817 125.048672 67.016790
1273 -21.815908 125.545955 67.016790
1274 -22.360339 125.749411 67.016790
1275 -22.992260 125.901524 67.016790
1276 -23.615634 126.085412 67.016790
1277 -24.231598 126.292931 67.016790
1278 -24.784442 126.484188 67.016790
1279 -25.447051 126.752452 67.016790
1292 -28.002871 131.686195 67.016790
1293 -28.040787 131.775895 67.016790
1294 -28.102781 131.866643 67.016790
1295 -28.171583 131.923969 67.016790
1296 -28.548240 131.993777 67.016790
1297 -29.222420 131.961126 67.016790
1298 -29.804547 131.940662 67.016790
1299 -30.451754 131.941739 67.016790
1300 -31.097162 131.992773 67.016790
1301 -31.740474 132.065788 67.016790
1302 -32.385633 132.144966 67.016790
1315 -41.035324 133.344163 67.016790
1316 -41.035324 133.344163 67.016790
1317 -41.034046 133.376526 67.016790
1318 -40.889673 133.526080 67.016790
1319 -40.422770 133.599983 67.016790
1320 -39.804397 133.562431 67.016790
1321 -39.384581 133.496354 67.016790
1322 -39.376221 133.490866 67.016790
1323 -39.189683 133.374346 67.016790
1324 -38.851388 133.226718 67.016790
1325 -38.472006 133.225929 67.016790
1339 -36.846860 138.569434 67.016790
1340 -36.827123 138.609874 67.016790
1341 -36.827123 138.609874 67.016790
1342 -36.866758 138.657833 67.016790
1343 -36.936239 138.696545 67.016790
1344 -36.997873 138.702061 67.016790
1345 -37.081913 138.649508 67.016790
1346 -37.217068 138.284878 67.016790
1347 -37.196123 137.785623 67.016790
1348 -37.195382 137.598792 67.016790
1349 -37.233304 137.276054 67.016790
1364 -33.052882 134.169744 67.016790
1365 -32.471179 134.145849 67.016790
1366 -31.830444 134.053976 67.016790
1367 -31.195706 133.914422 67.016790
1368 -30.631909 133.758417 67.016790
1369 -29.939986 133.578254 67.016790
1370 -29.249699 133.391943 67.016790
1371 -28.694738 133.207705 67.016790
1372 -28.098699 132.961336 67.016790
1373 -27.484862 132.766557 67.016790
1374 -26.843225 132.684501 67.016790
1389 -20.331904 132.708816 67.016790
1390 -20.331904 132.708816 67.016790
1391 -20.341718 132.691419 67.016790
1392 -20.619976 132.598958 67.016790
1393 -21.182120 132.643445 67.016790
1394 -21.824429 132.723744 67.016790
1395 -22.471550 132.737999 67.016790
1396 -23.119711 132.691440 67.016790
1397 -23.764701 132.611206 67.016790
1398 -24.341999 132.516732 67.016790
1399 -25.042796 132.402806 67.016790
1414 -27.820933 127.476811 67.016790
1415 -27.842221 127.123278 67.016790
1416 -27.903836 126.817209 67.016790
1417 -27.938684 126.539386 67.016790
1418 -27.986922 126.006669 67.016790
1419 -27.997147 125.701984 67.016790
1420 -27.983583 125.417308 67.016790
1421 -27.970468 124.952494 67.016790
1422 -27.975949 124.657777 67.016790
1423 -27.993667 124.333277 67.016790
1424 -27.998962 123.973405 67.016790
1439 -28.270366 117.811825 67.016790
1440 -28.314089 117.434400 67.016790
1441 -28.333624 117.145309 67.016790
1442 -28.357609 116.816688 67.016790
1443 -28.451748 116.305299 67.016790
1444 -28.546343 115.753426 67.016790
1445 -28.577920 115.347335 67.016790
1446 -28.586788 115.015048 67.016790
1447 -28.583566 114.695064 67.016790
1448 -28.576966 114.160108 67.016790
1449 -28.557778 113.740622 67.016790
1465 -28.554664 107.766590 67.016790
1466 -28.565072 107.627097 67.016790
1467 -28.624471 107.206305 67.016790
1468 -28.680891 106.669360 67.016790
1469 -28.689871 106.409599 67.016790
1470 -28.694580 105.969625 67.016790
1471 -28.696885 105.509631 67.016790
1472 -28.688345 105.284793 67.016790
1473 -28.671853 104.790081 67.016790
1474 -28.678230 104.310189 67.016790
1475 -28.682417 104.120235 67.016790
1490 -28.615028 98.381748 67.016790
1491 -28.659413 97.909284 67.016790
1492 -28.755934 97.495469 67.016790
1493 -28.776521 97.319167 67.016790
1494 -28.824006 96.861659 67.016790
1495 -28.851250 96.277370 67.016790
1496 -28.847337 96.087410 67.016790
1497 -28.838067 95.672515 67.016790
1498 -28.817423 95.162973 67.016790
1499 -28.786053 94.653999 67.016790
1500 -28.770559 94.119242 67.016790
1515 -28.766464 88.051541 67.016790
1516 -28.762260 87.797103 67.016790
1517 -28.823568 87.346293 67.016790
1518 -28.901304 86.976969 67.016790
1519 -28.920385 86.747762 67.016790
1520 -28.945139 86.303490 67.016790
1521 -28.942489 86.068505 67.016790
1522 -28.936280 85.558543 67.016790
1523 -28.931106 85.133575 67.016790
1524 -28.941797 84.963914 67.016790
1525 -28.953685 84.514104 67.016790
1540 -28.903538 78.720084 67.016790
1541 -28.919921 78.230655 67.016790
1542 -28.988586 77.770777 67.016790
1543 -29.033310 77.348140 67.016790
1544 -29.080092 76.880759 67.016790
1545 -29.090260 76.598442 67.016790
1546 -29.097494 76.193525 67.016790
1547 -29.068943 75.757136 67.016790
1548 -29.035327 75.509480 67.016790
1549 -29.017837 75.014893 67.016790
1550 -29.014160 74.519955 67.016790
1565 -29.000497 68.609775 67.137845
1566 -29.023814 68.336643 67.137845
1567 -29.102360 67.878364 67.137845
1568 -29.136737 67.515190 67.137845
1569 -29.147630 67.185380 68.084434
1570 -29.150492 66.825431 68.084434
1571 -29.140601 66.545605 68.907258
1572 -29.128570 66.175840 68.907258
1573 -29.139009 65.971107 68.907258
1574 -29.151665 65.436279 69.858501
1575 -29.147783 65.113997 69.858501
1590 -29.096061 59.199717 75.784235
1591 -29.106990 58.952779 75.784235
1592 -29.348054 58.520013 76.800067
1593 -29.870672 58.299418 76.800067
1594 -30.569157 58.190376 76.800067
1595 -31.275281 58.096762 77.488646
1596 -31.846087 57.969020 77.488646
1597 -32.476504 57.810716 77.704892
1598 -33.097454 57.619441 77.650050
1599 -33.702471 57.381972 77.650050
1600 -34.237616 57.145845 77.681209
1617 -39.618892 53.858236 77.650050
1618 -39.432410 53.889217 77.650050
1619 -38.997958 54.080413 77.650050
1620 -38.415740 54.369408 77.704892
1621 -37.831247 54.653766 77.704892
1622 -37.241082 54.926161 77.704892
1623 -36.650015 55.196561 77.704892
1624 -36.125919 55.456432 77.704892
1625 -35.419590 55.787304 77.704892
1626 -34.828913 56.058579 77.704892
1627 -34.296780 56.301589 77.704892
1644 -23.271292 58.793975 78.119974
1645 -23.271292 58.793975 78.119974
1646 -23.220727 58.703977 78.119974
1647 -23.275509 58.578639 78.119974
1648 -23.652147 58.462323 78.119974
1649 -24.290450 58.450470 78.119974
1650 -24.937863 58.444617 78.119974
1651 -25.583751 58.375737 78.119974
1652 -26.157110 58.259983 78.119974
1653 -26.840276 58.069589 78.119974
1654 -27.406930 57.684773 78.119974
1672 -21.994488 52.090231 81.931986
1673 -21.994488 52.090231 81.931986
1674 -21.994488 52.090231 81.931986
1675 -21.932880 52.140085 81.931986
1676 -21.903264 52.192077 81.931986
1677 -21.902735 52.265541 81.931986
1678 -22.029914 52.401690 81.931986
1679 -22.498546 52.483647 81.931986
1680 -23.142005 52.456979 81.982500
1681 -23.785222 52.384536 81.982500
1682 -24.428566 52.416820 81.982500
1701 -36.094208 51.514718 83.631635
1702 -36.741661 51.562529 83.631635
1703 -37.312856 51.686838 83.631635
1704 -37.929219 51.884502 83.631635
1705 -38.536516 52.116180 83.631635
1706 -39.081403 52.329036 83.631635
1707 -39.753577 52.572642 83.631635
1708 -40.432787 52.787740 83.631635
1709 -40.991558 52.960920 83.631635
1710 -41.607575 53.151982 83.631635
1711 -42.225604 53.345073 83.631635
1730 -46.579129 55.064708 83.626373
1731 -46.425816 54.906928 83.626373
1732 -46.007452 54.527767 83.626373
1733 -45.470606 54.167569 83.626373
1734 -44.882640 53.897275 83.626373
1735 -44.269231 53.690729 83.626373
1736 -43.712903 53.526764 83.626373
1737 -43.021935 53.343444 83.626373
1738 -42.328226 53.170544 83.626373
1739 -41.763379 53.018368 83.626373
1740 -41.139395 52.845536 83.626373
1759 -31.455004 48.432899 85.861344
1760 -31.439610 47.933136 85.861344
1761 -31.430685 47.448355 85.861344
1762 -31.381035 47.198424 86.780472
1763 -31.306534 46.759937 86.780472
1764 -31.249466 46.207898 87.894996
1765 -31.175728 45.718556 87.894996
1766 -31.087589 45.458327 87.894996
1767 -30.917304 45.025658 88.913724
1768 -30.754944 44.608771 88.913724
1769 -30.703921 44.430957 89.790257
1789 -30.197547 36.701551 97.868332
1790 -30.210085 36.671635 97.868332
1791 -30.427739 36.557647 97.868332
1792 -30.937645 36.672295 97.868332
1793 -31.548857 36.893214 98.649128
1794 -32.237027 37.065900 98.649128
1795 -32.811307 37.146342 98.649128
1796 -33.456084 37.205589 98.649128
1797 -34.101019 37.263169 98.649128
1798 -34.745341 37.326751 98.649128
1799 -35.454269 37.397884 98.649128
1820 -40.954409 37.941022 98.649128
1821 -40.831784 37.840558 98.649128
1822 -40.558995 37.721882 98.649128
1823 -39.913712 37.723816 98.649128
1824 -39.222953 37.887806 98.649128
1825 -38.653226 37.995600 98.649128
1826 -38.008857 38.056904 98.649128
1827 -37.361689 38.076991 98.649128
1828 -36.779263 38.086149 98.649128
1829 -36.066866 38.098303 98.649128
1830 -35.356970 38.110415 98.649128
1853 -22.000151 39.990476 98.649128
1854 -21.991343 39.995212 98.649128
1855 -21.939676 40.053431 98.649128
1856 -21.942625 40.117024 98.497565
1857 -22.044110 40.219505 98.497565
1858 -22.437563 40.271415 98.497565
1859 -23.051313 40.241767 98.497565
1860 -23.631144 40.186087 98.497565
1861 -24.404348 40.086313 98.605935
1862 -24.971819 39.966488 98.605935
1863 -25.612689 39.875510 98.605935
1886 -35.841305 43.077676 98.497565
1887 -35.773000 42.989240 98.497565
1888 -35.383923 42.933786 98.497565
1889 -34.770496 43.074518 98.497565
1890 -34.174013 43.331462 98.497565
1891 -33.648400 43.588245 98.497565
1892 -33.001772 43.885586 98.497565
1893 -32.307678 44.026876 98.497565
1894 -31.725969 44.055434 98.497565
1895 -31.078790 44.075319 98.497565
1896 -30.431635 44.095261 98.497565
1919 -20.000666 45.628310 98.605935
1920 -20.000666 45.628310 98.605935
1921 -20.000666 45.628310 98.605935
1922 -20.000666 45.628310 98.605935
1923 -20.000666 45.628310 98.605935
1924 -20.001315 45.658233 98.605935
1925 -20.107735 45.778722 98.605935
1926 -20.589069 45.856772 98.605935
1927 -21.297044 45.811895 98.605935
1928 -21.874372 45.717602 98.605935
1929 -22.513510 45.614066 98.605935
1953 -37.718890 43.357177 98.605935
1954 -38.295798 43.276762 98.605935
1955 -39.005811 43.192631 98.605935
1956 -39.581857 43.106627 98.605935
1957 -40.219654 42.981341 98.605935
1958 -40.852253 42.833175 98.605935
1959 -41.413102 42.666855 98.605935
1960 -42.106288 42.492537 98.605935
1961 -42.809120 42.393073 98.605935
1962 -43.390268 42.326384 98.605935
1963 -44.007965 42.142673 98.605935
1987 -47.375815 37.930653 98.605935
1988 -47.375815 37.930653 98.605935
1989 -47.375815 37.930653 98.605935
1990 -47.375815 37.930653 98.605935
1991 -47.336040 37.900736 98.605935
1992 -47.164090 37.891402 98.605935
1993 -46.753604 38.001188 98.605935
1994 -46.133016 38.106044 98.605935
1995 -45.488847 38.134656 98.605935
1996 -44.776811 38.154657 98.605935
1997 -44.199209 38.246314 98.605935
2020 -31.194884 34.868493 98.605935
2021 -31.167953 34.314421 99.111101
2022 -31.169338 33.769441 99.111101
2023 -31.141266 33.395633 99.111101
2024 -31.130429 33.181089 99.203077
2025 -31.106603 32.797146 99.203077
2026 -30.968707 32.219358 99.203077
2027 -30.790678 31.800695 99.203077
2028 -30.720897 31.581919 99.203077
2029 -30.564495 31.091311 99.249637
2030 -30.455181 30.696236 99.249637
2055 -29.699010 21.151108 104.053690
2056 -29.699010 21.151108 104.053690
2057 -29.762347 21.072459 104.355596
2058 -29.853875 21.079748 104.355596
2059 -30.008152 21.353938 104.570983
2060 -30.081781 21.912301 104.570983
2061 -30.050049 22.107296 104.570983
2062 -29.913252 22.351564 104.570983
2063 -29.742888 22.883249 104.570983
2064 -29.753216 23.231769 104.570983
2065 -29.799850 23.553183 104.570983
2092 -30.638549 28.790493 104.613816
2093 -30.638549 28.790493 104.613816
2094 -30.638549 28.790493 104.613816
2095 -30.638549 28.790493 104.613816
2096 -30.638549 28.790493 104.613816
2097 -30.638549 28.790493 104.613816
2098 -30.638549 28.790493 104.613816
2099 -30.638549 28.790493 104.613816
2100 -30.638549 28.790493 104.613816
2101 -30.638549 28.790493 104.613816
2102 -30.638549 28.790493 104.613816
2130 -38.139891 30.868885 104.542481
2131 -38.693737 31.031159 104.542481
2132 -39.335234 31.114464 104.542481
2133 -39.982496 31.112807 104.542481
2134 -40.627678 31.060439 104.542481
2135 -41.270937 30.967446 104.542481
2136 -41.910546 30.884726 104.570983
2137 -42.489172 30.817668 104.570983
2138 -43.196468 30.757245 104.570983
2139 -43.908354 30.728419 104.570983
2140 -44.490190 30.701168 104.570983
2169 -47.819810 30.342124 104.570983
2170 -47.823344 30.332770 104.570983
2171 -47.702253 30.225614 104.570983
2172 -47.325962 30.215475 104.570983
2173 -46.645278 30.341875 104.570983
2174 -45.942963 30.460402 104.570983
2175 -45.364954 30.506943 104.570983
2176 -44.718266 30.539357 104.570983
2177 -44.073889 30.567280 104.570983
2178 -43.426658 30.585904 104.570983
2179 -42.779421 30.604357 104.570983
2208 -29.264897 26.096075 104.570983
2209 -29.061107 25.596137 104.570983
2210 -29.001869 25.374262 104.570983
2211 -28.915878 24.988753 104.570983
2212 -28.761816 24.545470 104.570983
2213 -28.656594 24.313427 104.570983
2214 -28.503919 24.015259 104.570983
2215 -28.254967 23.483233 104.570983
2216 -28.187128 23.303280 104.570983
2217 -28.064195 22.933176 104.570983
2218 -27.813739 22.344690 104.570983
2248 -16.001064 18.410958 111.448869
2249 -16.001064 18.410958 111.448869
2250 -16.008081 18.403834 111.448869
2251 -16.242149 18.347174 111.448869
2252 -16.755175 18.372075 111.551649
2253 -17.395156 18.452356 111.551649
2254 -17.974678 18.510783 111.551649
2255 -18.686196 18.546620 111.551649
2256 -19.396132 18.554418 111.551649
2257 -19.981127 18.551974 111.551649
2258 -20.626116 18.548335 111.551649
2274 -30.633292 18.103201 111.551649
2275 -30.662952 18.121597 111.551649
2276 -30.733348 18.275802 111.551649
2277 -30.586568 18.501245 111.551649
2278 -30.084702 18.623045 111.551649
2279 -29.438353 18.646634 111.551649
2280 -28.788675 18.630776 111.551649
2281 -28.141521 18.687818 111.551649
2282 -27.564319 18.782727 111.551649
2283 -26.864842 18.930028 111.551649
2284 -26.179086 19.132235 111.551649
2312 -22.951866 27.749836 111.551649
2313 -22.943961 27.755961 111.551649
2314 -22.683251 27.763190 111.551649
2315 -22.308239 27.370250 111.551649
2316 -22.023807 26.789924 111.551649
2317 -21.994140 26.653258 111.551649
2318 -21.891764 26.240874 111.551649
2319 -21.664869 25.664997 111.551649
2320 -21.326670 25.146421 111.551649
2321 -20.941131 24.632471 111.551649
2322 -20.574517 24.183258 111.551649
2351 -34.306635 17.897051 111.551649
2352 -34.877129 17.767730 111.551649
2353 -35.639319 17.628214 111.551649
2354 -36.235941 17.383725 111.551649
2355 -36.690994 17.018329 111.551649
2356 -37.128006 16.537373 111.551649
2357 -37.396384 16.208066 111.551649
2358 -37.563014 15.952608 111.551649
2359 -37.893005 15.487961 114.970651
2360 -38.294209 14.979872 114.970651
2361 -38.750382 14.435848 115.059682
2378 -40.064548 12.624597 115.306247
2379 -40.036699 12.489689 115.306247
2380 -40.219174 12.177983 115.306247
2381 -40.737677 11.823706 115.306247
2382 -41.352962 11.636731 115.306247
2383 -41.991407 11.529320 115.306247
2384 -42.695432 11.419778 115.332782
2385 -43.331551 11.299442 115.332782
2386 -43.900894 11.165100 115.332782
2387 -44.525015 10.983747 115.332782
2388 -45.152296 10.813622 115.332782
2420 -49.400640 9.347688 115.332782
2421 -49.400640 9.347688 115.332782
2422 -49.400640 9.347688 115.332782
2423 -49.400640 9.347688 115.332782
2424 -49.400640 9.347688 115.332782
2425 -49.400640 9.347688 115.332782
2426 -49.477766 9.460526 115.332782
2427 -49.778151 9.496518 115.332782
2428 -50.226196 9.212173 115.332782
2429 -50.587521 8.820943 115.332782
2430 -50.733920 8.368840 115.332782
2462 -52.753960 3.193890 115.306247
2463 -52.753960 3.193890 115.306247
2464 -52.753960 3.193890 115.306247
2465 -52.753960 3.193890 115.306247
2466 -52.857865 3.225559 115.306247
2467 -52.964603 3.545151 115.306247
2468 -52.927010 3.869641 115.332782
2469 -52.754347 4.143801 115.332782
2470 -52.456976 4.545748 115.306247
2471 -52.165870 4.955244 115.306247
2472 -51.787175 5.524782 115.332782
2505 -36.363739 16.758579 118.110671
2506 -36.102771 17.051753 118.110671
2507 -36.099383 17.061161 118.110671
2508 -36.049243 17.223585 118.110671
2509 -35.918536 17.466123 118.110671
2510 -35.484301 17.680594 118.110671
2511 -34.906850 17.725632 118.110671
2512 -34.259465 17.715288 118.110671
2513 -33.612249 17.696435 118.110671
2514 -32.965471 17.665876 118.110671
2515 -32.383622 17.638334 118.110671
2548 -10.931362 17.811050 119.225713
2549 -10.903152 17.795057 119.225713
2550 -10.805838 17.543694 121.960037
2551 -10.921321 17.010288 121.960037
2552 -10.994211 16.879619 121.960037
2553 -11.163207 16.556682 121.942817
2554 -11.255126 16.049561 121.942817
2555 -11.209913 15.855177 122.010863
2556 -11.130188 15.392652 122.010863
2557 -11.101348 14.888504 122.450196
2558 -11.094224 14.453626 122.450196
2594 -8.861270 7.185200 128.259778
2595 -8.792585 7.021554 128.259778
2596 -8.938842 6.523893 128.259778
2597 -9.297292 5.933457 128.259778
2598 -9.661792 5.492006 128.259778
2599 -10.047043 4.987478 128.259778
2600 -10.333978 4.512536 128.259778
2601 -10.606384 4.044879 128.259778
2602 -10.701176 3.839729 128.259778
2603 -10.871642 3.428690 128.259778
2604 -11.081503 2.961169 128.259778
2641 -14.554082 -6.217334 132.726526
2642 -14.554082 -6.217334 132.726526
2643 -14.554082 -6.217334 132.726526
2644 -14.554082 -6.217334 132.726526
2645 -14.596431 -6.194575 132.726526
2646 -14.592406 -6.159929 132.726526
2647 -14.381922 -5.993332 132.726526
2648 -13.777925 -5.938605 132.726526
2649 -13.196986 -5.979067 132.726526
2650 -12.553608 -6.023921 132.726526
2651 -11.906213 -6.026187 132.726526
2673 0.645382 -4.462750 140.194760
2674 1.058746 -4.496217 140.194760
2675 1.679295 -4.589102 140.371545
2676 2.313887 -4.717459 140.371545
2677 2.944977 -4.873071 140.371545
2678 3.505696 -5.021308 141.340903
2679 4.205362 -5.153937 141.340903
2680 4.913478 -5.252812 141.873080
2681 5.489768 -5.353301 141.873080
2682 6.125730 -5.487533 142.050592
2683 6.760841 -5.625852 142.050592
2707 11.855860 -7.039650 142.050592
2708 11.855860 -7.039650 142.050592
2709 11.676654 -7.153958 142.050592
2710 11.183988 -7.120426 142.127586
2711 10.614018 -6.990936 142.127586
2712 9.997257 -6.786425 141.965386
2713 9.344913 -6.506388 141.965386
2714 8.685530 -6.236635 141.965386
2715 8.134642 -6.040094 141.965386
2716 7.512976 -5.859054 141.965386
2717 6.885039 -5.701305 141.965386
2761 -12.149899 2.696740 141.965386
2762 -12.139304 2.775946 141.965386
2763 -12.043771 2.907041 141.965386
2764 -11.445292 3.071037 141.965386
2765 -10.869542 3.029337 141.965386
2766 -10.230631 2.924256 141.965386
2767 -9.655576 2.849231 141.965386
2768 -9.009679 2.805178 141.965386
2769 -8.362336 2.799487 141.965386
2770 -7.714417 2.763233 141.965386
2771 -7.078915 2.631065 141.965386
2816 7.472066 0.560484 141.965386
2817 7.642839 1.154574 141.965386
2818 7.935234 1.698875 141.965386
2819 8.241879 2.167252 141.965386
2820 8.606844 2.661911 141.965386
2821 8.940083 3.120886 141.965386
2822 9.256150 3.607139 141.965386
2823 9.413660 3.868069 141.965386
2824 9.547401 4.102496 141.965386
2825 9.863627 4.641579 141.965386
2826 10.103304 5.018553 141.965386
2873 11.819799 7.394423 141.965386
2874 11.787177 6.985142 141.965386
2875 11.450308 6.393026 141.965386
2876 11.031528 5.896024 141.965386
2877 10.653666 5.462630 141.965386
2878 10.296305 5.038148 141.965386
2879 10.018310 4.621416 141.965386
2880 9.946319 4.501345 141.965386
2881 9.714157 4.075685 141.965386
2882 9.511301 3.668420 141.965386
2883 9.388390 3.474039 141.965386
2930 -3.732677 2.006911 141.788049
2931 -4.313203 2.054668 141.965386
2932 -4.956539 2.147002 141.965386
2933 -5.600414 2.214846 141.965386
2934 -6.239622 2.311887 141.965386
2935 -6.764420 2.648467 141.965386
2936 -7.011784 3.155183 141.965386
2937 -6.966512 3.785008 141.965386
2938 -6.910663 3.960408 141.965386
2939 -6.771082 4.259126 141.965386
2940 -6.668442 4.726628 141.965386
2987 -6.434242 23.989144 141.965386
2988 -6.434242 23.989144 141.965386
2989 -6.443452 24.038091 141.965386
2990 -6.447168 24.047374 141.965386
2991 -6.447168 24.047374 141.965386
2992 -6.457168 24.047322 141.965386
2993 -6.545667 23.984634 141.965386
2994 -6.638184 23.706930 141.965386
2995 -6.667300 23.145395 141.965386
2996 -6.641337 22.953046 141.965386
2997 -6.546848 22.539103 141.965386
3045 8.911180 20.724437 141.965386
3046 8.911180 20.724437 141.965386
3047 8.911180 20.724437 141.965386
3048 8.977575 20.792562 141.965386
3049 8.998800 20.858874 141.965386
3050 8.991702 20.910381 141.965386
3051 8.822493 21.068183 141.965386
3052 8.383896 21.144760 141.965386
3053 7.680045 21.074538 141.965386
3054 6.970916 21.051534 141.965386
3055 6.391709 21.081492 141.965386
3082 2.639118 28.226543 141.965386
3083 3.005159 28.112611 141.965386
3084 3.533009 27.775055 141.965386
3085 3.981073 27.308619 141.965386
3086 4.367903 26.817798 141.965386
3087 4.667613 26.483060 141.965386
3088 5.261300 26.168589 141.965386
3089 5.959702 26.047279 141.965386
3090 6.541025 25.981845 141.965386
3091 7.186071 25.926487 141.965386
3092 7.827539 25.844421 141.965386
3142 15.994364 21.701745 141.965386
3143 16.111841 21.593151 141.965386
3144 16.202003 21.513966 141.965386
3145 16.209397 21.507233 141.965386
3146 16.209397 21.507233 141.965386
3147 16.209397 21.507233 141.965386
3148 16.209397 21.507233 141.965386
3149 16.209397 21.507233 141.965386
3150 16.198854 21.553261 141.965386
3151 16.256103 21.676326 141.965386
3152 16.525731 21.766954 141.965386
3204 29.568734 21.098777 141.965386
3205 29.568734 21.098777 141.965386
3206 29.568734 21.098777 141.965386
3207 29.583801 21.111921 141.965386
3208 29.597835 21.138083 141.965386
3209 29.601864 21.197103 141.965386
3210 29.581932 21.242407 141.965386
3211 29.472388 21.354147 141.965386
3212 29.209970 21.442487 141.965386
3213 28.591706 21.368117 141.965386
3214 27.893036 21.216256 141.965386
3244 20.753574 12.016636 141.965386
3245 20.711796 11.764967 141.965386
3246 20.625118 11.415824 141.965386
3247 20.589721 11.095688 141.965386
3248 20.606150 10.803657 141.965386
3249 20.566030 10.223086 141.965386
3250 20.538105 10.027849 141.965386
3251 20.465021 9.665374 141.965386
3252 20.459449 9.341422 141.965386
3253 20.527489 9.090497 141.965386
3254 20.649097 8.528914 142.429108
3312 21.812441 1.781030 144.714238
3313 21.812441 1.781030 144.714238
3314 21.812441 1.781030 144.714238
3315 21.740351 1.790568 144.714238
3316 21.609570 1.962186 144.714238
3317 21.527341 2.433107 144.714238
3318 21.544221 2.758866 144.714238
3319 21.641532 3.053178 144.714238
3320 21.742873 3.552310 144.714238
3321 21.767413 3.931298 144.714238
3322 21.709522 4.498251 144.714238
3381 26.216667 11.311684 144.714238
3382 26.216667 11.311684 144.714238
3383 26.216667 11.311684 144.714238
3384 26.246630 11.338101 144.714238
3385 26.276361 11.378194 144.714238
3386 26.270738 11.422679 144.714238
3387 26.151961 11.540480 144.714238
3388 25.729014 11.610362 144.714238
3389 25.157414 11.609547 144.714238
3390 24.450499 11.521606 144.714238
3391 23.749400 11.381429 144.714238
3451 31.778170 28.544051 144.934643
3452 31.722888 28.566831 144.934643
3453 31.663335 28.568503 144.934643
3454 31.557658 28.504869 144.934643
3455 31.431169 28.240297 144.934643
3457 31.470435 27.556434 144.934643
3458 31.544905 27.044795 144.934643
3459 31.538502 26.602664 144.934643
3460 31.490247 26.352278 144.934643
3461 31.410316 25.879035 144.934643
3462 31.374669 25.712945 144.934643
3522 21.375114 1.873965 144.934643
3523 21.375114 1.873965 144.934643
3524 21.375114 1.873965 144.934643
3525 21.394546 1.878673 144.934643
3526 21.500612 1.943012 144.934643
3527 21.601186 2.187957 144.934643
3528 21.588758 2.760301 144.934643
3529 21.514143 3.283602 144.934643
3530 21.485209 3.613440 144.934643
3531 21.473850 4.127630 144.934643
3532 21.481661 4.332481 144.934643
3594 33.462148 16.795269 145.033826
3595 33.541825 16.736564 145.033826
3596 33.846486 16.713910 145.033826
3597 34.483547 16.854177 145.033826
3598 35.167901 17.061077 145.033826
3599 35.721522 17.250052 145.033826
3600 36.394125 17.492588 145.033826
3601 37.016337 17.679940 145.033826
3602 37.576720 17.838905 145.033826
3603 38.138818 17.981737 145.033826
3604 38.429920 18.054237 145.033826
3666 38.740303 18.063559 145.033826
3667 38.775115 17.711438 145.033826
3668 38.774076 17.176479 145.033826
3669 38.828547 16.650331 145.033826
3670 39.012790 16.159326 145.033826
3671 39.136293 15.828416 145.033826
3672 39.202780 15.556429 145.033826
3673 39.277123 15.052520 145.033826
3674 39.289602 14.667851 145.033826
3675 39.280557 14.387997 145.033826
3676 39.263989 13.928327 145.033826
3740 39.385077 8.645073 145.033826
3741 39.385077 8.645073 145.033826
3742 39.385077 8.645073 145.033826
3743 39.345695 8.660303 145.033826
3744 39.230206 8.848789 145.033826
3745 39.146467 9.228014 145.033826
3746 39.147621 9.597697 145.033826
3747 39.237645 9.862700 145.033826
3748 39.347065 10.370223 145.033826
3749 39.366053 10.794747 145.033826
3750 39.412415 11.247237 145.033826
3814 20.716462 8.185277 145.033826
3815 20.716462 8.185277 145.033826
3816 20.827183 8.293622 145.033826
3817 20.861920 8.649249 145.033826
3818 20.830184 9.082240 145.033826
3819 20.726971 9.571450 145.033826
3820 20.672042 9.937105 145.033826
3821 20.649829 10.196155 145.033826
3822 20.624303 10.755464 145.033826
3823 20.630281 11.325384 145.033826
3824 20.649084 11.805014 145.033826
3889 41.346239 26.163220 144.934643
3890 41.237355 25.802195 144.934643
3891 40.633637 25.386040 144.934643
3892 39.961931 25.146147 144.934643
3893 39.336038 24.971120 144.934643
3894 38.756800 24.682097 144.934643
3895 38.278330 24.243123 144.934643
3896 37.885619 23.812940 145.033826
3897 37.463209 23.319040 145.033826
3898 36.943037 22.934561 145.033826
3899 36.347516 22.696422 145.033826
3964 21.566597 0.293496 145.033826
3965 21.521293 -0.098841 145.033826
3966 21.487507 -0.657800 145.033826
3967 21.483797 -0.915221 145.033826
3968 21.490660 -1.380164 145.033826
3969 21.504950 -1.879892 145.033826
3970 21.555039 -2.372316 145.033826
3971 21.556150 -2.507304 145.033826
3972 21.559632 -2.902268 145.033826
3973 21.544401 -3.462019 145.033826
3974 21.489628 -3.852417 145.033826
4040 21.152654 -6.526601 146.614770
4041 21.152654 -6.526601 146.614770
4042 21.152654 -6.526601 146.614770
4043 21.134109 -6.519178 146.821970
4044 21.010182 -6.394395 146.821970
4045 20.941567 -6.231972 146.821970
4046 20.944200 -6.192471 146.821970
4047 20.974242 -6.126790 146.821970
4048 20.953831 -6.148776 146.821970
4049 21.027385 -6.096913 146.821970
4050 21.102888 -6.032007 146.821970
4116 32.574452 -0.365479 146.821970
4117 32.551042 -0.414633 146.821970
4118 32.276988 -0.505266 146.821970
4119 31.712891 -0.430406 146.821970
4120 31.091110 -0.250091 146.821970
4121 30.462154 -0.086791 146.821970
4122 29.778870 0.102470 146.821970
4123 29.171338 0.474991 146.821970
4124 28.685576 0.906612 146.821970
4125 28.230247 1.363308 146.821970
4126 27.743833 1.887336 146.821970
4192 7.034343 20.271350 146.821970
4193 6.961629 20.347213 146.821970
4194 7.009515 20.477727 146.821970
4195 7.381080 20.610550 146.821970
4196 8.033354 20.616735 146.821970
4197 8.676137 20.538865 146.821970
4198 9.319034 20.461997 146.821970
4200 10.027157 20.411810 146.821970
4201 10.736977 20.409056 146.821970
4202 11.511545 20.434879 146.821970
4203 12.093704 20.454826 146.821970
4269 33.097613 6.596590 146.821970
4270 33.045580 6.551295 146.821970
4271 32.957350 6.541370 146.821970
4272 32.809451 6.672000 146.821970
4273 32.723518 7.117575 146.821970
4274 32.766756 7.713835 146.821970
4275 32.832602 8.148645 146.821970
4276 32.851612 8.452981 146.821970
4277 32.867626 8.962727 146.821970
4278 32.867873 9.492694 146.821970
4279 32.858615 10.007610 146.821970
4345 20.510257 8.925097 146.821970
4346 20.510257 8.925097 146.821970
4347 20.510257 8.925097 146.821970
4348 20.541841 8.949539 146.821970
4349 20.617650 9.103317 146.821970
4350 20.596188 9.427089 146.821970
4351 20.534090 9.963501 146.821970
4352 20.503794 10.492467 146.821970
4353 20.474875 11.081756 146.821970
4354 20.445967 11.656029 146.821970
4356 20.441200 11.985952 146.821970
4421 -9.906590 19.542201 146.821970
4423 -10.547974 19.579953 146.821970
4424 -11.256911 19.618629 146.821970
4425 -11.969150 19.632344 146.821970
4426 -12.548622 19.609696 146.821970
4427 -13.193089 19.547698 146.821970
4428 -13.968532 19.463547 146.821970
4429 -14.612425 19.395296 146.821970
4430 -15.256799 19.331794 146.821970
4431 -15.902409 19.282376 146.821970
4432 -16.545589 19.233962 146.821970
4498 -53.781579 15.643459 146.821970
4499 -53.801621 15.633282 146.821970
4500 -53.916044 15.406527 146.821970
4501 -53.658372 14.884794 146.821970
4502 -53.056112 14.507690 146.821970
4503 -52.479169 14.208358 146.821970
4504 -51.985025 13.896118 146.821970
4505 -51.434324 13.349714 146.821970
4506 -51.116543 12.931893 146.821970
4507 -51.013235 12.682722 146.821970
4508 -50.768676 12.208106 146.821970
4574 -10.591178 18.983353 146.821970
4575 -9.944571 19.017300 146.821970
4576 -8.976817 19.082940 146.821970
4577 -8.331310 19.133695 146.821970
4578 -7.750886 19.182748 146.821970
4579 -6.977814 19.265563 146.821970
4580 -6.336145 19.330937 146.821970
4581 -5.757409 19.396957 146.821970
4583 -5.114613 19.474866 146.821970
4584 -4.406189 19.550812 146.821970
4585 -3.697962 19.628724 146.821970
4651 33.117008 16.490068 146.821970
4652 33.083548 16.468429 146.821970
4653 32.995485 16.507794 146.821970
4654 32.883514 16.827380 146.821970
4655 32.869387 17.363336 146.821970
4656 33.023256 17.835405 146.821970
4657 33.159100 18.033208 146.821970
4658 33.379786 18.383995 146.821970
4659 33.496325 18.815498 146.821970
4660 33.324692 19.479654 146.821970
4661 32.911830 19.974128 146.821970
4727 -7.326089 14.668048 146.821970
4728 -7.345797 14.664791 146.821970
4729 -7.478281 14.742687 146.821970
4730 -7.482087 15.197160 146.821970
4731 -7.020884 15.637254 146.821970
4732 -6.439404 15.924807 146.821970
4733 -5.824539 16.134323 146.821970
4734 -5.193986 16.292074 146.821970
4735 -4.561900 16.443580 146.821970
4736 -3.864918 16.602978 146.821970
4737 -3.241462 16.786377 146.821970
4803 20.701300 7.506802 146.821970
4804 20.879117 6.978662 146.821970
4805 20.993797 6.643199 146.821970
4806 21.150672 6.335977 146.821970
4807 21.343263 5.854584 146.821970
4808 21.412278 5.269776 146.821970
4809 21.410613 5.004911 146.821970
4810 21.387665 4.560507 146.821970
4811 21.374086 4.285954 146.821970
4812 21.350656 3.986933 146.821970
4813 21.346561 3.507129 146.821970
4879 24.780440 -9.109513 152.601608
4881 25.425724 -9.158591 152.601608
4882 26.194048 -9.057155 152.601608
4883 26.969042 -8.997378 152.601608
4884 27.743632 -8.973018 152.601608
4886 28.521057 -8.963057 152.601608
4887 29.361033 -8.957807 152.601608
4888 30.073523 -8.955133 152.601608
4889 30.850995 -8.948592 152.601608
4890 31.627917 -8.921126 152.601608
4892 32.395675 -8.804180 152.601608
4959 38.861366 -9.177382 154.785693
4960 38.861366 -9.177382 154.785693
4961 38.672427 -9.210552 154.785693
4962 38.421316 -8.896306 146.925868
4963 38.347477 -8.550265 146.925868
4965 38.354462 -8.440489 146.925868
4966 38.354462 -8.440489 146.925868
4967 38.354462 -8.440489 146.925868
4968 38.354462 -8.440489 146.925868
4969 38.354462 -8.440489 146.925868
4970 38.354462 -8.440489 146.925868
5037 21.752061 1.314250 154.785693
5039 21.675386 1.893926 154.785693
5040 21.653911 2.258165 154.785693
5041 21.725167 2.918971 154.785693
5043 21.842089 3.516972 154.785693
5044 21.827564 3.710590 154.785693
5045 21.681119 4.379270 154.785693
5046 21.653843 4.697922 154.785693
5048 21.629291 5.322416 154.785693
5049 21.516521 6.133628 154.785693
5051 21.367911 6.525856 154.785693
5119 4.725529 -4.919017 154.785693
5121 3.758393 -4.844604 154.785693
5122 2.981304 -4.826675 154.785693
5123 2.076509 -4.830644 154.785693
5125 1.303754 -4.747796 154.785693
5126 0.410222 -4.623511 154.785693
5127 -0.369209 -4.617753 154.785693
5128 -1.208237 -4.693792 154.785693
5130 -2.045012 -4.767286 154.785693
5131 -2.885988 -4.816562 154.785693
5132 -3.660244 -4.849802 154.785693
5201 -31.616239 2.380866 154.785693
5202 -31.571039 1.983874 154.785693
5203 -31.580536 1.476717 154.785693
5204 -31.609872 1.061514 154.785693
5205 -31.634302 0.802676 154.785693
5206 -31.653123 0.283178 154.785693
5207 -31.620398 -0.235433 154.785693
5208 -31.560799 -0.577387 154.785693
5209 -31.472839 -0.910982 154.785693
5210 -31.383197 -1.417667 154.785693
5211 -31.353070 -1.946628 154.785693
5281 -29.699650 -13.693773 154.785693
5282 -29.699650 -13.693773 154.785693
5283 -29.795498 -13.776951 154.785693
5284 -30.187093 -13.779633 154.785693
5285 -30.785854 -13.613040 154.785693
5286 -30.947306 -13.522762 154.785693
5287 -31.254174 -13.316222 154.785693
5288 -31.733265 -12.980545 154.785693
5289 -32.294109 -12.698179 154.785693
5290 -32.923164 -12.558969 154.785693
5291 -33.566102 -12.482519 154.785693
5328 -44.495236 -12.641136 154.785693
5329 -44.380001 -12.699640 154.785693
5330 -44.014988 -12.678728 154.785693
5331 -43.432227 -12.536034 154.785693
5332 -42.732425 -12.389783 154.785693
5333 -42.158382 -12.291057 154.785693
5334 -41.518628 -12.191460 154.785693
5335 -40.877726 -12.099300 154.785693
5336 -40.238199 -11.998043 154.785693
5337 -39.539999 -11.869442 154.785693
5338 -39.031900 -11.771331 154.785693
5411 -21.931964 -3.683543 154.785693
5412 -21.888087 -3.853880 154.785693
5413 -22.062564 -4.033493 154.785693
5414 -22.586709 -4.135716 154.785693
5415 -23.168283 -4.163691 154.785693
5416 -23.881277 -4.214360 154.785693
5417 -24.587062 -4.324854 154.785693
5418 -25.151994 -4.476375 154.785693
5419 -25.775750 -4.659186 154.785693
5420 -26.394898 -4.856972 154.785693
5421 -27.005427 -5.079241 154.785693
5495 -46.197176 1.480957 154.785693
5496 -45.989101 1.232074 154.785693
5497 -45.767581 0.790459 154.785693
5498 -45.696749 0.499373 154.785693
5499 -45.584309 0.058882 154.785693
5500 -45.313778 -0.503435 154.785693
5501 -44.964965 -1.015906 154.785693
5502 -44.682066 -1.397282 154.785693
5503 -44.434568 -1.892889 154.785693
5504 -44.266173 -2.382211 154.785693
5505 -44.206023 -2.491692 154.785693
5579 -53.951620 -10.576927 154.785693
5580 -53.747726 -10.790115 154.785693
5581 -53.390183 -11.153683 154.785693
5582 -52.893186 -11.479056 154.785693
5583 -52.262683 -11.615045 154.785693
5584 -51.680517 -11.621508 154.785693
5585 -50.968816 -11.588542 154.785693
5586 -50.259500 -11.615460 154.785693
5587 -49.677982 -11.649269 154.785693
5588 -49.031172 -11.678162 154.785693
5589 -48.383719 -11.674194 154.785693
5664 -36.296999 7.884942 154.785693
5665 -36.315360 7.920415 154.785693
5666 -36.389101 7.986504 154.785693
5667 -36.407773 7.993656 154.785693
5668 -36.484985 7.980075 154.785693
5669 -36.653495 7.746875 154.785693
5670 -36.673110 7.178646 154.785693
5671 -36.616686 6.712325 154.785693
5672 -36.541379 6.182689 154.785693
5673 -36.528670 5.713716 154.785693
5674 -36.552384 5.194349 154.785693
5750 -30.198217 -25.183620 157.300893
5751 -30.227462 -25.241073 157.300893
5752 -30.327183 -25.272584 158.293307
5753 -30.430010 -25.173930 158.293307
5754 -30.481004 -24.778904 158.293307
5755 -30.448366 -24.287792 158.293307
5756 -30.384348 -23.731504 159.285815
5757 -30.367299 -23.281830 159.285815
5758 -30.349847 -22.867255 159.285815
5759 -30.394855 -22.677887 159.190361
5760 -30.473381 -22.169698 159.190361
5803 -40.782899 -18.769450 159.190361
5804 -40.634941 -18.871717 159.190361
5805 -40.302469 -19.005982 159.190361
5806 -39.688031 -18.998184 159.190361
5807 -39.063172 -18.828820 159.190361
5808 -38.429210 -18.686181 159.190361
5809 -37.788734 -18.591741 159.190361
5810 -37.208068 -18.546802 159.190361
5811 -36.496127 -18.518596 159.190361
5812 -35.784443 -18.484692 159.190361
5813 -35.202861 -18.452222 159.190361
5895 -29.446840 -37.465586 171.401432
5896 -29.252903 -37.638506 171.401432
5897 -28.789109 -37.831286 171.401432
5898 -28.211420 -37.873323 171.401432
5899 -27.567360 -37.839974 171.401432
5900 -26.923449 -37.802563 171.401432
5901 -26.279770 -37.761465 171.798868
5902 -25.701740 -37.713818 171.798868
5903 -24.991555 -37.656696 171.798868
5904 -24.283508 -37.604325 171.764056
5905 -23.703287 -37.553236 171.764056
5951 -21.430041 -37.374093 171.764056
5952 -21.424681 -37.458155 171.764056
5953 -21.581460 -37.590739 171.764056
5954 -22.011955 -37.635148 171.764056
5955 -22.650076 -37.583770 171.764056
5956 -23.227565 -37.507538 171.764056
5957 -23.936131 -37.433621 171.764056
5958 -24.647808 -37.418484 171.764056
5959 -25.229067 -37.483465 171.764056
5960 -25.869239 -37.560029 171.764056
5961 -26.513975 -37.566439 171.764056
6047 -21.950833 -32.918908 171.798868
6048 -21.953414 -32.928569 171.798868
6049 -22.131148 -33.065875 171.798868
6050 -22.576141 -33.130182 171.798868
6051 -23.288500 -33.129927 171.798868
6052 -23.933170 -33.141658 171.798868
6053 -24.580337 -33.201640 171.798868
6054 -25.221170 -33.309215 171.798868
6055 -25.854631 -33.454655 171.798868
6056 -26.488659 -33.597837 171.798868
6057 -27.056141 -33.739391 171.798868
6144 -37.097094 -36.690198 171.844497
6145 -36.915516 -36.872775 171.844497
6146 -36.597199 -37.129803 171.844497
6147 -36.010893 -37.345612 171.844497
6148 -35.370513 -37.439648 171.844497
6149 -34.791554 -37.523112 171.844497
6150 -34.093412 -37.676743 171.844497
6151 -33.472636 -37.868903 171.844497
6152 -32.855053 -38.071425 171.844497
6153 -32.233737 -38.253419 171.844497
6154 -31.679266 -38.582013 171.844497
6241 -31.910646 -46.943607 180.818282
6242 -31.910646 -46.943607 180.818282
6243 -32.004321 -47.023040 180.818282
6244 -32.357871 -47.085718 180.818282
6245 -33.037489 -47.038516 180.818282
6246 -33.742763 -46.937312 180.818282
6247 -34.320430 -46.862553 180.818282
6248 -34.961876 -46.795243 180.818282
6249 -35.607101 -46.741147 180.818282
6250 -36.252949 -46.694966 180.818282
6251 -36.834146 -46.656024 180.818282
6301 -43.563550 -46.177197 180.778459
6302 -43.488983 -46.354495 180.778459
6303 -43.436654 -46.755174 180.778459
6304 -43.446934 -47.147146 180.778459
6305 -43.495318 -47.448066 180.778459
6306 -43.503627 -47.897785 180.778459
6307 -43.457480 -48.379918 180.778459
6308 -43.348043 -48.847000 180.778459
6309 -43.206350 -49.236865 180.778459
6310 -43.094071 -49.448952 180.778459
6311 -42.870101 -49.906972 180.778459
6410 -40.628427 -63.516557 181.781548
6411 -40.628427 -63.516557 181.781548
6412 -40.658606 -63.575775 181.781548
6413 -40.975676 -63.636667 181.781548
6414 -41.358437 -63.303222 181.781548
6415 -41.502061 -62.835636 181.781548
6416 -41.531324 -62.632737 181.781548
6417 -41.621886 -62.171657 181.781548
6418 -41.775300 -61.706733 181.781548
6419 -41.975585 -61.312260 181.781548
6420 -42.070968 -61.154020 181.781548
6521 -54.612138 -45.028703 181.781548
6522 -54.438037 -45.193894 181.781548
6523 -54.138811 -45.409437 181.781548
6524 -53.550453 -45.587462 181.781548
6525 -52.906249 -45.650361 181.781548
6526 -52.326189 -45.721860 181.781548
6527 -51.630555 -45.886263 181.781548
6528 -51.011370 -46.083809 181.781548
6529 -50.384792 -46.235270 181.781548
6530 -49.745707 -46.338193 181.781548
6531 -49.101911 -46.372671 181.781548
6635 -45.931588 -23.149247 181.781548
6636 -45.855642 -23.273391 181.781548
6637 -45.424905 -23.362356 181.781548
6638 -44.787778 -23.302906 181.781548
6639 -44.140779 -23.307934 181.781548
6640 -43.497772 -23.400984 181.781548
6641 -42.859134 -23.521942 181.781548
6642 -42.226430 -23.647217 181.781548
6643 -41.591032 -23.784098 181.781548
6644 -40.956531 -23.925055 181.781548
6645 -40.322106 -24.054477 181.781548
6751 -16.785384 -43.788223 181.781548
6752 -16.785384 -43.788223 181.781548
6753 -16.785384 -43.788223 181.781548
6754 -16.785384 -43.788223 181.781548
6755 -16.769664 -43.775868 181.781548
6756 -16.749940 -43.720217 181.781548
6757 -16.787694 -43.632449 181.781548
6758 -17.026339 -43.545534 181.781548
6759 -17.551058 -43.543501 181.781548
6760 -18.253056 -43.646976 181.781548
6761 -18.826251 -43.750611 181.781548
6868 -21.841818 -52.693923 183.947197
6869 -21.841818 -52.693923 183.947197
6870 -21.841818 -52.693923 183.947197
6871 -21.841818 -52.693923 183.947197
6872 -21.914993 -52.667157 183.947197
6873 -21.945592 -52.577426 183.947197
6874 -21.829699 -52.446405 183.947197
6875 -21.320495 -52.326462 183.947197
6876 -20.619332 -52.396567 183.947197
6877 -20.052753 -52.531787 183.947197
6878 -19.419132 -52.676620 183.947197
6987 -11.609479 -55.008522 183.947197
6988 -11.609479 -55.008522 183.947197
6989 -11.609479 -55.008522 183.947197
6990 -11.609479 -55.008522 183.947197
6991 -11.684016 -54.966325 183.947197
6992 -11.745500 -54.654323 183.947197
6993 -11.618174 -54.125464 183.947197
6994 -11.364527 -53.693142 183.947197
6995 -11.008451 -53.257701 183.947197
6996 -10.614502 -52.718037 183.947197
6997 -10.285167 -52.155001 183.947197
7109 -8.268667 -47.466819 183.947197
7110 -8.203563 -47.594766 183.947197
7111 -8.320536 -48.058453 183.947197
7112 -8.724364 -48.626641 183.947197
7113 -9.119408 -49.054701 183.947197
7114 -9.550590 -49.527642 183.947197
7115 -9.924105 -50.023850 183.947197
7116 -10.135864 -50.403749 183.947197
7117 -10.417318 -50.907911 183.947197
7118 -10.439655 -50.944073 183.947197
7119 -10.574355 -51.039364 183.947197
7232 -27.986464 -16.345627 183.947197
7233 -27.992722 -16.159482 183.947197
7234 -28.005509 -15.849755 183.947197
7235 -28.032388 -15.395549 183.947197
7236 -28.055645 -14.911173 183.947197
7237 -28.081277 -14.442158 183.947197
7238 -28.114576 -14.204878 183.947197
7239 -28.215772 -13.901324 183.947197
7240 -28.314972 -13.391637 183.947197
7241 -28.351192 -13.071241 183.947197
7242 -28.386397 -12.748209 183.947197
7356 -30.932805 32.785074 183.947197
7357 -30.932805 32.785074 183.947197
7358 -30.932805 32.785074 183.947197
7359 -30.978952 32.802050 183.947197
7360 -31.086585 32.753046 183.947197
7361 -31.190053 32.364045 183.947197
7362 -31.185707 31.903042 183.947197
7363 -31.126782 31.686309 183.947197
7364 -31.014993 31.204674 183.947197
7365 -30.993394 30.950598 183.947197
7366 -30.973518 30.581158 183.947197
7479 -30.639367 -14.843193 183.947197
7480 -30.633811 -15.076684 183.947197
7481 -30.619189 -15.431308 183.947197
7482 -30.617601 -15.766168 183.947197
7483 -30.638040 -16.125580 183.947197
7484 -30.650357 -16.605401 183.947197
7485 -30.647541 -17.005304 183.947197
7486 -30.636932 -17.275096 183.947197
7487 -30.621129 -17.799837 183.947197
7488 -30.624580 -18.022129 183.947197
7489 -30.642331 -18.401676 183.947197
7603 -29.933081 -61.676273 193.339730
7604 -29.919978 -61.875830 193.339730
7605 -29.954572 -62.339114 193.339730
7606 -30.039296 -62.715769 194.790070
7607 -30.091088 -63.165054 194.790070
7608 -30.100836 -63.550549 194.790070
7609 -30.089010 -63.727655 195.804625
7610 -30.055316 -64.236539 195.804625
7611 -30.041354 -64.593568 195.804625
7612 -30.049334 -64.858438 195.804625
7613 -30.052347 -65.353424 197.179237
7672 -29.617345 -76.534244 210.324063
7673 -29.617345 -76.534244 210.324063
7674 -29.571577 -76.500134 210.324063
7675 -29.494307 -76.224719 210.324063
7676 -29.503022 -75.724987 210.324063
7677 -29.523477 -75.330582 210.324063
7678 -29.524268 -74.900695 210.324063
7679 -29.477701 -74.574406 210.324063
7680 -29.398716 -74.269864 210.324063
7681 -29.254428 -73.995501 210.324063
7682 -29.084081 -73.558516 210.324063
7746 -18.615214 -65.609443 210.324063
7747 -18.615214 -65.609443 210.324063
7748 -18.615214 -65.609443 210.324063
7749 -18.615214 -65.609443 210.324063
7750 -18.596991 -65.575584 210.324063
7751 -18.621962 -65.484031 210.324063
7752 -18.881432 -65.373612 210.324063
7753 -19.404558 -65.339533 210.324063
7754 -20.046549 -65.419878 210.324063
7755 -20.684556 -65.530247 210.324063
7756 -21.325554 -65.621458 210.324063
7881 -41.268257 -73.854844 210.324063
7882 -41.060697 -73.983378 210.324063
7883 -40.566222 -74.051718 210.324063
7884 -39.934757 -73.934025 210.324063
7885 -39.228835 -73.841316 210.324063
7886 -38.646579 -73.833177 210.324063
7887 -38.003620 -73.882093 210.324063
7888 -37.358562 -73.938268 210.324063
7889 -36.713832 -73.997905 210.324063
7890 -36.072108 -74.062829 210.324063
7891 -35.427476 -74.123663 210.324063
8018 -11.038887 -64.955080 210.324063
8019 -11.040336 -64.964975 210.324063
8020 -11.172835 -65.091339 210.324063
8021 -11.622558 -65.184003 210.324063
8022 -12.326048 -65.152921 210.324063
8023 -12.905473 -65.128826 210.324063
8024 -13.554813 -65.141082 210.324063
8025 -14.187802 -65.247928 210.324063
8026 -14.787976 -65.475889 210.324063
8027 -15.401262 -65.671599 210.324063
8028 -16.044315 -65.741401 210.324063
8157 -32.250584 -90.949425 224.514525
8158 -32.250584 -90.949425 224.514525
8159 -32.464361 -91.057911 224.514525
8160 -32.918273 -91.036905 224.514525
8161 -33.577503 -90.783946 224.514525
8162 -34.084273 -90.492038 224.514525
8163 -34.618488 -90.122085 224.514525
8164 -35.139660 -89.733664 224.514525
8165 -35.694372 -89.396490 224.529401
8166 -36.290406 -89.137583 224.529401
8167 -36.826633 -88.903797 224.529401
8238 -41.822391 -86.641972 224.514525
8239 -41.639359 -86.833552 224.514525
8240 -41.360484 -87.034402 224.514525
8241 -40.804857 -87.178741 224.514525
8242 -40.223339 -87.210534 224.514525
8243 -39.513788 -87.274316 224.514525
8244 -38.811943 -87.409306 224.514525
8245 -38.244899 -87.553023 224.514525
8246 -37.617503 -87.722878 224.514525
8247 -36.993164 -87.903672 224.514525
8248 -36.370614 -88.081592 224.514525
8387 -21.365534 -87.477717 224.529401
8388 -21.365534 -87.477717 224.529401
8389 -21.365534 -87.477717 224.529401
8390 -21.365534 -87.477717 224.529401
8391 -21.365534 -87.477717 224.529401
8392 -21.395628 -87.381243 224.529401
8393 -21.643191 -87.231265 224.529401
8394 -22.339897 -87.212472 224.529401
8395 -22.913466 -87.317571 224.529401
8396 -23.510092 -87.574628 224.529401
8397 -24.089899 -87.868283 224.529401
8537 -25.189102 -105.649549 236.098479
8538 -25.194191 -105.668865 236.098479
8539 -25.387300 -105.809227 236.098479
8540 -25.817818 -105.686744 236.098479
8541 -26.019456 -105.371585 236.098479
8542 -26.065145 -105.182014 236.098479
8543 -26.177689 -104.725690 236.098479
8544 -26.289729 -104.342014 236.098479
8545 -26.411985 -104.108258 236.098479
8546 -26.724704 -103.920974 236.084332
8547 -27.373367 -103.899670 236.084332
