7 -49.500000 113.000000 0.000000
8 -49.508768 112.897876 17.557050
9 -49.533553 112.563806 17.557050
10 -49.517591 112.190247 17.557050
11 -49.460571 112.019953 17.557050
12 -49.357688 111.783901 17.557050
13 -49.230795 111.534638 20.315758
14 -48.936691 111.270480 20.315758
15 -48.335302 111.114773 20.315758
16 -47.688704 111.048378 20.981183
17 -47.049892 110.931396 21.547390
18 -46.418285 110.777881 22.555044
19 -45.788422 110.627921 22.555044
20 -45.155057 110.493409 23.749737
21 -44.523093 110.352621 23.749737
22 -43.898415 110.192125 24.512242
23 -43.276394 110.012358 25.647028
24 -42.652548 109.838967 25.647028
25 -42.031572 109.647049 26.676020
26 -41.408049 109.463474 26.676020
27 -40.782755 109.286046 27.750496
28 -40.156074 109.113594 28.757782
29 -39.542051 108.908241 28.757782
30 -38.932856 108.704207 29.757185
31 -38.296307 108.593610 30.776128
32 -37.653558 108.539862 30.776128
33 -37.008686 108.481593 31.790723
34 -36.371754 108.397710 31.790723
35 -35.736448 108.286409 32.748283
36 -35.097364 108.167814 32.856203
37 -34.462089 108.042628 32.856203
38 -33.825459 107.911510 32.919448
39 -33.187820 107.785424 34.305248
40 -32.550379 107.658331 34.305248
41 -31.913412 107.528890 34.660209
42 -31.271184 107.457183 34.660209
43 -30.650368 107.622771 34.660209
44 -30.149228 108.034840 34.660209
45 -29.663004 108.466151 34.660209
46 -29.142374 108.854371 34.660209
47 -28.588691 109.194671 34.660209
48 -28.018837 109.507224 34.660209
49 -27.433917 109.790335 34.660209
50 -26.835182 110.043320 34.660209
51 -26.230544 110.281755 34.660209
52 -25.621028 110.507553 34.660209
53 -25.499366 110.553360 34.660209
54 -25.445718 110.511845 34.660209
55 -25.441279 110.208499 34.660209
56 -25.823605 109.814038 34.660209
57 -26.430159 109.593680 34.660209
58 -27.036479 109.381954 34.660209
59 -27.487340 109.117083 34.660209
60 -27.807369 108.661468 34.660209
61 -27.894022 108.260240 34.660209
62 -27.847459 108.004704 34.660209
63 -27.745743 107.287599 34.660209
64 -27.745446 107.197892 34.660209
65 -27.827474 106.969969 34.660209
66 -27.947426 106.506211 34.660209
67 -27.978423 106.035400 34.660209
68 -27.958883 105.686201 34.660209
69 -27.899222 105.433297 35.032129
70 -27.862647 104.930017 35.032129
71 -27.865173 104.627694 35.032129
72 -27.887477 104.313493 35.564731
73 -27.903240 103.813777 35.564731
74 -27.930002 103.139674 36.240448
75 -27.972664 102.868088 36.240448
76 -28.067882 102.326425 36.240448
77 -28.104533 102.031298 37.048213
78 -28.126945 101.722110 37.048213
79 -28.139361 101.217429 37.865156
80 -28.121914 100.682720 37.865156
81 -28.101516 100.188175 37.865156
82 -28.076271 99.979720 38.690698
83 -28.036009 99.516648 38.690698
84 -28.026033 99.136813 39.855365
85 -28.034525 98.494369 39.855365
86 -28.036110 98.374380 40.857436
87 -28.056485 98.050515 40.857436
88 -28.153564 97.782596 40.857436
89 -28.244534 97.330102 40.857436
90 -28.253403 97.024794 41.700481
91 -28.198164 96.714847 41.700481
92 -28.170136 96.190804 42.484940
93 -28.172475 95.680944 42.484940
94 -28.180880 95.271131 42.484940
95 -28.151098 95.035518 43.337860
97 -28.114617 93.961540 43.895901
98 -28.108586 93.406574 43.895901
99 -28.113382 93.146933 44.941407
100 -28.156069 92.900611 44.941407
101 -28.203809 92.398090 44.941407
102 -28.203609 92.111038 45.913942
103 -28.181780 91.819362 45.913942
104 -28.169131 91.347054 45.913942
105 -28.179595 91.041400 46.794125
106 -28.232561 90.644949 46.794125
107 -28.268646 90.256742 46.794125
109 -28.345870 89.365157 48.478141
110 -28.399971 88.873160 48.478141
111 -28.433110 88.722283 48.478141
112 -28.495303 88.408819 49.462007
113 -28.500883 87.784363 49.462007
114 -28.482332 87.570452 49.462007
115 -28.439190 87.301525 50.186155
116 -28.417264 86.744639 50.186155
117 -28.422130 86.510051 50.186155
118 -28.444628 86.218458 51.347153
119 -28.457423 85.723660 51.347153
121 -28.483182 84.902933 51.915798
122 -28.490537 84.398302 51.915798
123 -28.533279 83.920210 52.747797
124 -28.573130 83.532413 52.747797
125 -28.579294 83.267539 53.744303
126 -28.607391 82.778346 53.744303
127 -28.623653 82.448771 53.744303
128 -28.624645 82.183772 54.900730
129 -28.626460 81.698776 54.900730
130 -28.624351 81.193844 54.900730
131 -28.603786 80.784371 55.923968
134 -28.513924 79.552640 56.769800
135 -28.504900 79.047773 56.769800
136 -28.487967 78.538145 57.547286
137 -28.490708 78.023152 57.547286
138 -28.493395 77.518159 58.405909
139 -28.491897 77.048225 58.405909
140 -28.479955 76.538441 59.555102
141 -28.486084 76.118517 59.555102
142 -28.499895 75.903995 60.346418
143 -28.506421 75.454066 60.346418
144 -28.503838 74.974075 60.346418
148 -28.426315 73.672680 62.479198
149 -28.459026 73.309659 62.479198
150 -28.536779 72.815765 62.479198
151 -28.569985 72.397228 63.487402
152 -28.579352 71.852455 63.487402
153 -28.593789 71.642964 64.428644
154 -28.604569 71.238132 64.428644
155 -28.604810 70.713136 64.428644
156 -28.595719 70.513343 65.175840
157 -28.578238 70.103722 65.175840
158 -28.565989 69.473853 65.175840
162 -28.587409 67.739384 68.147268
163 -28.611616 67.330141 68.147268
164 -28.657450 67.195488 68.147268
165 -28.760428 66.866450 69.159599
166 -28.802578 66.409652 69.159599
167 -28.746261 66.191937 69.737007
168 -28.681363 65.772399 69.737007
169 -28.663277 65.252940 69.737007
170 -28.672493 64.975593 70.369384
171 -28.686185 64.530805 70.369384
172 -28.696055 64.331073 71.205689
177 -28.614338 62.401788 73.352370
178 -28.642142 61.892860 73.352370
179 -28.731538 61.436698 73.352370
180 -28.796746 60.890858 74.193330
181 -28.817090 60.341337 74.193330
182 -28.804130 60.136964 75.096007
183 -28.775456 59.778198 75.096007
184 -28.771707 59.468292 75.096007
185 -28.778356 59.153362 76.056625
186 -28.789201 58.603470 76.056625
187 -28.776772 58.138694 76.056625
192 -28.727500 55.965545 79.137161
193 -28.777107 55.483089 79.137161
194 -28.827043 54.995929 79.137161
195 -28.798468 54.486997 80.207545
196 -28.750306 53.939459 80.207545
197 -28.761238 53.439665 81.224690
198 -28.809382 53.030022 81.224690
199 -28.812378 52.820043 82.189113
200 -28.818941 52.360090 82.189113
201 -28.816082 51.855114 83.154376
202 -28.789603 51.345817 83.154376
208 -28.769167 48.621321 86.051672
209 -28.804567 48.386855 86.051672
210 -28.888272 47.967708 87.022355
211 -28.928771 47.636619 87.022355
212 -28.932970 47.371652 87.022355
213 -28.919279 46.761848 87.900002
214 -28.900660 46.357351 87.900002
215 -28.891255 46.022622 89.012641
216 -28.810959 45.770393 89.012641
217 -28.698012 45.193173 89.012641
218 -28.690114 44.908561 89.984723
226 -28.702422 42.290896 92.949935
227 -28.750507 41.773501 92.949935
228 -28.790110 41.629963 92.949935
229 -28.889920 41.347295 93.878913
230 -28.949027 40.852441 93.878913
231 -28.916358 40.361360 93.878913
232 -28.881169 39.828949 94.463804
233 -28.878823 39.620376 94.463804
234 -28.889780 39.260549 95.483246
235 -28.879650 38.710679 95.483246
236 -28.867565 38.476133 95.483246
245 -29.044458 35.292727 99.410514
246 -29.076850 34.799140 99.410514
247 -29.106767 34.525772 99.410514
248 -29.145761 34.213197 99.065687
249 -29.189490 33.695131 99.065687
250 -29.197443 33.380336 99.065687
251 -29.192273 33.040375 99.065687
252 -29.189515 32.635438 99.065687
253 -29.195627 32.370509 99.065687
254 -29.200020 31.860534 99.065687
255 -29.196403 31.543111 99.065687
265 -29.472381 27.721087 99.490956
266 -29.476610 27.407948 99.490956
267 -29.379131 27.020166 99.585794
268 -29.216754 26.536868 99.585794
269 -29.116893 26.278210 99.585794
270 -28.988166 26.046579 99.682147
271 -28.727788 25.485152 99.682147
272 -28.672198 25.295872 99.682147
273 -28.591630 25.012191 99.730890
274 -28.431902 24.512098 99.730890
275 -28.358824 24.224041 101.356057
285 -26.931415 20.426801 106.017218
286 -26.851611 20.328974 106.017218
287 -26.788830 20.254390 106.017218
288 -26.729694 20.206727 106.017218
289 -26.491051 20.129168 106.430872
290 -25.867381 20.097121 106.430872
291 -25.285369 20.076533 106.769333
292 -24.706107 19.996470 106.769333
293 -24.009396 19.836858 107.238102
294 -23.454293 19.668822 107.238102
295 -22.719379 19.430878 107.448641
307 -15.489264 16.993215 111.361800
308 -14.846972 16.955875 111.361800
309 -14.265594 16.991738 111.729005
310 -13.683243 17.002551 111.729005
311 -13.038569 16.983673 111.467172
312 -12.265843 16.924886 113.255686
313 -11.687374 16.856550 113.255686
314 -11.108318 16.847994 121.338413
315 -10.464884 16.891556 121.338413
316 -9.696220 16.774565 121.994633
317 -9.072583 16.626540 121.994633
325 -3.989036 16.004220 121.995945
326 -3.924338 16.010483 121.995945
327 -3.876971 15.923832 121.995945
328 -3.975195 15.591474 121.995945
329 -4.510352 15.349281 121.995945
330 -5.149697 15.255519 121.995945
331 -5.518548 15.269386 121.995945
332 -5.560044 15.292503 121.995945
333 -5.828420 15.437339 122.113924
334 -6.312784 15.607605 122.113924
335 -6.951697 15.572745 122.113924
350 -7.889592 9.786090 124.638881
351 -7.895812 9.661274 124.638881
352 -8.020225 9.154576 124.765582
353 -8.356804 8.684302 124.765582
354 -8.730280 8.263754 124.765582
355 -9.007026 7.797713 125.735638
356 -9.126526 7.235705 126.417129
357 -9.207779 7.075511 126.417129
358 -9.432036 6.720408 127.141066
359 -9.712315 6.168076 127.141066
360 -9.800946 5.977708 127.141066
377 -13.248770 -0.241986 131.970946
378 -13.281606 -0.457168 131.970946
379 -13.229672 -0.767803 131.970946
380 -13.182464 -1.305465 132.474792
381 -13.185255 -1.472794 132.474792
382 -13.197587 -1.837569 132.474792
383 -13.201554 -2.352545 132.474792
384 -13.200233 -2.862543 132.474792
385 -13.189180 -3.332285 132.474792
386 -13.182440 -3.617019 132.474792
387 -13.194759 -3.931769 132.474792
398 -13.412654 -8.705094 132.474792
399 -13.388666 -9.149197 132.474792
400 -13.332218 -9.428036 132.474792
401 -13.253263 -9.680996 132.474792
402 -13.137471 -9.995209 132.474792
403 -13.046961 -10.173367 132.474792
404 -12.977840 -10.280446 132.474792
405 -12.917685 -10.363436 132.474792
406 -12.855652 -10.445019 132.474792
407 -12.779008 -10.540580 132.474792
408 -12.627415 -10.703090 132.474792
428 -9.006629 -12.379098 132.474792
429 -8.870744 -12.419491 132.474792
430 -8.623827 -12.377609 132.474792
431 -8.388110 -12.053080 132.474792
432 -8.330358 -11.589059 132.474792
433 -8.300693 -11.080249 132.474792
434 -8.249729 -10.862372 132.413635
435 -8.105154 -10.532695 132.474792
436 -7.883360 -10.002298 132.474792
437 -7.792932 -9.802528 132.474792
438 -7.601606 -9.491715 132.474792
457 -2.856850 -7.371128 134.386795
458 -2.693353 -7.423128 134.386795
459 -2.171025 -7.296568 134.386795
460 -1.804498 -6.868435 134.386795
461 -1.596397 -6.389275 134.386795
462 -1.326148 -5.910722 134.386795
463 -1.171893 -5.671350 134.386795
464 -1.006338 -5.403507 134.386795
465 -0.747371 -5.012078 134.386795
466 -0.234291 -4.661232 134.386795
467 0.536155 -4.595785 138.188750
478 3.198366 -4.507176 141.328167
479 3.165862 -4.709526 141.328167
480 3.152605 -4.873957 141.349392
481 3.150519 -4.978916 141.349392
482 3.164647 -5.047104 141.349392
483 3.282430 -5.156633 141.349392
484 3.614507 -5.198216 141.349392
485 4.144201 -5.180679 141.349392
486 4.791419 -5.169392 141.349392
487 5.567211 -5.244434 141.349392
488 6.142416 -5.349734 141.349392
510 16.913181 -8.765563 141.349392
511 16.882882 -8.822342 141.349392
512 16.597390 -8.914434 141.349392
513 16.113775 -8.890221 141.349392
514 15.411322 -8.771298 141.526431
515 14.509140 -8.718134 141.526431
517 13.736553 -8.777304 141.526431
518 13.091012 -8.853021 141.526431
519 12.385146 -8.950015 141.526431
520 11.746471 -9.040083 141.526431
521 11.169078 -9.117033 141.526431
543 6.692003 -9.850831 141.526431
544 6.653515 -9.935072 141.526431
545 6.547153 -9.963198 141.526431
546 6.376078 -9.780314 141.526431
547 6.307033 -9.321713 141.526431
548 6.343462 -8.845915 141.526431
549 6.416519 -8.321383 141.526431
550 6.429137 -7.949187 141.526431
551 6.378005 -7.669011 141.526431
552 6.311368 -7.168585 141.526431
553 6.282627 -6.943346 141.526431
576 2.245538 -10.880596 141.526431
578 2.293735 -10.906629 141.526431
579 2.479492 -10.902040 141.526431
580 2.687538 -10.658228 141.526431
581 2.754199 -10.150379 141.526431
582 2.778726 -9.711126 141.526431
583 2.883251 -9.289554 141.526431
584 3.105198 -8.588883 141.526431
586 3.245501 -8.188068 141.526431
587 3.429960 -7.777675 141.526431
588 3.543720 -7.441747 141.526431
611 15.830120 -1.935844 141.526431
612 15.931853 -1.692243 141.526431
613 16.207614 -1.496290 141.526431
614 16.675608 -1.456644 141.526431
615 16.875500 -1.463228 141.526431
638 17.060911 -1.480218 141.526431
639 17.060911 -1.480218 141.526431
640 17.060911 -1.480218 141.526431
641 17.060911 -1.480218 141.526431
643 17.060911 -1.480218 141.526431
644 17.046353 -1.411926 141.526431
645 17.003702 -1.373681 141.526431
646 16.660141 -1.307838 141.526431
647 16.188101 -1.320257 141.526431
648 15.488393 -1.590189 141.526431
650 15.222908 -2.118002 141.526431
673 3.659214 -4.876906 141.526431
674 2.947240 -4.849542 141.526431
675 2.172508 -4.832387 141.526431
677 1.265167 -4.773237 141.526431
678 0.558435 -4.683494 141.526431
679 -0.026065 -4.670329 141.526431
680 -0.796451 -4.766275 141.526431
681 -1.418152 -4.954369 141.256401
682 -1.954638 -5.187280 141.256401
683 -2.712300 -5.561187 141.256401
684 -3.345464 -5.893332 141.256401
707 -4.140404 -6.469368 141.256401
708 -4.140404 -6.469368 141.256401
709 -4.140404 -6.469368 141.256401
710 -4.158820 -6.461631 141.256401
711 -4.254497 -6.280312 141.256401
712 -4.057648 -5.854518 141.256401
713 -3.471339 -5.604294 141.256401
714 -2.827630 -5.534509 141.256401
715 -2.181503 -5.465709 141.256401
716 -1.483993 -5.311006 141.256401
717 -0.953063 -5.104262 141.256401
742 1.664031 -11.638289 141.256401
765 1.673061 -11.642584 141.256401
766 1.807429 -11.658965 141.256401
767 1.922779 -11.584273 141.256401
768 2.037783 -11.156571 141.256401
769 2.041722 -10.647913 141.256401
770 2.088730 -10.495389 141.256401
771 2.231894 -10.116556 141.256401
772 2.363668 -9.619025 141.256401
773 2.424749 -9.428607 141.256401
774 2.556479 -9.024626 141.256401
775 2.631606 -8.693315 141.256401
798 -2.513194 -8.468168 141.256401
799 -2.513194 -8.468168 141.256401
800 -2.376854 -8.541066 141.256401
801 -2.147780 -8.517371 141.256401
802 -1.923205 -8.240838 141.256401
803 -1.836968 -7.789597 141.256401
804 -1.842575 -7.602211 141.526431
805 -1.845023 -7.162461 141.526431
806 -1.772120 -6.628214 141.526431
807 -1.679907 -6.434162 141.526431
808 -1.448442 -6.036739 141.526431
832 7.038347 -2.373238 141.526431
833 7.039755 -1.873956 141.526431
834 6.901687 -1.423058 141.526431
857 6.700502 -1.190392 141.526431
858 6.899286 -1.453023 141.526431
859 7.066470 -2.004032 141.526431
860 7.074362 -2.478521 141.526431
861 7.056971 -3.023242 141.526431
862 7.037931 -3.277369 141.526431
863 7.019491 -3.596790 141.526431
864 6.982591 -4.170031 141.526431
865 6.766548 -4.600977 141.526431
866 6.192698 -4.856023 141.526431
867 5.549336 -4.920178 141.526431
891 3.655942 -1.128539 141.526431
892 3.655942 -1.128539 141.526431
893 3.655942 -1.128539 141.526431
894 3.655942 -1.128539 141.526431
895 3.655942 -1.128539 141.526431
896 3.625747 -1.060950 141.526431
897 3.365335 -0.918814 141.526431
898 2.776711 -1.076207 141.526431
899 2.400389 -1.509706 141.526431
900 2.174107 -2.043152 141.526431
901 2.170097 -2.629633 141.526431
925 7.294546 1.471000 141.526431
927 7.654177 2.030631 141.433556
928 8.171408 2.415736 141.433556
929 8.756359 2.826892 141.433556
930 9.326598 3.258057 141.526431
931 9.819252 3.681990 141.526431
932 10.337257 4.174785 141.526431
933 10.796876 4.594361 141.526431
934 11.050716 4.780639 141.526431
958 11.239622 4.849283 141.526431
959 11.233599 4.534793 141.526431
961 10.895357 4.090366 141.526431
962 10.400525 3.670307 141.526431
963 9.885935 3.273201 141.526431
964 9.348152 2.802598 141.526431
965 8.909831 2.326405 141.526431
966 8.471131 1.777746 141.526431
967 8.005324 1.255421 141.526431
968 7.637843 0.782755 141.526431
969 7.554155 0.577569 141.526431
995 2.548941 -8.986818 141.526431
996 2.246268 -9.397283 141.526431
997 1.961364 -9.998400 141.526431
998 1.938868 -10.286006 141.526431
1023 2.006483 -10.499521 141.526431
1024 2.173132 -10.527333 141.526431
1025 2.383815 -10.459768 141.526431
1026 2.560739 -10.153529 141.526431
1027 2.614966 -9.567143 141.526431
1028 2.642192 -9.379690 141.526431
1029 2.756656 -9.033165 141.526431
1030 2.943756 -8.463097 141.526431
1031 3.106071 -7.979654 141.526431
1032 3.247939 -7.738426 141.526431
1033 3.486787 -7.351309 141.526431
1058 9.172102 2.063792 141.433556
1059 9.779958 2.440254 141.433556
1060 10.333372 2.781177 141.433556
1061 10.886875 3.121954 141.433556
1062 11.439604 3.463982 141.433556
1063 11.974735 3.828165 141.433556
1064 12.550150 4.252546 141.433556
1065 13.147134 4.645972 141.433556
1066 13.693535 4.993250 141.433556
1068 14.548431 5.277591 141.433556
1069 15.479627 5.075201 141.433556
1094 16.187082 4.624474 141.433556
1118 15.865336 4.502470 141.433556
1120 15.960448 4.583622 141.433556
1121 15.866634 5.153876 141.433556
1123 15.125405 5.489798 141.433556
1124 14.480925 5.446587 141.433556
1125 13.843226 5.323059 141.433556
1126 13.166142 5.094769 141.433556
1127 12.517122 4.795435 141.433556
1128 11.904781 4.432054 141.433556
1129 11.376460 4.053558 141.433556
1130 10.866777 3.650218 141.433556
1154 3.761219 -4.849953 141.349392
1156 2.792146 -4.810294 141.349392
1157 1.887667 -4.796298 141.349392
1159 0.987258 -4.667476 141.349392
1160 0.022501 -4.575129 141.349392
1162 -0.884442 -4.597349 141.349392
1163 -1.723153 -4.643847 141.349392
1164 -2.692499 -4.678208 141.349392
1166 -3.662135 -4.699201 141.349392
1167 -4.306881 -4.751449 141.349392
1168 -5.267538 -4.901208 141.349392
1194 -9.443358 1.307400 141.349392
1195 -8.796532 1.336345 141.349392
1196 -8.150637 1.381834 141.349392
1197 -7.442656 1.459461 141.349392
1198 -6.864091 1.545780 141.349392
1199 -6.090362 1.570320 141.349392
1200 -5.446857 1.486189 141.349392
1201 -4.823534 1.149909 141.349392
1202 -4.427817 0.723418 141.349392
1203 -3.925834 0.139630 141.349392
1204 -3.462681 -0.358154 141.349392
1228 -2.967943 -0.806233 141.349392
1229 -2.975705 -0.824639 141.349392
1230 -3.156975 -0.920115 141.349392
1231 -3.523609 -0.772290 141.349392
1232 -4.050718 -0.240472 141.349392
1234 -4.348283 0.182163 141.349392
1235 -4.454566 0.441079 141.349392
1236 -4.759443 0.996491 141.349392
1237 -5.207602 1.439274 141.349392
1238 -5.959093 1.600501 141.349392
1239 -6.593885 1.331423 141.349392
1264 -6.900376 -0.772569 141.349392
1265 -6.903764 -0.781977 141.349392
1266 -7.015779 -0.858391 141.349392
1267 -7.172528 -0.755908 141.349392
1268 -7.305946 -0.412389 141.349392
1269 -7.376742 -0.081025 141.349392
1270 -7.402635 0.202752 141.349392
1271 -7.421021 0.624848 141.349392
1272 -7.431822 0.812030 141.349392
1273 -7.444636 0.909742 141.349392
1274 -7.491451 1.008576 141.349392
1298 -8.921212 -0.833673 141.349392
1300 -8.833185 -0.839702 141.349392
1301 -8.679778 -0.719585 141.349392
1303 -8.646682 -0.037788 141.349392
1304 -8.603226 0.278728 141.349392
1306 -8.509995 0.516072 141.349392
1307 -8.443622 0.725678 141.349392
1308 -8.324964 1.112577 141.349392
1309 -8.001405 1.581094 141.349392
1310 -7.299902 1.887168 141.349392
1311 -6.655300 1.940896 141.349392
1335 2.670372 -3.131596 141.349392
1336 3.008422 -3.623107 141.349392
1337 3.445782 -4.103183 141.349392
1338 4.019217 -4.527523 141.349392
1340 4.801406 -4.815905 141.349392
1341 5.505640 -4.863562 141.349392
1342 6.085525 -4.794517 141.349392
1343 6.663153 -4.528084 141.349392
1344 7.050208 -3.915219 141.349392
1345 7.070853 -3.760039 141.349392
1346 7.062089 -3.467676 141.349392
1370 10.161816 5.338572 141.349392
1371 10.402842 5.830153 141.349392
1372 10.477523 5.945603 141.349392
1373 10.683819 6.276565 141.349392
1374 10.974417 6.795663 141.349392
1375 11.086578 7.013473 141.349392
1376 11.333826 7.499121 141.349392
1378 11.529452 7.890195 141.349392
1379 11.786179 8.330848 141.349392
1380 12.020241 8.761306 141.349392
1381 12.155146 8.941300 141.349392
1406 13.248436 10.462438 141.349392
1407 13.622092 10.462299 141.349392
1408 14.143187 10.710556 141.349392
1409 14.691595 11.054596 141.349392
1410 15.230942 11.417364 141.349392
1411 15.770963 11.774518 141.349392
1412 16.376942 12.153990 141.349392
1413 16.931901 12.492350 141.349392
1414 17.431402 12.796789 141.349392
1415 18.123876 13.155484 141.349392
1416 18.711616 13.432972 141.349392
1441 26.074415 16.632671 141.349392
1443 26.074415 16.632671 141.349392
1444 26.074415 16.632671 141.349392
1445 26.074415 16.632671 141.349392
1446 26.078912 16.652150 141.349392
1447 26.061032 16.733374 141.349392
1448 25.823709 16.914843 141.349392
1449 25.210452 16.882885 141.349392
1450 24.683939 16.630160 141.349392
1451 24.069746 16.151034 141.349392
1452 23.518935 15.696312 141.349392
1466 20.605477 10.538302 141.349392
1467 20.505152 10.172924 141.349392
1469 20.497349 9.629165 141.561473
1470 20.570553 9.177913 141.561473
1471 20.763433 8.613372 142.255442
1472 21.082803 8.058902 142.255442
1473 21.385458 7.608935 142.454381
1474 21.473578 7.426615 142.454381
1476 21.779718 6.850451 142.454381
1477 22.168541 6.215231 142.454381
1478 22.302042 5.977970 142.454381
1506 24.848872 0.411296 143.859691
1507 25.192395 0.155909 143.859691
1508 25.837587 0.015275 143.859691
1509 26.676663 -0.020990 143.859691
1510 27.382602 -0.113390 143.859691
1512 28.210986 -0.279779 143.580398
1513 28.902448 -0.460669 143.580398
1514 29.582209 -0.674124 143.580398
1515 30.328821 -0.899507 143.580398
1516 30.958068 -1.062334 143.742446
1517 31.710646 -1.257583 143.742446
1546 36.143330 -2.793040 143.742446
1547 36.114081 -3.008631 143.742446
1548 36.011270 -3.420867 143.742446
1549 35.968762 -3.763281 143.742446
1550 35.980789 -3.786002 143.742446
1551 36.043390 -4.062957 143.742446
1552 36.017162 -4.596734 143.742446
1554 36.001188 -4.880896 143.580398
1555 35.993978 -5.290815 143.742446
1556 35.964920 -5.865079 143.742446
1557 35.954357 -6.384867 143.742446
1586 36.429236 -11.467494 154.760495
1587 37.022685 -11.270879 154.760495
1588 37.596427 -10.672315 154.760495
1590 38.194994 -9.933150 154.760495
1591 38.813642 -9.269680 154.760495
1593 39.462831 -8.635596 154.760495
1594 39.941757 -8.242598 154.760495
1623 40.269622 -8.115248 154.760495
1624 40.433750 -8.117627 154.760495
1626 40.530269 -8.093911 154.760495
1627 40.654501 -7.933105 154.760495
1628 40.671047 -7.344001 154.760495
1630 40.616330 -6.583868 154.760495
1631 40.725104 -6.236161 154.760495
1633 40.869854 -5.991724 154.760495
1661 41.005139 -5.965116 154.760495
1663 40.920752 -6.537590 154.760495
1664 40.444230 -7.282082 154.760495
1666 39.532258 -7.746494 154.760495
1668 38.507875 -7.862145 154.760495
1669 37.473050 -7.932176 154.760495
1671 36.448002 -8.074204 154.876889
1672 35.552273 -8.234615 154.876889
1674 34.528051 -8.414252 154.876889
1675 33.572573 -8.810247 154.876889
1677 32.956586 -9.457733 154.876889
1707 32.262511 -11.264376 154.876889
1708 32.475762 -11.482389 154.876889
1710 32.475762 -11.482389 154.876889
1711 32.475762 -11.482389 154.876889
1713 32.475762 -11.482389 154.876889
1714 32.475762 -11.482389 154.876889
1716 32.475762 -11.482389 154.876889
1718 32.475762 -11.482389 154.876889
1719 32.475762 -11.482389 154.876889
1721 32.475762 -11.482389 154.876889
1722 32.475762 -11.482389 154.876889
1753 34.280934 -12.187952 154.876889
1755 34.111333 -12.258611 154.876889
1756 33.424219 -12.014447 154.876889
1758 32.869582 -11.144730 154.876889
1759 32.812007 -10.826688 154.876889
1761 32.780282 -10.033988 154.876889
1763 33.132178 -9.201911 154.876889
1764 34.016831 -8.567450 154.876889
1766 35.034000 -8.397395 154.876889
1768 36.131964 -8.335470 154.876889
1769 37.162623 -8.217227 154.876889
1800 41.202938 -1.457391 154.876889
1802 41.136153 -2.100555 154.876889
1803 40.992641 -2.581704 154.876889
1805 40.912793 -3.517043 154.876889
1807 40.930930 -3.803866 154.876889
1808 40.925115 -4.673494 154.876889
1810 40.831972 -5.123781 154.876889
1812 40.748569 -5.783165 154.876889
1813 40.601068 -6.385085 154.876889
1815 40.520136 -6.728056 154.876889
1817 40.371524 -6.883414 154.876889
1847 24.851342 -10.345757 154.876889
1849 24.615380 -10.827147 154.876889
1851 24.681759 -11.366522 154.876889
1882 24.800374 -11.556179 154.876889
1883 24.800374 -11.556179 154.876889
1885 24.657721 -11.418093 154.876889
1887 24.856550 -10.677704 154.876889
1888 25.441459 -10.086852 154.876889
1919 25.983254 -10.202290 154.876889
1921 26.347005 -10.941592 154.876889
1923 26.578055 -11.502778 154.876889
1925 26.630256 -11.602433 154.876889
1927 26.630256 -11.602433 154.876889
1928 26.630256 -11.602433 154.876889
1930 26.630256 -11.602433 154.876889
1932 26.630256 -11.602433 154.876889
1933 26.630256 -11.602433 154.876889
1935 26.630256 -11.602433 154.876889
1936 26.630256 -11.602433 154.876889
1967 28.842452 -11.859396 154.876889
1969 28.555166 -11.992764 154.876889
1971 27.675577 -11.970282 154.876889
1972 26.644453 -11.881509 154.876889
1974 25.612847 -11.840204 154.876889
1976 24.578864 -11.797310 154.876889
1977 23.541759 -11.801165 154.876889
1979 23.122687 -11.751621 154.876889
1980 22.743971 -11.658921 154.876889
1982 22.668036 -11.633757 154.876889
1984 22.668036 -11.633757 154.876889
2015 21.312186 -11.814958 154.876889
2016 22.198545 -11.933036 154.876889
2018 22.912418 -11.275334 154.876889
2020 23.210889 -10.495718 154.876889
2051 23.270487 -10.278776 154.876889
2052 22.951085 -10.383510 154.876889
2054 22.664456 -9.785039 154.876889
2056 22.576002 -9.000455 154.876889
2057 22.465399 -8.555031 154.876889
2059 22.121417 -7.700637 154.876889
2061 21.903600 -7.289847 154.876889
2062 21.676922 -6.631999 154.876889
2064 21.671065 -6.069998 154.876889
2066 21.703284 -5.556520 154.876889
2067 21.744355 -4.888097 154.876889
2099 34.448571 -0.222525 154.760495
2100 34.318953 -0.285418 154.760495
2102 33.585133 -0.335046 154.760495
2104 32.550611 -0.362603 154.760495
2105 31.524390 -0.473083 154.760495
2107 30.184988 -0.734908 154.760495
2109 29.235945 -0.935424 154.760495
2110 28.159365 -1.184234 154.760495
2112 27.142573 -1.390412 154.760495
2114 26.182899 -1.562467 154.760495
2115 25.162836 -1.764793 154.760495
2146 30.322072 -8.104163 154.760495
2148 31.291520 -8.072648 154.760495
2149 32.389920 -8.124364 154.760495
2151 33.481334 -8.260274 154.760495
2152 34.383212 -8.381498 154.760495
2154 35.412566 -8.509989 154.760495
2156 36.435735 -8.681683 154.760495
2157 37.582842 -8.911833 154.760495
2159 38.597774 -9.126867 154.760495
2160 39.545409 -9.333091 154.760495
2162 40.599613 -9.662968 154.760495
2193 41.706219 -9.888274 154.760495
2195 41.756279 -9.847211 154.760495
2196 41.811823 -9.704922 154.760495
2198 41.781119 -9.594719 154.760495
2199 41.313137 -9.455527 154.760495
2201 40.316851 -9.540925 154.760495
2203 39.282341 -9.551659 154.760495
2204 38.251061 -9.442768 154.760495
2206 37.241240 -9.211726 154.760495
2207 36.269694 -8.848925 154.760495
2209 35.280204 -8.558200 154.760495
2240 30.992931 -9.529572 154.760495
2242 31.787200 -9.558607 154.760495
2243 32.891859 -9.187713 154.760495
2245 33.802064 -8.697013 154.760495
2246 34.808306 -8.488511 154.760495
2248 35.712779 -8.463347 154.760495
2250 36.747207 -8.431429 154.760495
2251 37.770066 -8.348595 154.760495
2253 38.317885 -8.299660 154.760495
2284 38.495291 -8.283675 154.760495
2285 38.495291 -8.283675 154.760495
2287 38.548181 -8.212237 154.760495
2288 38.527394 -8.097523 154.760495
2290 38.059651 -7.945554 154.760495
2292 37.054757 -7.992920 154.760495
2293 36.028356 -8.125987 154.760495
2295 34.997247 -8.209898 154.760495
2296 34.030025 -8.232480 154.760495
2298 32.932739 -8.252517 154.760495
2300 31.833797 -8.300587 154.760495
2330 19.791478 -9.397374 154.876889
2332 20.389490 -9.496135 154.876889
2334 21.534233 -9.294499 154.876889
2335 22.560473 -9.182502 154.876889
2337 23.723681 -9.119937 154.876889
2339 24.822151 -9.062191 154.876889
2341 25.985856 -9.007685 154.876889
2342 27.019134 -8.948290 154.760495
2344 28.048721 -8.870911 154.760495
2345 29.084592 -8.778863 154.760495
2347 30.183252 -8.660781 154.876889
2378 40.789270 -1.109268 154.876889
2380 40.923690 -0.717290 154.876889
2381 41.078058 -0.315961 154.876889
2412 41.196028 -0.607362 154.876889
2414 41.100837 -1.400241 154.876889
2416 40.973607 -1.883162 154.876889
2417 40.926168 -2.680632 154.876889
2419 40.942781 -3.255304 154.876889
2421 40.933963 -3.884958 154.876889
2423 40.860510 -4.520509 154.876889
2424 40.813115 -5.045348 154.876889
2426 40.757103 -5.780187 154.876889
2427 40.709577 -6.185622 154.876889
2429 40.605693 -6.786663 154.876889
2460 22.139396 -7.711395 154.876889
2462 21.318504 -7.233510 154.876889
2463 20.990019 -7.014227 154.876889
2494 21.082797 -7.023642 154.876889
2496 21.321447 -6.905385 154.876889
2497 21.429345 -6.245889 154.876889
2499 21.414266 -5.671152 154.876889
2501 21.378453 -4.952129 154.876889
2502 21.397280 -4.298239 154.876889
2504 21.485485 -3.765825 154.876889
2505 21.522559 -3.207129 154.876889
2507 21.657549 -2.649250 154.876889
2509 21.764089 -2.300147 154.876889
2539 21.917585 -2.365680 154.876889
2541 21.868906 -3.086855 154.876889
2543 21.745616 -3.579976 154.876889
2544 21.529202 -4.185551 154.876889
2546 21.470320 -4.721463 154.760495
2547 21.419205 -5.339273 154.760495
2549 21.310425 -5.926027 154.760495
2551 21.006807 -6.572957 154.760495
2552 20.504933 -7.397881 154.760495
2554 20.276576 -7.713784 154.760495
2555 19.847978 -8.328918 154.760495
2586 19.018425 -10.092102 154.876889
2588 19.018425 -10.092102 154.876889
2589 18.950481 -10.034955 154.876889
2591 18.881549 -9.241097 154.876889
2593 19.197690 -8.678111 154.876889
2595 19.721371 -8.229348 154.876889
2596 20.314828 -7.451584 154.876889
2598 20.777046 -6.703793 154.876889
2599 21.214638 -6.078225 154.876889
2601 21.330616 -5.748130 154.876889
2602 21.406280 -5.039793 154.876889
2633 21.398371 5.511173 154.876889
2635 21.398371 5.511173 154.876889
2636 21.382493 5.499032 154.876889
2638 21.327597 5.250372 154.876889
2640 21.334281 4.650596 154.876889
2642 21.387360 3.763107 154.876889
2644 21.387360 3.068220 154.876889
2646 21.413053 1.993599 154.876889
2648 21.482328 0.996215 154.876889
2650 21.495499 0.131326 154.876889
2651 21.495292 -0.673566 154.876889
2682 19.252231 -6.763027 154.760495
2684 19.846720 -7.176638 154.760495
2685 20.828624 -7.519006 154.760495
2687 21.826339 -7.788937 154.760495
2688 22.856556 -7.882780 154.760495
2690 23.891189 -7.886249 154.760495
2692 24.925961 -7.870705 154.760495
2693 26.025747 -7.885762 154.760495
2695 26.994078 -7.941332 154.760495
2696 27.961278 -8.014816 154.760495
2698 29.058696 -8.089572 154.760495
2729 41.895518 -9.247498 154.760495
2730 41.961685 -9.180776 154.760495
2732 41.818712 -8.669191 154.760495
2733 40.845983 -8.488176 154.760495
2735 39.877870 -8.464238 154.760495
2736 38.877062 -8.311688 154.760495
2738 38.345274 -8.218413 154.760495
2769 38.223973 -8.222322 154.760495
2770 37.768656 -8.432816 154.760495
2772 36.898437 -8.356394 154.760495
2774 35.755959 -8.145353 154.760495
2775 34.849580 -8.108780 154.760495
2777 33.814688 -8.111068 154.760495
2778 32.845029 -8.134446 154.760495
2780 31.812606 -8.145022 154.760495
2782 30.457619 -8.144646 154.760495
2784 29.037630 -8.139143 154.760495
2786 27.612903 -8.119607 154.760495
2818 19.661098 -6.920451 154.760495
2819 19.661098 -6.920451 154.760495
2821 19.486273 -6.820963 154.760495
2822 19.549499 -6.485366 154.760495
2824 19.779880 -6.289419 154.760495
2825 19.909763 -6.198681 154.760495
2827 19.985285 -6.181596 154.760495
2828 19.885566 -6.187325 154.760495
2830 20.101778 -6.249540 154.760495
2831 20.839716 -6.229542 154.760495
2833 21.321247 -5.726259 154.760495
2864 21.433917 4.847952 154.760495
2865 21.433917 4.847952 154.760495
2867 21.407588 4.833771 154.760495
2869 21.327672 4.622181 154.760495
2870 21.342300 3.932363 154.760495
2872 21.328348 3.562670 154.760495
2873 21.341839 2.787855 154.760495
2875 21.368429 2.328632 154.760495
2876 21.405279 1.723809 154.760495
2878 21.512945 1.060626 154.760495
2880 21.495212 0.325933 154.760495
2911 21.388491 -4.450046 154.760495
2912 21.388491 -4.450046 154.760495
2914 21.388491 -4.450046 154.760495
2916 21.388491 -4.450046 154.760495
2917 21.388491 -4.450046 154.760495
2919 21.388491 -4.450046 154.760495
2920 21.388491 -4.450046 154.760495
2922 21.388491 -4.450046 154.760495
2923 21.388491 -4.450046 154.760495
2925 21.388491 -4.450046 154.760495
2927 21.388491 -4.450046 154.760495
2958 21.353701 -4.553592 154.760495
2959 21.353701 -4.553592 154.760495
2961 21.353701 -4.553592 154.760495
2962 21.353701 -4.553592 154.760495
2964 21.353701 -4.553592 154.760495
2966 21.353701 -4.553592 154.760495
2967 21.353701 -4.553592 154.760495
2969 21.353701 -4.553592 154.760495
2970 21.353701 -4.553592 154.760495
2972 21.353701 -4.553592 154.760495
2973 21.353701 -4.553592 154.760495
3004 21.353701 -4.553592 154.760495
3006 21.353701 -4.553592 154.760495
3007 21.389897 -4.569298 154.760495
3009 21.528749 -4.544424 154.760495
3010 21.681531 -4.122360 154.760495
3012 21.644662 -3.624753 154.760495
3014 21.550901 -2.936499 154.760495
3015 21.545851 -2.549451 154.760495
3017 21.531588 -1.769793 154.760495
3018 21.490558 -1.384827 154.760495
3049 19.780121 10.076451 154.760495
3051 19.703651 10.443535 154.760495
3052 19.546383 11.045806 154.760495
3054 19.323885 11.559587 154.760495
3055 18.950826 12.316049 154.760495
3057 18.153405 12.743189 154.760495
3059 17.118779 12.727455 154.760495
3060 16.232113 12.335320 154.760495
3062 15.296115 11.748157 154.760495
3064 14.373432 11.140150 154.760495
3065 13.497463 10.579578 154.760495
3096 17.558529 3.589164 154.760495
3098 17.558529 3.589164 154.760495
3099 17.558529 3.589164 154.760495
3101 17.558529 3.589164 154.760495
3102 17.558529 3.589164 154.760495
3104 17.558529 3.589164 154.760495
3105 17.558529 3.589164 154.760495
3107 17.558529 3.589164 154.760495
3108 17.558529 3.589164 154.760495
3110 17.558529 3.589164 154.760495
3112 17.558529 3.589164 154.760495
3143 17.558529 3.589164 154.760495
3144 17.296533 3.475298 154.760495
3146 16.480836 3.938942 154.760495
3147 15.782846 4.705451 154.760495
3149 15.155205 5.359440 154.760495
3150 14.329255 5.981930 154.760495
3152 13.802950 6.717469 154.760495
3153 13.560951 7.486612 154.760495
3155 13.402711 7.988424 154.760495
3157 13.037029 8.665438 154.760495
3158 12.910996 8.939865 154.760495
3189 21.217587 5.792888 154.760495
3191 21.613297 5.185429 154.760495
3222 21.834021 4.895760 154.760495
3223 21.776824 4.808077 154.760495
3225 21.558500 4.857836 154.760495
3226 21.445128 5.540842 154.760495
3228 21.416284 6.296237 154.760495
3230 21.229028 7.033941 154.760495
3231 21.056302 7.472404 154.760495
3233 20.746413 8.113977 154.760495
3234 20.583302 8.527659 154.760495
3236 20.270935 9.253217 154.760495
3238 20.036161 9.880421 154.760495
3269 15.587070 4.996363 154.760495
3271 16.468274 4.445829 154.760495
3272 17.203068 3.884019 154.760495
3274 17.489228 3.653447 154.760495
3275 17.562497 3.596987 154.760495
3277 17.562497 3.596987 154.760495
3308 17.562497 3.596987 154.760495
3310 17.562497 3.596987 154.760495
3311 17.562497 3.596987 154.760495
3313 17.562497 3.596987 154.760495
3314 17.562497 3.596987 154.760495
3316 17.562497 3.596987 154.760495
3317 17.562497 3.596987 154.760495
3319 17.562497 3.596987 154.760495
3320 17.562497 3.596987 154.760495
3322 17.562497 3.596987 154.760495
3324 17.562497 3.596987 154.760495
3355 17.592302 3.593849 154.760495
3356 17.682115 3.599651 154.760495
3358 17.630980 3.600913 154.760495
3360 17.715228 3.729310 154.760495
3361 17.702903 3.609945 154.760495
3363 17.579585 3.860183 154.760495
3364 17.057646 4.419369 154.760495
3366 16.195480 4.871351 154.760495
3368 15.212847 5.376408 154.760495
3369 14.329415 5.906033 154.760495
3371 13.829039 6.516398 154.760495
3402 20.356246 9.338870 154.760495
3403 20.729698 9.389657 154.760495
3405 20.910279 9.763314 154.760495
3407 21.381633 10.397280 154.760495
3408 22.300818 10.648999 154.760495
3410 23.335003 10.617600 154.760495
3411 24.366430 10.570793 154.760495
3413 25.401222 10.551834 154.760495
3414 26.306220 10.550858 154.760495
3416 27.341202 10.547511 154.760495
3418 28.341129 10.535508 154.760495
3449 28.933570 10.527095 154.760495
3450 28.933570 10.527095 154.760495
3452 28.933570 10.527095 154.760495
3453 28.892230 10.621984 154.760495
3455 28.357588 10.780163 154.760495
3456 27.272944 10.709569 154.760495
3458 26.305575 10.639762 154.760495
3460 25.268383 10.616287 154.760495
3461 24.233435 10.606642 154.760495
3463 23.198513 10.594237 154.760495
3464 22.228647 10.578121 154.760495
3496 21.786017 6.505523 154.760495
3497 21.910470 6.748661 154.760495
3499 21.600017 7.486783 154.760495
3500 20.981483 8.286836 154.760495
3502 20.456458 9.000942 154.760495
3503 20.267853 9.364490 154.760495
3505 19.903926 10.137765 154.760495
3507 19.788351 10.441475 154.760495
3508 19.474869 11.204564 154.760495
3510 19.275830 11.522298 154.760495
3511 18.803829 12.324894 154.760495
3542 16.807498 5.111484 154.760495
3573 16.991923 5.106938 154.760495
3575 16.742341 5.025483 154.760495
3577 15.905994 5.256414 154.760495
3578 14.924838 5.593584 154.760495
3580 14.090747 6.076518 154.760495
3581 13.667744 6.923667 154.760495
3583 13.610089 7.371466 154.760495
3585 13.517191 7.968647 154.760495
3586 13.216458 8.812254 154.760495
3588 12.877227 9.560076 154.760495
3589 13.255165 10.457507 154.760495
3621 28.894761 21.248481 154.760495
3622 29.834370 21.246571 154.760495
3625 31.256652 21.221667 154.760495
3627 32.677873 21.146511 154.760495
3629 34.032710 21.057864 154.760495
3631 35.382967 21.230949 154.760495
3633 36.779610 21.524671 154.760495
3635 37.664390 21.617485 154.760495
3669 37.848269 21.418977 154.760495
3670 37.279303 20.818472 154.760495
3672 36.348640 20.367628 154.760495
3673 35.226468 20.037305 154.760495
3675 34.440015 19.612264 154.760495
3677 34.047841 19.029221 154.760495
3678 33.931399 18.461073 154.760495
3680 33.828545 17.983106 154.760495
3681 33.663542 17.406574 154.760495
3683 33.513942 16.869357 154.760495
3684 33.215285 16.326327 154.760495
3719 33.165890 11.565075 154.760495
3721 33.165890 11.565075 154.760495
3722 33.175762 11.563480 154.760495
3724 33.175762 11.563480 154.760495
3725 33.157650 11.660839 154.760495
3727 32.965624 11.730680 154.760495
3729 32.765776 11.335663 154.760495
3730 32.793058 10.818989 154.760495
3732 32.928088 10.067551 154.760495
3734 32.938369 9.717836 154.760495
3735 32.947984 9.172998 154.760495
3770 33.775879 3.696730 154.760495
3772 33.775879 3.696730 154.760495
3773 33.652486 3.754296 154.760495
3775 33.748675 3.910666 154.760495
3776 34.247086 3.939066 154.760495
3778 35.256495 3.889539 154.760495
3780 36.290596 3.846462 154.760495
3781 37.325476 3.840217 154.760495
3783 38.492531 3.870350 154.760495
3784 39.384197 4.024780 154.760495
3786 40.197635 4.401810 154.760495
3821 40.625599 4.538556 154.760495
3823 41.024065 4.605399 154.760495
3824 41.306616 5.178179 154.760495
3826 41.403298 5.882581 154.760495
3828 41.670972 6.597398 154.760495
3829 42.300300 7.401309 154.760495
3831 43.222700 7.780525 154.760495
3832 43.724998 7.826669 154.760495
3869 43.852357 7.832672 154.760495
3870 43.852357 7.832672 154.760495
3872 43.862396 7.860910 154.760495
3874 43.780031 8.006546 154.760495
3875 43.199650 8.070737 154.760495
3877 42.245560 7.682124 154.760495
3878 41.425362 7.046819 154.760495
3880 40.634192 6.192337 154.760495
3882 39.976952 5.405958 154.760495
3883 39.415099 4.658926 154.760495
3885 38.614360 4.014769 154.760495
3921 32.775136 5.877366 154.760495
3923 32.783637 5.882631 154.760495
3925 32.887869 6.238419 154.760495
3926 32.790548 6.936644 154.760495
3928 32.683321 7.295619 154.760495
3929 32.648426 7.977251 154.760495
3966 32.729793 8.288685 154.760495
3968 32.910687 8.546485 154.760495
3969 32.823692 9.221407 154.760495
3971 32.624922 9.607779 154.760495
3972 32.506555 10.246733 154.760495
3974 32.600589 10.630282 154.760495
3976 32.661845 11.247329 154.760495
3977 32.626312 11.916293 154.760495
3979 32.612846 12.445434 154.760495
3980 32.574365 13.018693 154.760495
3982 32.586019 13.532834 154.760495
4019 41.485319 17.212484 154.760495
4020 41.498216 16.539290 154.760495
4022 41.415845 16.086984 154.760495
4023 41.398095 15.563337 154.760495
4025 41.426449 14.659090 154.760495
4028 41.447616 13.504693 154.760495
4029 41.466931 12.710283 154.760495
4031 41.509856 12.096801 154.760495
4033 41.523238 11.212170 154.760495
4034 41.543869 10.862992 154.760495
4036 41.579174 10.063926 154.760495
4073 41.600475 6.297574 154.760495
4109 41.605575 6.074174 154.760495
4111 41.729751 6.227461 154.760495
4112 41.699211 6.737945 154.760495
4150 41.609124 6.935450 154.760495
4152 41.362790 7.018348 154.760495
4153 41.226167 7.761380 154.760495
4155 41.323284 8.229414 154.760495
4157 41.348958 8.766240 154.760495
4158 41.203973 9.374027 154.760495
4160 41.118623 9.905861 154.760495
4161 40.912315 10.437125 154.760495
4163 40.738711 11.242030 154.760495
4165 40.599357 11.579071 154.760495
4166 40.374337 12.396864 154.760495
4203 41.342266 20.965539 154.760495
4205 41.236059 20.658558 154.760495
4206 40.886253 20.452135 154.760495
4208 39.935436 20.427367 154.760495
4209 38.902325 20.488596 154.760495
4211 37.864051 20.452324 154.760495
4212 36.975508 20.260725 154.760495
4214 36.975508 20.260725 154.760495
4216 36.879083 20.234230 154.760495
4217 36.203734 20.050858 154.760495
4219 35.120083 19.848489 154.760495
4256 32.706403 13.400665 154.760495
4257 32.706403 13.400665 154.760495
4259 32.617043 13.516669 154.760495
4260 32.546366 14.217449 154.760495
4262 32.647597 14.576911 154.760495
4299 32.694774 14.676279 154.760495
4301 32.694774 14.676279 154.760495
4302 32.552220 14.751774 154.760495
4304 32.451416 15.275031 154.760495
4341 32.621409 15.546738 154.760495
4342 32.621409 15.546738 154.760495
4344 32.621409 15.546738 154.760495
4345 32.621409 15.546738 154.760495
4347 32.621409 15.546738 154.760495
4349 32.601177 15.536942 154.760495
4350 32.481217 15.097963 154.760495
4352 32.539961 14.529467 154.760495
4354 32.627541 13.902109 154.760495
4355 32.643258 13.442393 154.760495
4357 32.663279 12.827794 154.760495
4394 32.653969 9.413802 154.760495
4395 32.639228 9.400322 154.760495
4397 32.473922 9.507577 154.760495
4398 32.392243 10.138989 154.760495
4400 32.531381 10.558587 154.760495
4402 32.623221 11.149252 154.760495
4403 32.580885 11.762625 154.760495
4405 32.574764 12.322137 154.760495
4406 32.619755 12.930433 154.760495
4408 32.616093 13.361499 154.760495
4409 32.573936 14.019433 154.760495
4447 40.804252 25.245981 154.760495
4448 40.532000 25.099810 154.760495
4450 39.625293 25.214974 154.760495
4451 38.526744 25.285342 154.760495
4453 37.493878 25.171507 154.760495
4454 36.669079 24.979261 154.760495
4491 36.658363 24.600079 154.760495
4493 37.022660 24.344727 154.760495
4495 36.974602 24.379501 154.760495
4496 37.003216 24.379386 154.760495
4498 37.143684 24.348858 154.760495
4499 37.325822 24.098670 154.760495
4501 37.382286 23.247213 154.760495
4503 36.880009 22.422491 154.760495
4504 36.184441 21.653326 154.760495
4506 35.497960 20.882483 154.760495
4507 34.947953 20.167505 154.760495
4544 32.644970 11.232818 154.760495
4546 32.779948 11.375023 154.760495
4547 32.748102 12.071058 154.760495
4549 32.608200 12.738513 154.760495
4550 32.561372 13.263537 154.760495
4552 32.565038 13.968402 154.760495
4553 32.636547 14.513345 154.760495
4555 32.830001 14.977078 154.760495
4557 33.222113 15.900781 154.760495
4558 34.054328 16.504506 154.760495
4560 35.048072 16.809578 154.760495
4597 37.932453 17.466612 154.760495
4598 37.932453 17.466612 154.760495
4600 37.932453 17.466612 154.760495
4602 37.750131 17.690020 154.760495
4603 36.989640 17.773762 154.760495
4605 35.827364 17.757074 154.760495
4607 34.577165 18.032987 154.760495
4608 34.110248 18.640037 154.760495
4610 33.958939 19.239475 154.760495
4611 33.869587 19.827565 154.760495
4613 33.668320 20.371441 154.760495
4650 33.962222 25.097357 154.760495
4652 33.758925 24.776428 154.760495
4653 33.434155 24.617861 154.760495
4655 33.277131 24.659676 154.760495
4656 32.572272 24.742042 154.760495
4658 31.601439 24.405249 154.760495
4659 30.836923 23.702138 154.760495
4661 30.055606 23.125367 154.760495
4663 29.035424 22.777657 154.760495
4664 28.155895 22.881304 154.760495
4666 27.748258 23.091554 154.760495
4703 28.565201 24.755239 154.760495
4704 28.444860 24.476557 154.760495
4706 27.799259 23.946753 154.760495
4708 27.854749 23.980413 154.760495
4709 27.900928 23.999351 154.760495
4711 27.821991 23.953704 154.760495
4712 27.388820 23.694806 154.760495
4714 27.085934 23.276501 154.760495
4715 27.001449 22.614617 154.760495
4717 26.974625 22.115758 154.760495
4719 26.858593 21.413472 154.760495
4756 11.396075 7.886834 154.760495
4757 11.152045 7.497709 154.760495
4759 10.727540 6.845011 154.760495
4760 10.587267 6.557410 154.760495
4762 10.221413 5.840504 154.760495
4763 9.999360 5.458573 154.760495
4765 9.556992 4.684825 154.760495
4767 9.249257 4.260936 154.760495
4769 8.864258 3.636072 154.760495
4770 8.670385 3.068433 154.760495
4772 8.464716 2.553463 154.760495
4809 -5.016517 -4.859409 154.760495
4811 -5.922578 -4.862712 154.760495
4812 -6.944718 -4.676965 154.760495
4814 -7.934065 -4.357725 154.760495
4815 -8.894492 -3.960026 154.760495
4817 -9.722626 -3.582942 154.760495
4818 -10.681309 -3.179895 154.760495
4820 -11.935940 -2.857674 154.760495
4822 -12.979621 -2.369931 154.760495
4824 -13.707733 -1.661234 154.760495
4825 -14.664186 -1.160706 154.760495
4863 -22.935877 -1.202801 154.760495
4864 -22.935877 -1.202801 154.760495
4866 -22.935877 -1.202801 154.760495
4867 -22.896177 -1.173102 154.760495
4869 -22.877368 -1.149731 154.760495
4871 -22.877368 -1.149731 154.760495
4872 -22.877368 -1.149731 154.760495
4874 -23.269897 -1.220923 154.760495
4875 -24.227606 -1.109437 154.760495
4877 -25.257620 -1.022021 154.760495
4878 -26.268794 -1.126264 154.760495
4917 -28.089353 -2.829499 154.760495
4918 -28.099823 -3.323551 154.760495
4919 -28.157069 -3.645793 154.760495
4920 -28.262574 -3.996152 154.760495
4922 -28.299536 -4.566254 154.760495
4923 -28.230986 -5.051042 154.760495
4925 -28.198338 -5.702112 154.760495
4927 -28.200305 -6.597089 154.760495
4928 -28.198778 -6.992086 154.760495
4930 -28.195793 -7.764580 154.760495
4931 -28.185109 -8.049378 154.760495
4972 -29.080669 -19.019959 154.760495
4973 -29.014654 -19.168862 154.760495
4974 -29.016406 -19.598411 154.760495
4975 -29.064011 -20.096129 154.760495
4976 -29.079395 -20.515698 154.760495
4977 -29.059086 -21.024947 154.760495
4978 -28.968361 -21.602574 154.760495
4979 -28.916270 -21.826469 154.760495
4980 -28.837762 -22.087382 154.760495
4981 -28.662379 -22.595406 154.760495
4982 -28.588815 -22.844522 155.514793
5007 -28.041170 -32.610670 164.941599
5008 -28.068405 -32.951704 164.941599
5009 -28.133087 -33.172395 166.060745
5010 -28.219443 -33.770262 166.060745
5011 -28.210576 -33.899863 166.060745
5012 -28.184045 -34.238761 167.149547
5013 -28.168740 -34.753524 167.149547
5014 -28.172172 -35.338398 167.149547
5015 -28.173167 -35.568350 168.094054
5016 -28.168897 -35.840816 168.094054
5017 -28.161588 -36.378262 169.040146
5044 -27.633302 -47.079017 179.594797
5045 -27.670759 -47.436790 179.594797
5046 -27.719124 -47.889169 179.594797
5047 -27.727060 -48.048957 180.964558
5048 -27.756232 -48.462929 180.964558
5049 -27.785093 -48.992125 180.964558
5050 -27.784735 -49.172125 181.980359
5051 -27.783970 -49.557124 181.980359
5052 -27.782927 -50.082123 181.980359
5053 -27.793804 -50.291833 182.974455
5054 -27.817144 -50.696160 182.974455
5085 -29.204262 -61.673592 193.918672
5086 -29.224398 -62.010301 193.918672
5087 -29.281129 -62.484418 194.914472
5088 -29.329177 -63.027228 194.914472
5089 -29.346736 -63.581824 194.914472
5090 -29.347342 -64.049180 195.874376
5091 -29.349566 -64.288435 195.874376
5092 -29.523955 -64.539950 195.874376
5093 -29.850760 -64.863606 197.435790
5094 -29.929039 -65.066820 197.435790
5095 -29.856088 -65.545231 197.435790
5129 -31.798812 -77.927224 210.379779
5130 -31.746663 -78.153048 210.379779
5131 -31.772356 -78.634813 210.379779
5132 -31.797075 -78.845756 211.352907
5133 -31.819140 -79.204707 211.352907
5134 -31.786376 -79.758621 211.889904
5135 -31.771699 -79.998125 211.889904
5136 -31.748716 -80.332303 211.889904
5137 -31.650371 -80.829261 212.748611
5138 -31.588769 -80.976918 212.748611
5139 -31.407102 -81.349885 212.748611
5179 -29.354159 -95.142711 227.949845
5180 -29.354159 -95.142711 228.732621
5181 -29.354159 -95.142711 228.732621
5182 -29.354159 -95.142711 228.732621
5183 -29.354159 -95.142711 228.732621
5184 -29.354159 -95.142711 228.732621
5185 -29.424428 -95.178085 228.732621
5186 -29.516640 -95.441451 228.732621
5187 -29.565493 -95.948702 228.732621
5188 -29.512965 -96.490541 228.732621
5189 -29.473287 -96.642277 228.732621
5232 -29.523320 -111.629710 236.029430
5233 -29.458236 -111.846979 236.029430
5234 -29.462418 -112.281652 236.029430
5235 -29.502859 -112.774971 236.029430
5236 -29.531297 -113.043458 236.029430
5237 -29.536390 -113.482879 236.029430
5238 -29.461285 -113.920746 236.029430
5239 -29.294350 -114.412799 236.029430
5240 -29.156471 -114.656385 236.029430
5241 -28.981064 -115.070067 236.029430
5242 -28.884037 -115.398226 236.029430
