5 -46.500000 109.000000 0.000000
6 -46.571832 109.054197 9.861541
7 -46.644027 109.171856 9.861541
8 -46.572971 109.560995 9.861541
9 -46.275915 110.085097 13.471823
10 -45.880444 110.375941 13.471823
11 -45.578656 110.464065 20.072121
12 -45.314619 110.483834 20.072121
13 -44.859701 110.491223 20.072121
14 -44.213249 110.527125 20.072121
15 -43.567378 110.573008 21.439450
16 -42.923959 110.643204 22.363587
17 -42.296242 110.808010 22.363587
18 -41.696943 111.059100 23.461671
19 -41.175703 111.319093 23.461671
20 -40.552263 111.668937 24.174574
21 -39.945358 112.046830 24.512242
22 -39.460894 112.374715 24.512242
23 -39.169924 112.577714 24.579057
24 -39.065085 112.746723 24.579057
25 -38.974884 113.206911 24.579057
26 -38.923195 113.734336 24.579057
27 -38.844907 114.253178 24.579057
28 -38.753981 114.511981 24.544858
29 -38.589783 114.882159 24.544858
30 -38.405512 115.468587 24.544858
31 -38.270738 115.926635 25.393110
32 -38.196072 116.067979 25.393110
33 -38.014035 116.456724 27.372432
34 -37.949165 116.733756 27.372432
35 -37.952775 116.743082 30.717585
36 -37.956831 116.752223 30.717585
37 -37.995648 116.761493 31.340230
38 -38.138375 116.694220 31.340230
39 -38.247590 116.261605 31.340230
40 -38.242202 115.763350 31.340230
41 -38.133697 115.266793 31.340230
42 -38.110458 115.128736 31.340230
43 -38.032304 114.711054 31.340230
44 -37.919713 114.162490 31.340230
45 -37.866729 113.831708 31.340230
46 -37.866729 113.831708 31.340230
47 -37.841018 113.816303 31.340230
48 -37.781360 113.812502 31.340230
49 -37.712785 113.834912 31.340230
50 -37.572050 114.029769 31.340230
51 -37.544725 114.531488 31.340230
52 -37.575397 114.698597 31.340230
53 -37.599875 115.146633 31.340230
54 -37.515638 115.694326 31.340230
55 -37.450846 115.882981 31.340230
56 -37.227059 116.357790 31.340230
57 -37.074939 116.754553 31.340230
58 -37.034454 116.945261 31.340230
59 -36.898705 117.394991 31.340230
60 -36.579692 117.940543 31.340230
61 -36.112257 118.390391 31.820906
62 -35.579348 118.762324 31.820906
63 -35.094525 119.089684 33.451009
64 -34.494284 119.473436 33.451009
65 -33.878257 119.826409 34.072423
66 -33.379671 120.132120 34.563710
67 -32.838393 120.491999 34.678091
68 -32.732401 120.562865 34.678091
69 -32.717139 120.549978 34.678091
70 -32.664623 120.290142 34.678091
71 -33.008438 119.871979 34.678091
72 -33.560682 119.532631 34.678091
73 -34.172400 119.313498 34.678091
74 -34.842281 119.064169 34.678091
75 -35.364192 118.800567 34.678091
76 -35.895294 118.426792 34.678091
77 -36.371132 118.002882 34.678091
78 -36.746231 117.497583 34.678091
79 -36.860483 117.264093 34.678091
80 -37.096069 116.898659 34.678091
81 -37.423674 116.426121 34.678091
82 -37.799330 115.930055 34.678091
83 -38.195166 115.353306 34.678091
84 -38.284768 115.245942 34.678091
85 -38.561747 114.923658 34.678091
86 -38.894486 114.393234 34.678091
87 -38.964376 114.227397 34.678091
88 -39.171677 113.805605 34.678091
90 -39.474363 113.152368 34.678091
90 -39.575340 112.974207 34.678091
91 -39.792629 112.644347 34.678091
92 -40.130026 112.124205 34.678091
93 -40.241725 111.964570 34.678091
94 -40.465296 111.669785 34.678091
95 -40.838131 111.107491 34.678091
96 -40.921068 110.936578 34.678091
97 -41.137394 110.559288 34.678091
98 -41.297097 110.231459 34.678091
99 -41.442076 109.907415 34.678091
101 -41.684528 109.372289 34.678091
101 -41.775348 109.234661 34.678091
102 -41.996242 108.895268 34.678091
103 -42.307511 108.288446 34.678091
104 -42.407985 108.127206 34.678091
105 -42.603277 107.761586 34.678091
106 -42.904612 107.203247 34.678091
107 -43.294850 106.686992 34.678091
108 -43.732905 106.207159 34.678091
109 -44.189921 105.744956 34.678091
110 -44.637190 105.273345 34.678091
112 -45.201583 104.644493 34.678091
112 -45.241721 104.599895 34.678091
113 -45.282736 104.609924 34.678091
114 -45.397308 104.770899 34.678091
115 -45.281567 105.225316 34.678091
116 -44.914199 105.724243 34.793247
117 -44.403363 106.125761 34.793247
118 -43.877564 106.507896 34.678091
119 -43.348246 106.885144 34.678091
120 -42.884474 107.241035 34.678091
121 -42.419453 107.756057 34.793247
123 -42.011473 108.369876 34.793247
123 -41.932606 108.465752 34.793247
124 -41.611440 108.542611 34.793247
125 -41.011368 108.495469 34.793247
126 -40.403365 108.273841 34.793247
127 -39.807787 108.013861 34.793247
128 -39.222368 107.731409 34.793247
129 -38.695599 107.476973 34.793247
130 -38.049159 107.171475 34.793247
131 -37.395051 106.882971 34.793247
132 -36.849393 106.679258 34.793247
134 -36.056741 106.394025 34.793247
134 -35.932787 106.354843 34.793247
135 -35.904133 106.370048 34.793247
136 -35.784131 106.601508 34.793247
137 -35.855225 107.124855 34.678091
138 -35.893975 107.225077 34.678091
139 -36.074945 107.606760 34.678091
140 -36.222673 108.173722 34.678091
141 -36.253150 108.612616 34.678091
142 -36.301694 108.813893 34.678091
143 -36.452868 109.248330 34.678091
145 -36.638172 109.606869 34.678091
145 -36.743929 109.782445 34.678091
146 -36.932366 110.312085 34.678091
147 -36.969481 110.840107 34.678091
148 -36.948672 111.259473 34.678091
149 -36.910094 111.506400 34.678091
150 -36.855875 111.942856 34.678091
151 -36.849251 112.412565 34.678091
152 -36.852379 112.632479 34.678091
153 -36.844154 113.117410 34.678091
154 -36.836267 113.582343 34.678091
156 -36.815154 114.206828 34.678091
156 -36.815960 114.336825 34.678091
157 -36.818315 114.716818 34.678091
158 -36.821227 115.186809 34.678091
159 -36.807956 115.386363 34.678091
160 -36.805599 115.831249 34.678091
161 -36.829360 116.345632 34.678091
162 -36.858571 116.879676 34.678091
163 -36.832540 117.348512 34.678091
164 -36.608451 117.948684 34.678091
165 -36.177763 118.515057 34.678091
167 -35.510486 119.133226 34.678091
167 -35.266002 119.347356 34.678091
168 -34.786861 119.786563 34.678091
169 -34.315128 120.233737 34.678091
170 -33.839063 120.676296 34.678091
171 -33.358580 121.114041 34.678091
172 -32.917641 121.498481 34.678091
173 -32.380310 121.970173 34.678091
174 -31.850545 122.449965 34.678091
175 -31.451214 122.933157 34.678091
176 -31.149834 123.394586 37.230767
178 -30.795034 124.141327 38.193848
178 -30.694906 124.375838 38.193848
179 -30.646407 124.540462 38.193848
180 -30.643320 124.884681 38.193848
181 -30.699359 125.461944 38.193848
182 -30.733047 125.950666 38.021705
183 -30.737805 126.165603 38.021705
184 -30.753290 126.575311 38.640005
185 -30.759021 126.875196 38.640005
186 -30.758209 127.240195 38.640005
187 -30.757169 127.707694 38.741838
189 -30.781395 128.209509 38.398568
189 -30.784507 128.429486 38.398568
190 -30.780248 128.874364 38.398568
191 -30.746664 129.051181 38.398568
192 -30.673688 129.500121 38.021705
193 -30.631815 130.028427 38.021705
194 -30.552065 130.485125 38.021705
195 -30.498175 130.630398 38.021705
196 -30.348664 131.006773 38.021705
197 -30.177800 131.539600 38.021705
198 -30.057075 132.050517 38.467779
200 -29.855065 132.912931 38.705685
200 -29.846346 132.969766 38.705685
201 -29.844785 133.019491 38.705685
202 -29.872804 133.085254 38.705685
203 -30.025378 133.175291 38.705685
204 -30.440628 133.165899 38.705685
205 -31.093554 132.909664 38.833620
206 -31.610917 132.636796 38.833620
207 -32.236359 132.290326 38.680357
208 -32.810561 131.985735 38.680357
209 -33.332783 131.722216 38.680357
212 -34.568050 131.147339 38.680357
213 -35.095857 130.933071 38.680357
214 -35.797684 130.928054 38.680357
215 -36.425678 131.262066 38.680357
216 -36.908029 131.592915 38.680357
217 -37.434357 131.974315 38.680357
218 -37.984429 132.320045 38.680357
219 -38.570482 132.600534 38.680357
220 -39.169885 132.851929 38.680357
221 -39.763187 133.117008 38.680357
222 -40.289157 133.367317 38.833620
224 -41.824773 134.066567 38.833620
225 -41.944704 134.116733 38.833620
226 -41.944704 134.116733 38.833620
227 -41.999208 133.914391 38.833620
228 -41.733219 133.438320 38.833620
229 -41.215523 133.188907 38.833620
230 -40.579414 133.069011 38.833620
231 -39.942571 132.952222 38.833620
232 -39.307005 132.816279 38.833620
233 -38.683442 132.651466 38.833620
234 -38.062336 132.459921 38.833620
237 -36.401668 131.909462 38.833620
238 -35.845060 131.729480 38.833620
239 -35.169868 131.502370 38.833620
240 -34.500939 131.257072 38.833620
241 -33.946168 131.071501 38.833620
242 -33.323168 130.886458 38.833620
243 -32.692332 130.741080 38.833620
244 -32.108457 130.489536 38.833620
245 -31.834080 130.273779 38.833620
246 -31.655166 130.047038 38.833620
247 -31.522391 129.583385 38.833620
249 -31.602551 128.752874 38.833620
250 -31.598229 128.247894 38.833620
251 -31.601746 128.085435 38.833620
252 -31.601839 127.640439 38.833620
253 -31.595268 127.353071 38.833620
254 -31.578965 126.983431 38.833620
255 -31.566292 126.433583 38.833620
256 -31.575437 126.003716 38.833620
257 -31.604721 125.469548 38.833620
258 -31.616175 125.254853 38.833620
259 -31.633572 124.870265 38.833620
262 -31.605995 123.375680 38.833620
263 -31.584054 122.826159 38.833620
264 -31.594953 122.666822 38.833620
265 -31.609521 122.307203 38.833620
266 -31.602664 121.681065 38.833620
267 -31.576809 121.541039 38.833620
268 -31.527624 121.129366 38.833620
269 -31.521837 120.792060 38.833620
270 -31.529348 120.462146 38.833620
271 -31.540812 119.906014 38.833620
272 -31.555507 119.700655 38.833620
275 -31.630900 118.488758 38.833620
276 -31.650297 118.284689 38.833620
277 -31.680500 117.915946 38.833620
278 -31.641184 117.364383 38.833620
279 -31.380070 116.786667 38.833620
280 -31.193099 116.483764 38.833620
281 -30.975885 116.269767 38.833620
282 -30.662534 115.832936 38.833620
283 -30.572441 115.608213 38.833620
284 -30.475823 115.261423 38.833620
285 -30.371580 114.859911 38.833620
288 -30.197804 113.854485 38.833620
289 -30.202904 113.549554 38.833620
290 -30.213810 113.159738 38.833620
291 -30.236115 112.930832 38.833620
292 -30.239621 112.501218 38.833620
293 -30.194844 111.985723 38.833620
294 -30.110434 111.566742 38.833620
295 -30.016869 111.334952 38.833620
296 -29.821708 110.788784 38.833620
297 -29.741444 110.559963 38.833620
298 -29.626929 110.255808 38.833620
301 -29.387212 108.944707 38.833620
302 -29.332770 108.695747 38.833620
303 -29.338757 108.246653 38.833620
304 -29.359045 108.040148 38.833620
305 -29.393756 107.553952 38.833620
306 -29.396563 107.114156 38.833620
307 -29.325500 106.890671 38.833620
308 -29.170718 106.415631 38.833620
309 -29.057416 105.897928 38.833620
310 -28.933607 105.544039 38.833620
311 -28.907899 105.383630 38.833620
314 -28.672250 104.172396 38.833620
315 -28.630441 103.725007 38.833620
316 -28.687181 103.284100 38.833620
317 -28.760762 103.092884 38.833620
318 -28.896560 102.648962 38.833620
319 -28.934237 102.316692 38.833620
320 -28.907330 102.037992 38.833620
321 -28.884283 101.633705 38.833620
322 -28.887390 101.138751 38.833620
323 -28.901606 100.906725 38.833620
324 -28.906990 100.474278 38.833620
327 -28.923436 99.004197 38.833620
328 -28.950903 98.867304 38.833620
329 -29.049426 98.454045 38.833620
330 -29.087306 98.159110 38.833620
331 -29.103037 97.784652 38.705685
332 -29.084311 97.256269 38.705685
333 -29.047712 97.014050 38.705685
334 -29.035460 96.554559 38.705685
335 -29.049326 96.019739 38.705685
336 -29.044986 95.629807 38.705685
337 -29.049298 95.159885 38.705685
341 -29.041032 94.076292 39.289822
342 -29.050629 93.962350 39.289822
343 -29.271586 93.813437 39.289822
344 -29.858864 93.946049 39.929564
345 -30.371507 94.218310 39.929564
346 -30.896473 94.601084 40.104490
347 -31.373929 95.041926 40.104490
348 -31.852450 95.465847 40.104490
349 -32.439177 95.725002 40.104490
350 -33.077703 95.809133 40.104490
351 -33.657120 95.887701 40.104490
355 -36.412888 96.163721 40.104490
356 -36.542610 96.155225 40.104490
357 -36.549782 96.173868 40.104490
358 -36.523430 96.288357 40.027117
359 -36.195665 96.410619 40.027117
360 -35.535334 96.404087 40.027117
361 -34.965517 96.272616 40.104490
362 -34.342856 96.095143 40.104490
363 -33.731634 95.881587 40.027117
364 -33.116146 95.681761 40.027117
365 -32.558255 95.515371 40.027117
370 -31.325666 93.599051 40.027117
371 -31.291424 93.098102 40.027117
372 -31.329287 92.891600 39.832777
373 -31.382170 92.414749 39.832777
374 -31.362431 92.210840 40.441193
375 -31.329585 91.802296 40.441193
376 -31.297308 91.245916 40.441193
377 -31.183381 90.749732 41.620309
378 -31.006966 90.341317 41.620309
379 -30.945010 90.138071 42.307566
380 -30.803783 89.666257 42.307566
384 -30.481822 87.864441 44.186538
385 -30.473119 87.534994 44.186538
386 -30.556240 86.986374 45.097784
387 -30.606795 86.762017 45.097784
388 -30.659173 86.340603 46.076568
389 -30.663636 85.808338 46.076568
390 -30.648822 85.609017 46.076568
391 -30.623782 85.229949 47.067294
392 -30.624640 84.785048 47.067294
393 -30.640009 84.415431 47.067294
394 -30.647832 84.070583 47.835239
399 -30.601653 81.962249 49.525449
400 -30.582377 81.744371 49.525449
401 -30.447802 81.335977 49.525449
402 -30.353469 81.014708 50.754016
403 -30.271057 80.721082 50.754016
404 -30.104687 80.170698 50.754016
405 -30.028656 80.002994 51.754905
406 -29.813945 79.636513 51.754905
407 -29.626167 79.070359 51.754905
408 -29.606407 78.946930 52.607700
409 -29.528798 78.483409 52.607700
415 -29.067701 76.302288 55.407311
416 -28.963697 75.803339 55.407311
417 -28.994316 75.256198 55.407311
418 -29.066174 74.842420 56.414273
419 -29.145375 74.558313 56.414273
420 -29.233039 74.041557 57.284991
421 -29.229034 73.822662 57.284991
422 -29.183075 73.445621 58.226885
423 -29.170389 73.080927 58.226885
424 -29.175510 72.785972 58.226885
425 -29.184914 72.371116 58.226885
431 -29.182294 69.947597 61.063657
432 -29.222672 69.534790 61.063657
433 -29.312204 69.150786 61.063657
434 -29.404140 68.665248 61.950385
435 -29.412865 68.173296 61.950385
436 -29.395412 67.948994 62.853561
437 -29.372743 67.484625 62.853561
438 -29.364082 66.869696 63.915336
439 -29.373310 66.740024 63.915336
440 -29.395033 66.320617 64.809337
441 -29.403156 65.790696 64.809337
448 -29.401569 62.854281 67.970951
449 -29.432883 62.628302 67.970951
450 -29.563606 62.224060 68.944690
451 -29.644717 61.682164 68.944690
452 -29.645600 61.497170 68.944690
453 -29.647255 60.972173 69.576794
454 -29.637526 60.597361 69.576794
455 -29.636664 60.392522 70.536021
456 -29.647568 60.037699 70.536021
457 -29.651509 59.482722 70.536021
458 -29.645773 59.242841 71.418837
466 -29.648634 56.657023 73.453729
467 -29.656556 56.593286 74.437156
468 -29.836048 56.466883 74.437156
469 -30.312877 56.562625 74.822525
470 -30.841158 56.807709 74.822525
471 -31.440358 57.193062 74.962192
472 -32.083742 57.495919 74.962192
473 -32.641828 57.662097 74.962192
474 -33.273611 57.802904 74.962192
475 -33.907198 57.923656 74.962192
476 -34.541001 58.056121 74.962192
484 -37.218307 58.546095 74.962192
485 -37.202638 58.418973 74.962192
486 -37.006236 58.214360 74.962192
487 -36.329485 58.116345 74.909614
488 -35.749520 58.120457 74.909614
489 -35.103364 58.083017 74.909614
490 -34.460385 57.988500 74.909614
491 -33.827113 57.853816 74.909614
492 -33.203218 57.671631 74.909614
493 -32.577902 57.494342 74.909614
494 -32.023568 57.308721 74.909614
503 -30.631369 53.764654 76.010856
504 -30.630625 53.265771 76.010856
505 -30.721045 52.861106 77.029412
506 -30.780325 52.405374 77.029412
507 -30.765830 52.271238 77.904109
508 -30.726207 51.803147 77.904109
509 -30.713783 51.243290 77.904109
510 -30.717356 50.768321 78.923066
511 -30.709523 50.233382 78.923066
512 -30.689649 49.833910 79.989314
513 -30.674361 49.314152 79.989314
523 -30.668060 45.376209 83.941470
524 -30.706502 45.013564 84.960993
525 -30.739282 44.803744 84.960993
526 -30.786807 44.497552 84.960993
527 -30.786142 43.883320 85.851327
528 -30.751268 43.707388 85.851327
529 -30.649090 43.320691 86.938198
530 -30.534517 42.808565 86.938198
531 -30.478303 42.570319 86.938198
532 -30.371188 42.252917 88.044139
533 -30.195478 41.742347 88.044139
544 -29.720138 37.511127 93.074220
545 -29.747382 37.214916 93.074220
546 -29.777902 36.771342 93.074220
547 -29.764953 36.459393 93.074220
548 -29.734115 36.176147 94.136977
549 -29.717411 35.581436 94.136977
550 -29.711699 34.991470 94.136977
551 -29.713951 34.586544 94.766082
552 -29.711512 34.126822 94.766082
553 -29.691947 33.857531 94.766082
554 -29.672740 33.347963 94.766082
566 -29.644878 28.645753 94.988475
567 -29.664897 28.187142 94.988475
568 -29.752667 27.772400 94.988475
569 -29.825064 27.525623 95.034154
570 -29.894819 27.246773 95.034154
571 -30.002229 26.642805 95.080231
572 -30.056499 26.425996 95.080231
573 -30.158428 26.052226 95.171059
574 -30.267000 25.504238 95.171059
575 -30.362458 25.116610 95.171059
576 -30.516442 24.671988 95.369232
589 -31.859037 20.083480 100.957270
590 -32.068253 19.663617 100.957270
591 -32.539331 19.232362 100.957270
592 -33.123629 18.948133 100.957270
593 -33.740922 18.745835 100.957270
594 -34.300218 18.574728 100.957270
595 -34.963626 18.308929 100.957270
596 -35.595536 17.974572 101.501775
597 -36.100003 17.678568 101.550433
598 -36.627071 17.298753 101.550433
599 -37.121077 16.876436 110.921100
607 -40.740468 13.326301 111.087040
608 -40.740468 13.326301 111.087040
609 -40.740468 13.326301 111.087040
610 -40.620321 13.258605 111.159932
611 -40.228754 13.333307 111.159932
612 -39.859492 13.751483 111.159932
613 -39.539181 14.287888 111.159932
614 -39.210319 14.800309 111.184938
615 -38.816618 15.307777 111.184938
616 -38.385018 15.790303 111.184938
617 -37.934695 16.258988 111.184938
631 -31.298549 22.347243 111.184938
632 -31.285503 22.493994 111.184938
633 -31.299052 22.928595 111.184938
634 -31.334344 23.512528 111.184938
635 -31.330129 23.659955 111.184938
636 -31.292210 24.083220 111.184938
637 -31.273404 24.532712 111.184938
638 -31.261014 24.789870 111.184938
639 -31.250617 25.174653 111.184938
640 -31.271341 25.684161 111.184938
641 -31.312821 25.864385 111.184938
656 -30.683202 30.785270 111.184938
657 -30.737654 31.226855 111.184938
658 -30.753072 31.651574 111.184938
659 -30.753677 32.106532 111.184938
660 -30.764580 32.476302 111.184938
661 -30.760628 33.001247 111.184938
662 -30.767724 33.233639 111.184938
663 -30.780153 33.675959 111.184938
664 -30.787377 34.133402 111.184938
665 -30.781809 34.363335 111.184938
666 -30.771158 34.803206 111.184938
680 -31.001434 40.363797 111.011939
681 -31.013264 40.513330 111.011939
682 -31.031389 40.947846 111.011939
683 -31.034433 41.137820 111.011939
684 -31.038744 41.527796 111.011939
685 -31.034174 41.982683 111.011939
686 -31.034588 42.360102 111.011939
687 -31.024654 42.797421 111.011939
688 -31.028054 42.967256 111.011939
689 -31.015842 43.346212 111.184938
690 -30.909348 43.895937 111.184938
705 -31.037767 49.834912 111.011939
706 -31.075376 50.388111 111.011939
707 -31.133332 50.612722 111.011939
708 -31.226320 51.036699 111.011939
709 -31.239787 51.491060 111.011939
710 -31.225881 51.727957 111.011939
711 -31.198210 52.202059 111.011939
712 -31.192326 52.677005 111.011939
713 -31.204082 53.071771 111.011939
714 -31.204366 53.376709 111.011939
715 -31.201363 53.751696 111.011939
731 -31.173945 60.977640 111.011939
732 -31.167427 61.127469 111.011939
733 -31.150649 61.562119 111.011939
734 -31.156492 62.046939 111.011939
735 -31.159077 62.429364 111.011939
736 -31.157670 62.672485 111.011939
737 -31.155731 63.007479 111.011939
738 -31.153129 63.566223 111.011939
739 -31.162222 63.806050 111.011939
740 -31.174972 64.250821 111.011939
741 -31.147610 64.442237 111.184938
757 -31.185615 70.435517 111.011939
758 -31.220805 70.696769 111.011939
759 -31.327348 71.102598 111.011939
760 -31.351135 71.305939 111.011939
761 -31.363173 71.610672 111.011939
762 -31.371825 72.205602 111.011939
763 -31.370822 72.393079 111.011939
764 -31.353363 72.882751 111.011939
765 -31.346653 73.362703 111.011939
766 -31.335897 73.647447 111.011939
767 -31.316574 74.036966 111.011939
784 -37.889198 77.373099 111.011939
785 -37.947291 77.358936 111.011939
786 -38.035549 77.280298 111.011939
787 -38.094636 77.012904 111.011939
788 -38.053711 76.524937 111.011939
789 -37.972584 76.100285 111.011939
790 -37.949732 75.866408 111.011939
791 -37.880873 75.401512 111.011939
792 -37.809725 75.209611 111.011939
793 -37.629322 74.770248 111.011939
794 -37.474721 74.271338 111.011939
811 -36.402786 68.704705 111.011939
812 -36.402786 68.704705 111.011939
813 -36.410262 68.698064 111.011939
814 -36.585581 68.673554 111.011939
815 -36.963859 68.979426 111.011939
816 -37.281635 69.473311 111.011939
817 -37.323407 69.601684 111.011939
818 -37.467857 69.985359 111.011939
819 -37.658984 70.527632 111.011939
820 -37.741364 70.720780 111.011939
821 -37.946883 71.176495 111.011939
840 -44.894240 77.638959 111.011939
841 -44.926984 77.676490 111.011939
842 -44.919000 77.740068 111.011939
843 -44.742229 77.854830 111.011939
844 -44.250517 77.938635 111.011939
845 -43.605630 77.947001 111.011939
846 -43.023255 77.956027 111.011939
847 -42.314920 78.029946 111.011939
848 -41.610096 78.149911 111.011939
849 -41.036762 78.265942 111.011939
850 -40.404093 78.403670 111.011939
870 -31.454914 83.087554 111.011939
871 -31.454914 83.087554 111.011939
872 -31.454914 83.087554 111.011939
873 -31.392619 83.031554 111.011939
874 -31.338984 82.725455 111.011939
875 -31.358380 82.394154 111.011939
876 -31.447825 82.171585 111.011939
877 -31.553479 81.757603 111.011939
878 -31.871430 81.130662 111.011939
879 -32.454357 80.726972 111.011939
880 -32.971267 80.469825 111.011939
900 -44.556721 75.477446 111.011939
901 -44.780169 75.016623 111.011939
902 -44.866653 74.641620 111.011939
903 -44.798263 74.370938 111.011939
904 -44.681427 73.926494 111.011939
905 -44.650716 73.502948 111.011939
906 -44.698900 73.090873 111.011939
907 -44.738877 72.818796 111.011939
908 -44.794276 72.284332 111.011939
909 -44.817440 71.940131 111.011939
910 -44.850707 71.636951 111.011939
930 -46.449298 65.337472 111.011939
931 -46.449298 65.337472 111.011939
932 -46.410911 65.347954 111.011939
933 -46.294520 65.507649 111.011939
934 -46.275433 66.018031 111.011939
935 -46.355172 66.558887 111.011939
936 -46.419266 66.892689 111.011939
937 -46.461332 67.174561 111.011939
938 -46.497841 67.517468 111.011939
939 -46.508090 67.777266 111.011939
940 -46.530239 68.186620 111.011939
961 -48.031392 77.016289 111.011939
962 -48.123802 77.152886 111.011939
963 -48.364343 77.527179 111.011939
964 -48.682147 78.006021 111.011939
965 -49.184691 78.511807 111.011939
966 -49.804021 78.866509 111.011939
967 -50.331841 79.118733 111.011939
968 -50.983211 79.390141 111.011939
969 -51.548267 79.518063 111.011939
970 -52.190758 79.570619 111.011939
971 -52.835700 79.572046 111.011939
992 -55.414802 79.502063 111.011939
993 -55.430720 79.571184 111.011939
994 -55.301716 79.719979 111.011939
995 -54.826781 79.767409 111.011939
996 -54.259042 79.734210 111.011939
997 -53.612185 79.709703 111.011939
998 -52.964726 79.716897 111.011939
999 -52.317280 79.715006 111.011939
1000 -51.672886 79.688365 111.011939
1001 -51.091246 79.656728 111.011939
1002 -50.379594 79.622159 111.011939
1023 -36.551641 79.737255 111.011939
1024 -35.837995 79.780964 111.011939
1025 -35.128990 79.851296 111.011939
1026 -34.551937 79.909665 111.011939
1027 -33.907225 79.990439 111.011939
1028 -33.281773 80.164220 111.011939
1029 -32.692417 80.431097 111.011939
1030 -32.189331 80.724173 111.011939
1031 -31.679111 81.192659 111.011939
1032 -31.458854 81.562982 111.011939
1033 -31.366149 81.821802 111.011939
1055 -31.314313 91.006000 111.184938
1056 -31.306691 91.395923 111.184938
1057 -31.303594 91.625902 111.184938
1058 -31.300754 92.105893 111.184938
1059 -31.300587 92.595892 111.184938
1060 -31.305849 93.000793 111.184938
1061 -31.282545 93.465130 111.184938
1062 -31.314565 93.903378 111.184938
1063 -31.393718 94.171881 111.184938
1064 -31.470306 94.589753 111.184938
1065 -31.474513 94.794692 111.184938
1087 -44.277596 96.170787 111.011939
1088 -44.925696 96.213663 111.011939
1089 -45.505529 96.266348 111.011939
1090 -46.230291 96.210474 111.011939
1091 -46.554313 96.163015 111.011939
1113 -46.786041 96.117112 111.011939
1114 -46.741676 96.007290 111.011939
1115 -46.822549 95.821971 111.011939
1116 -46.921617 95.719572 111.011939
1117 -47.085841 95.619617 111.011939
1118 -47.293751 95.601484 111.011939
1119 -47.404884 95.629349 111.011939
1120 -47.409635 95.630907 111.011939
1121 -47.409635 95.630907 111.011939
1122 -47.409635 95.630907 111.011939
1123 -47.409635 95.630907 111.011939
1145 -47.409635 95.630907 111.011939
1146 -47.409635 95.630907 111.011939
1147 -47.409635 95.630907 111.011939
1148 -47.409635 95.630907 111.011939
1149 -47.409635 95.630907 111.011939
1150 -47.409635 95.630907 111.011939
1151 -47.409635 95.630907 111.011939
1152 -47.409635 95.630907 111.011939
1153 -47.409635 95.630907 111.011939
1154 -47.409635 95.630907 111.011939
1155 -47.409635 95.630907 111.011939
1177 -47.426001 95.642403 111.011939
1178 -47.466444 95.671787 111.011939
1179 -47.466444 95.671787 111.011939
1180 -47.466444 95.671787 111.011939
1181 -47.525866 95.657583 111.011939
1182 -47.668998 95.781352 111.011939
1183 -47.616315 96.012675 111.011939
1184 -47.246376 96.166522 111.011939
1185 -46.603996 96.202550 111.011939
1186 -45.964129 96.105425 111.011939
1187 -45.325681 95.998146 111.011939
1209 -31.596850 96.718690 111.011939
1210 -31.500049 96.932815 111.011939
1211 -31.373820 97.373737 111.011939
1212 -31.378223 97.882296 111.011939
1213 -31.430256 98.130693 111.011939
1214 -31.506701 98.435720 111.011939
1215 -31.530287 98.984486 111.011939
1216 -31.505102 99.373609 111.011939
1217 -31.479446 99.807829 111.011939
1218 -31.461945 100.066901 111.011939
1219 -31.326231 100.400096 111.011939
1241 -36.799275 102.535447 111.011939
1242 -36.819092 102.532901 111.011939
1243 -36.983931 102.631663 111.011939
1244 -37.009093 103.024483 111.011939
1245 -36.519265 103.496238 111.011939
1246 -36.003429 103.764536 111.011939
1247 -35.403290 104.007409 111.011939
1248 -34.834233 104.314962 111.011939
1249 -34.343993 104.697927 111.011939
1250 -33.823668 105.034407 111.184938
1251 -33.253333 105.160244 110.796076
1274 -31.004177 96.990847 111.184938
1275 -31.032373 96.733147 111.184938
1276 -31.114163 96.393016 111.184938
1277 -31.164590 95.926049 111.184938
1278 -31.159723 95.326326 111.184938
1279 -31.157221 94.896398 111.184938
1280 -31.150405 94.696676 111.184938
1281 -31.128038 94.312414 111.184938
1282 -31.116226 93.757551 111.184938
1283 -31.125847 93.235211 111.184938
1284 -31.117382 93.077939 111.184938
1307 -31.190091 84.307950 111.184938
1308 -31.237306 83.810433 111.184938
1309 -31.293391 83.521515 111.184938
1310 -31.391787 83.154835 111.184938
1311 -31.451904 82.593567 111.184938
1312 -31.442803 82.364609 111.184938
1313 -31.392001 82.076706 111.184938
1314 -31.362352 81.486565 111.184938
1315 -31.366614 81.236651 111.184938
1316 -31.379406 80.866872 111.184938
1317 -31.382380 80.539468 111.184938
1341 -31.433121 71.853115 111.184938
1342 -31.462322 71.393762 111.184938
1343 -31.519602 71.239209 111.184938
1344 -31.636280 70.849543 111.184938
1345 -31.685525 70.390012 111.184938
1346 -31.661695 70.181435 111.184938
1347 -31.629311 69.717755 111.184938
1348 -31.613879 69.468249 111.184938
1349 -31.609905 69.023269 111.184938
1350 -31.606257 68.523283 111.184938
1351 -31.615193 68.293457 111.184938
1374 -31.925384 58.764944 111.184938
1375 -32.413266 58.346226 111.184938
1376 -33.006870 58.081898 111.184938
1377 -33.620013 57.866575 111.184938
1378 -34.177121 57.688116 111.184938
1379 -34.852019 57.452122 111.184938
1380 -35.519752 57.196896 111.184938
1381 -36.059005 56.970126 111.184938
1382 -36.657318 56.716208 111.184938
1383 -37.251699 56.453143 111.184938
1384 -37.845835 56.189513 111.184938
1407 -46.594986 54.759808 111.184938
1408 -46.409236 54.563874 111.184938
1409 -46.123660 54.284341 111.184938
1410 -45.598235 53.969949 111.184938
1411 -44.972587 53.806751 111.184938
1412 -44.333669 53.702503 111.184938
1413 -43.695140 53.611687 111.184938
1414 -43.121892 53.495178 111.184938
1415 -42.429407 53.327582 111.184938
1416 -41.809911 53.148051 111.184938
1417 -41.187260 52.961571 111.184938
1440 -31.616905 46.969723 111.184938
1441 -31.621448 46.504860 111.184938
1442 -31.620772 46.514837 111.184938
1443 -31.573646 46.351666 111.184938
1444 -31.589966 45.965118 111.184938
1445 -31.949722 45.369454 111.184938
1446 -32.556256 45.015904 111.184938
1447 -33.189310 44.884503 111.184938
1448 -33.768675 44.824444 111.184938
1449 -34.414190 44.748454 111.184938
1450 -35.057611 44.656351 111.184938
1474 -45.999897 41.858817 110.796076
1475 -45.850889 41.785923 110.796076
1476 -45.483313 41.773064 110.796076
1477 -44.877308 41.941546 110.796076
1478 -44.277982 42.186101 110.796076
1479 -43.669926 42.415099 110.796076
1480 -43.045691 42.596003 110.796076
1481 -42.415230 42.754035 110.796076
1482 -41.842537 42.873350 110.796076
1483 -41.143342 43.022744 110.796076
1484 -40.443003 43.166646 110.796076
1507 -31.358861 48.980931 111.184938
1508 -31.358861 48.980931 111.184938
1509 -31.358861 48.980931 111.184938
1510 -31.311899 48.944616 111.184938
1511 -31.239263 48.682936 111.184938
1512 -31.245667 48.184389 111.184938
1513 -31.304421 47.739645 111.184938
1514 -31.344801 47.498006 111.184938
1515 -31.392734 47.093363 111.184938
1516 -31.431200 46.579848 111.184938
1517 -31.449756 46.012952 111.184938
1540 -31.338201 36.530181 111.184938
1541 -31.322718 36.076139 111.184938
1542 -31.350836 35.802636 111.184938
1543 -31.374435 35.398522 111.184938
1544 -31.347200 34.869380 111.184938
1545 -31.351329 34.664432 111.184938
1546 -31.345608 34.234472 111.184938
1547 -31.351725 33.834580 111.184938
1548 -31.358721 33.362142 111.184938
1549 -31.371480 33.112468 111.184938
1550 -31.391645 32.597878 111.184938
1574 -31.165707 23.198068 111.184938
1575 -31.255905 22.778523 111.184938
1576 -31.357997 22.517807 111.184938
1577 -31.516323 22.012115 111.184938
1578 -31.783171 21.451995 111.184938
1579 -32.230693 20.985344 111.184938
1580 -32.718626 20.555982 111.184938
1581 -33.217544 20.139371 111.184938
1582 -33.654313 19.750265 111.184938
1583 -34.171994 19.257124 111.184938
1584 -34.682084 18.756095 111.184938
1608 -36.452173 9.051725 111.184938
1609 -36.534576 8.543922 111.184938
1610 -36.586401 8.210562 111.184938
1611 -36.603466 7.936092 111.184938
1612 -36.631967 7.416887 111.184938
1613 -36.631211 7.011888 111.184938
1614 -36.639403 6.747018 111.184938
1615 -36.642213 6.312112 111.184938
1616 -36.612114 5.883348 111.184938
1617 -36.543175 5.565783 111.184938
1618 -36.469871 5.071217 111.184938
1641 -34.191635 1.198582 118.268891
1642 -33.998738 1.009663 118.268891
1643 -33.564513 0.640791 118.268891
1644 -33.049140 0.244709 118.268891
1645 -32.535212 -0.153241 118.268891
1646 -32.026284 -0.557572 118.268891
1647 -31.579956 -0.935424 119.485441
1648 -31.089817 -1.455451 119.485441
1649 -30.771042 -1.894084 130.381635
1650 -30.448326 -2.381985 131.258412
1651 -30.182045 -2.766136 131.258412
1665 -28.965508 -4.532900 134.931133
1666 -28.898632 -4.660257 134.931133
1667 -28.898369 -5.034011 134.931133
1668 -28.978647 -5.603313 134.989817
1669 -29.066905 -6.039322 135.187613
1670 -29.076466 -6.189017 135.187613
1671 -29.096347 -6.623538 136.061496
1672 -29.091884 -7.083389 136.061496
1673 -29.099770 -7.283225 136.061496
1674 -29.103770 -7.803196 137.079724
1675 -29.101510 -8.278190 137.079724
1702 -29.201065 -18.633665 148.321984
1703 -29.271190 -19.128620 148.321984
1704 -29.298869 -19.547541 148.321984
1705 -29.290325 -19.767375 148.321984
1706 -29.273480 -20.247072 149.288482
1707 -29.264294 -20.721974 149.288482
1708 -29.276956 -21.166794 149.288482
1709 -29.292066 -21.411322 150.356812
1710 -29.303153 -21.871161 150.356812
1711 -29.305788 -22.396154 151.323002
1712 -29.338159 -22.894642 151.323002
1729 -30.053782 -28.659352 158.046230
1730 -30.059187 -28.893973 158.046230
1731 -30.093528 -29.302504 158.046230
1732 -30.103081 -29.912219 158.046230
1733 -30.059455 -30.435251 159.098872
1734 -29.994383 -30.885398 159.098872
1735 -29.930941 -31.043016 159.098872
1736 -29.744657 -31.458127 160.160454
1737 -29.554659 -31.963314 160.160454
1738 -29.455335 -32.389368 161.176831
1739 -29.425913 -32.592245 161.176831
1757 -28.987446 -39.852194 168.245568
1758 -29.027855 -40.380164 168.245568
1759 -29.088925 -40.788015 169.285590
1760 -29.127065 -41.019859 169.285590
1761 -29.163583 -41.580935 170.164071
1762 -29.157412 -41.899051 170.164071
1763 -29.125744 -42.207292 171.180171
1764 -29.114546 -42.727140 171.180171
1765 -29.112980 -43.067090 171.180171
1766 -29.123786 -43.381905 172.196316
1767 -29.133587 -43.771729 172.196316
1787 -29.146275 -50.921818 179.352310
1788 -29.123108 -50.954285 179.352310
1789 -28.889157 -51.050051 180.325071
1790 -28.452628 -51.003619 180.325071
1791 -27.816154 -50.899674 180.858981
1792 -27.172995 -50.859114 181.008318
1793 -26.525750 -50.876128 181.008318
1794 -25.878285 -50.882843 181.008318
1795 -25.295827 -50.879964 181.008318
1796 -24.583502 -50.876218 181.008318
1797 -23.939568 -50.938613 181.008318
1835 -17.873387 -53.009766 181.008318
1836 -17.873387 -53.009766 181.008318
1837 -17.961855 -53.093764 181.008318
1838 -18.377708 -53.113541 181.008318
1839 -18.938008 -53.001822 181.008318
1840 -19.555336 -52.799027 181.008318
1841 -20.160974 -52.563112 181.008318
1842 -20.750454 -52.295363 181.008318
1843 -21.347883 -52.046252 181.008318
1844 -21.958944 -51.824743 181.008318
1845 -22.517264 -51.650227 181.008318
1885 -27.427987 -37.364036 181.120543
1886 -27.427987 -37.364036 181.120543
1887 -27.427987 -37.364036 181.120543
1888 -27.427987 -37.364036 181.120543
1889 -27.507457 -37.391108 181.120543
1890 -27.617220 -37.592023 181.120543
1891 -27.637573 -38.126341 181.120543
1892 -27.619774 -38.274798 181.120543
1893 -27.595885 -38.633538 181.120543
1894 -27.607758 -38.942893 180.682736
1895 -27.640196 -39.258663 180.682736
1939 -27.269582 -56.529794 184.742987
1940 -27.221869 -56.830621 184.742987
1941 -27.293883 -57.317282 185.739525
1942 -27.476137 -57.779736 185.739525
1943 -27.592216 -57.972454 186.456888
1944 -27.851627 -58.382205 186.456888
1945 -28.007338 -58.722366 186.456888
1946 -28.038384 -58.940078 187.618153
1947 -28.082827 -59.483108 187.618153
1948 -28.078951 -59.693064 187.618153
1949 -28.058355 -60.132581 188.597061
1970 -28.809156 -67.769973 195.476370
1971 -28.921614 -68.233426 196.488807
1972 -29.226941 -68.719839 196.488807
1973 -29.588092 -69.242116 196.488807
1974 -29.717597 -69.452911 197.685233
1975 -29.930407 -69.809141 197.685233
1976 -30.244853 -70.380322 198.482874
1977 -30.291913 -70.512176 198.482874
1978 -30.430809 -70.849611 199.327197
1979 -30.654894 -71.387204 199.327197
1980 -30.716444 -71.540273 199.327197
2004 -35.460508 -78.538548 204.849924
2005 -35.460508 -78.538548 204.849924
2006 -35.460508 -78.538548 204.849924
2007 -35.432584 -78.579710 204.849924
2008 -35.154943 -78.667506 204.849924
2009 -34.629309 -78.455893 204.849924
2010 -34.081211 -78.109232 204.849924
2011 -33.660726 -77.713579 204.849924
2012 -33.213374 -77.284317 204.849924
2013 -32.707953 -76.951365 204.849924
2014 -32.072700 -76.973427 204.821023
2060 -25.008544 -90.590829 216.666683
2061 -25.008544 -90.590829 216.666683
2062 -25.034306 -90.610460 216.666683
2063 -25.252318 -90.609355 216.666683
2064 -25.617529 -90.192006 216.666683
2065 -25.895160 -89.648210 216.666683
2066 -26.039683 -89.402847 216.666683
2067 -26.256820 -89.198727 216.666683
2068 -26.757614 -89.072546 216.666683
2069 -27.330398 -89.341246 216.666683
2070 -27.568218 -89.725122 216.666683
2099 -30.059789 -100.692559 229.059494
2100 -30.168099 -100.874100 229.059494
2101 -30.567399 -101.169531 229.059494
2102 -31.174395 -101.399979 230.043239
2103 -31.791544 -101.603967 230.043239
2104 -32.468262 -101.834739 230.270562
2105 -33.015679 -102.040857 230.655613
2106 -33.669200 -102.330820 230.655613
2107 -34.196101 -102.584921 230.961927
2108 -34.774309 -102.881828 230.961927
2109 -35.345907 -103.191222 230.961927
