6 -46.500000 109.000000 0.000000
7 -46.573861 109.055671 9.861541
8 -46.639427 109.160647 9.861541
9 -46.584790 109.545139 9.861541
10 -46.283537 110.068159 13.669309
11 -45.837518 110.389339 13.669309
12 -45.557900 110.464147 20.090048
13 -45.348900 110.482367 20.470711
14 -44.948668 110.426973 20.470711
15 -44.271364 110.232997 21.219096
16 -43.620206 109.938253 21.219096
17 -43.104982 109.661310 22.238031
18 -42.525901 109.366189 22.238031
19 -41.937893 109.095226 23.236394
20 -41.337470 108.846265 24.201860
21 -40.743140 108.583094 24.201860
22 -40.146756 108.324624 25.145378
23 -39.618967 108.072526 25.145378
24 -39.266896 107.904776 26.139817
25 -39.266896 107.904776 27.122869
26 -39.184218 108.002474 27.309523
27 -39.152643 108.397363 27.309523
28 -39.192658 108.810160 27.376085
29 -39.263469 109.028898 27.406022
30 -39.325516 109.513726 27.406022
31 -39.299733 109.922672 27.406022
32 -39.199500 110.483702 27.406022
33 -39.141604 110.664627 27.406022
34 -38.989486 111.039922 27.406022
35 -38.836306 111.430892 27.406022
36 -38.836306 111.430892 27.406022
37 -38.836306 111.430892 27.406022
38 -38.836306 111.430892 27.406022
39 -38.836306 111.430892 27.406022
40 -38.887847 111.343452 27.406022
41 -38.828250 110.969394 27.406022
42 -38.366199 110.540633 27.376085
43 -37.796033 110.228883 27.376085
44 -37.219032 109.929614 27.399453
45 -36.646431 109.622030 27.986605
46 -36.158231 109.333974 29.006379
47 -36.149450 109.329190 29.006379
48 -36.120446 109.348652 29.006379
49 -36.038904 109.491854 29.047720
50 -36.064303 109.664053 29.090377
51 -36.355911 109.936521 29.090377
52 -36.893030 110.376655 29.090377
53 -37.273249 110.817321 29.090377
54 -37.643583 111.332847 29.090377
55 -37.706530 111.452273 29.090377
56 -37.894940 111.805118 29.090377
57 -38.182426 112.340268 29.090377
58 -38.182426 112.340268 29.090377
59 -38.146298 112.366591 29.090377
60 -37.816508 112.308486 29.090377
61 -37.513296 111.898456 29.090377
62 -37.494881 111.749682 29.090377
63 -37.439170 111.318386 29.090377
64 -37.256321 110.750152 29.090377
65 -36.885560 110.237429 29.090377
66 -36.441797 109.762734 29.090377
67 -35.955797 109.357706 29.090377
68 -35.358191 109.122695 29.090377
69 -34.715822 109.049372 29.090377
70 -34.068352 109.046795 29.090377
71 -33.423354 109.048145 29.090377
72 -32.776337 109.068727 29.090377
73 -32.193939 109.122252 29.090377
74 -31.488914 109.240267 29.090377
75 -30.791931 109.399538 29.090377
76 -30.220430 109.524469 29.090377
77 -29.587136 109.670775 29.090377
78 -28.959654 109.840310 29.090377
79 -28.205918 110.040711 29.090377
80 -28.081555 110.078577 29.090377
81 -28.013542 110.029560 29.090377
82 -27.954448 109.624268 29.090377
83 -28.016641 109.158907 29.090377
84 -28.086238 109.015257 29.090377
85 -28.236318 108.667068 29.090377
86 -28.306499 108.253812 29.090377
87 -28.273572 107.996102 29.090377
88 -28.229513 107.483231 29.090377
89 -28.232414 107.073292 29.090377
90 -28.227369 106.273555 29.144640
91 -28.230630 106.148597 29.144640
92 -28.279984 106.083602 29.144640
93 -28.614189 106.040571 29.144640
94 -29.186292 106.233969 29.755841
95 -29.750135 106.546878 29.910033
96 -30.322849 106.854225 29.910033
97 -30.906217 107.140818 29.910033
98 -31.442310 107.374879 29.910033
99 -32.091155 107.675087 29.910033
100 -32.744655 107.965086 29.910033
101 -33.636814 108.357667 29.910033
102 -33.871533 108.469502 29.910033
103 -34.469337 108.724188 29.910033
104 -35.027621 108.888860 29.910033
105 -35.720002 109.065507 29.910033
106 -36.336256 109.420244 29.910033
107 -36.751169 109.831730 29.910033
108 -37.149916 110.338318 29.910033
109 -37.257525 110.466263 29.910033
110 -37.508354 110.751608 29.910033
111 -37.823039 111.201933 29.910033
112 -38.040699 111.674043 29.910033
113 -38.127195 111.865394 29.910033
114 -38.381788 112.369701 29.910033
115 -38.488945 112.526581 29.910033
116 -38.748204 112.924503 29.910033
117 -39.062494 113.458893 29.910033
118 -39.143407 113.566933 29.910033
119 -39.391246 113.893481 29.910033
120 -39.659429 114.372512 29.910033
121 -39.741597 114.573884 29.910033
122 -39.933546 115.062520 29.910033
123 -40.202471 115.603877 29.910033
124 -40.262870 115.695811 29.910033
125 -40.505438 116.103901 29.910033
126 -40.721549 116.543643 29.910033
127 -40.837722 116.742137 29.910033
128 -41.062246 117.194399 29.910033
129 -41.329898 117.683333 29.910033
130 -41.398144 117.799812 30.142496
131 -41.628652 118.209390 30.142496
132 -41.906642 118.698376 30.142496
133 -42.024214 118.847611 29.990833
134 -42.565672 119.597219 29.990833
135 -42.640743 119.703352 29.990833
136 -42.640743 119.703352 29.990833
137 -42.569172 119.805085 30.142496
138 -42.222836 119.797223 30.142496
139 -41.875512 119.405254 30.142496
140 -41.776200 118.885803 30.142496
141 -41.732998 118.734355 29.990833
142 -41.593781 118.327550 29.990833
143 -41.399380 117.818540 29.990833
144 -41.142044 117.381321 29.990833
146 -40.525756 116.422537 29.990833
146 -40.525756 116.422537 29.990833
147 -40.456838 116.280916 29.990833
148 -40.282401 115.888026 29.990833
149 -40.051137 115.386344 29.990833
150 -39.843634 114.904158 29.990833
151 -39.544491 114.364215 29.990833
152 -39.468069 114.265321 29.990833
153 -39.191205 113.885725 29.990833
154 -38.861902 113.345820 29.990833
155 -38.770386 113.240000 29.990833
157 -38.191792 112.376033 29.990833
157 -38.191792 112.376033 29.990833
158 -38.039184 112.123786 29.990833
159 -37.815291 111.780391 29.990833
160 -37.554272 111.285078 29.990833
161 -37.509417 111.157759 29.990833
162 -37.347776 110.716527 29.990833
163 -37.076715 110.148212 29.990833
164 -36.764721 109.677235 29.990833
165 -36.373534 109.178986 29.990833
166 -35.947200 108.698380 29.990833
168 -35.091367 107.811670 29.990833
168 -35.045062 107.766054 29.990833
169 -34.577805 107.314207 29.990833
170 -34.155123 106.909777 29.990833
171 -33.628447 106.426233 29.990833
172 -33.097915 105.946905 29.990833
173 -32.681439 105.536198 29.990833
174 -32.239950 105.059186 30.064764
175 -31.835046 104.597228 30.064764
176 -31.535540 104.088191 30.064764
177 -31.439334 103.649642 30.064764
179 -31.221176 103.156524 31.126999
179 -31.173408 103.057438 31.126999
180 -30.916154 102.543463 31.126999
181 -30.460581 102.007212 31.126999
182 -29.997462 101.649904 32.049494
183 -29.487225 101.247367 32.049494
184 -29.005103 100.811684 34.531291
185 -28.562491 100.335927 34.531291
186 -28.146575 99.839812 34.531291
187 -28.002769 99.629599 34.538820
188 -27.802536 99.330604 34.538820
190 -26.726975 98.340848 35.861540
191 -26.618830 98.251940 35.861540
192 -26.618830 98.251940 35.861540
193 -26.763579 98.149502 35.861540
194 -27.101490 98.202737 35.861540
195 -27.485157 98.663085 35.861540
196 -27.645040 99.089062 36.028462
197 -27.729703 99.310948 36.028462
198 -27.914080 99.770302 36.028462
199 -28.199235 100.323125 36.028462
200 -28.513856 100.781825 36.028462
202 -29.087454 101.637317 36.028462
203 -29.231571 101.865357 36.028462
204 -29.376300 102.145116 36.028462
205 -29.697828 102.715419 36.028462
206 -29.991241 103.112944 36.028462
207 -30.361309 103.565820 36.028462
208 -30.756252 104.043587 36.028462
209 -31.153175 104.548646 36.028462
210 -31.486632 105.020086 36.028462
211 -31.900382 105.520982 36.028462
212 -32.353203 105.987146 36.028462
215 -33.507706 107.036065 36.028462
216 -34.000054 107.460308 36.028462
217 -34.513807 107.858317 36.028462
218 -35.043810 108.234606 36.028462
219 -35.523237 108.569777 36.028462
220 -36.148810 109.035111 36.028462
221 -36.606920 109.484578 36.028462
222 -36.919331 109.893551 36.028462
223 -37.002590 110.041766 36.028462
224 -37.220654 110.441100 36.028462
225 -37.491625 110.934026 36.028462
227 -38.053660 111.867925 36.028462
228 -38.172598 112.070598 36.028462
229 -38.325877 112.334267 36.028462
230 -38.509496 112.678263 36.028462
231 -38.582051 112.880650 36.028462
232 -38.802740 113.405651 36.028462
233 -39.054406 113.842782 36.028462
234 -39.367531 114.325006 36.028462
235 -39.495610 114.553821 36.028462
236 -39.647868 114.874499 36.028462
237 -39.916046 115.400014 36.028462
240 -40.290677 116.190129 36.028462
241 -40.540425 116.677326 36.028462
242 -40.763515 117.050631 36.028462
243 -41.092784 117.596510 36.028462
244 -41.173061 117.723206 36.028462
245 -41.364357 118.051524 36.028462
246 -41.705088 118.645727 36.028462
247 -41.795683 118.798356 36.028462
248 -41.984902 119.136508 36.028462
249 -42.298060 119.680216 36.028462
250 -42.562542 120.040814 36.028462
252 -43.603143 121.269148 36.028462
253 -43.991856 121.669701 36.028462
254 -44.278801 122.088013 36.028462
255 -44.349446 122.505106 36.028462
256 -44.378990 122.981655 36.028462
257 -44.424194 123.343639 36.028462
258 -44.520303 123.579731 36.028462
259 -44.716832 124.098570 36.028462
260 -44.828020 124.440904 36.028462
261 -44.920770 124.673048 36.028462
262 -45.118387 125.115932 36.028462
264 -45.324698 125.591875 36.028462
265 -45.332759 125.610179 36.028462
266 -45.326843 125.618241 36.028462
267 -45.238041 125.654514 36.028462
268 -45.119384 125.552844 36.028462
269 -45.079586 125.157785 36.028462
270 -45.092967 124.637985 36.028462
271 -45.084908 124.418607 36.028462
272 -44.970049 124.077639 36.028462
273 -44.818989 123.520667 36.028462
274 -44.801247 123.381796 36.028462
277 -44.538585 122.377510 36.028462
278 -44.475290 122.140854 36.028462
279 -44.344503 121.705328 36.028462
280 -44.060144 121.139061 36.028462
281 -43.678191 120.619448 36.028462
282 -43.230117 120.149406 36.028462
283 -42.786633 119.685184 36.028462
284 -42.496564 119.263242 36.028462
285 -42.414067 119.120369 36.028462
286 -42.184742 118.678982 36.028462
287 -41.994768 118.289055 36.028462
289 -41.588207 117.349154 36.028462
290 -41.309923 116.883623 36.028462
291 -41.016753 116.307692 36.028462
292 -40.936866 115.952564 36.028462
293 -40.917457 115.741149 36.028462
294 -40.896968 115.381733 36.028462
295 -40.875766 114.852185 36.028462
296 -40.866152 114.367281 36.028462
297 -40.867321 114.047340 36.028462
298 -40.881344 113.627575 36.028462
299 -40.880777 113.312773 36.028462
302 -40.808947 112.346930 36.028462
303 -40.842347 112.119382 36.028462
304 -40.971566 111.626283 36.028462
305 -41.135165 111.191048 36.028462
306 -41.218506 111.042894 36.028462
307 -41.457981 110.667875 36.028462
308 -41.703486 110.198899 36.028462
309 -41.740695 110.038199 36.028462
310 -41.859517 109.619963 36.028462
311 -42.031994 109.140018 36.028462
312 -42.133412 108.928253 36.028462
314 -42.558317 107.808585 36.028462
315 -42.665879 107.555496 36.028462
316 -42.878218 107.059006 36.028462
317 -43.005732 106.790581 36.028462
318 -43.154521 106.553389 36.028462
319 -43.484102 106.016497 36.028462
320 -43.882377 105.481597 36.028462
321 -44.149880 105.105183 36.028462
322 -44.254961 104.832731 35.918937
323 -44.264896 104.518004 35.918937
324 -44.260512 103.993031 35.918937
327 -44.479521 102.692701 35.810195
328 -44.489698 102.669874 35.810195
329 -44.574532 102.652032 35.810195
330 -44.686767 102.766286 35.810195
331 -44.759035 103.194002 35.810195
332 -44.689903 103.765763 35.810195
333 -44.522016 104.209951 35.918937
334 -44.460491 104.447079 35.918937
335 -44.328842 104.929432 35.918937
336 -44.154765 105.386200 35.918937
337 -43.639954 105.827556 35.918937
339 -42.036653 105.888189 35.918937
340 -41.328654 105.809606 35.918937
341 -40.746757 105.783795 35.918937
342 -40.102595 105.751411 35.918937
343 -39.455990 105.685686 35.918937
344 -38.814645 105.580083 35.918937
345 -38.175996 105.459186 35.918937
346 -37.541124 105.319996 35.918937
347 -36.969267 105.196765 35.918937
348 -36.329336 104.928507 35.918937
349 -35.985562 104.424951 35.918937
352 -36.602288 103.372467 35.918937
353 -36.663947 103.351896 35.918937
354 -36.669261 103.360368 35.918937
355 -36.661322 103.461399 35.861540
356 -36.568634 103.558243 35.861540
357 -36.329719 103.731018 35.861540
358 -36.353456 103.717166 35.861540
359 -36.390852 103.703059 35.861540
360 -36.261050 103.729654 35.861540
361 -36.047449 103.791094 35.861540
362 -35.919481 103.850748 35.861540
364 -35.837679 103.893922 35.861540
365 -35.837679 103.893922 35.861540
366 -35.837679 103.893922 35.861540
367 -35.837679 103.893922 35.861540
368 -35.837679 103.893922 35.861540
369 -35.960274 103.982954 35.861540
370 -36.042001 104.378705 35.861540
371 -36.011335 104.903031 35.861540
372 -35.938463 105.228037 35.861540
373 -35.844172 105.480940 35.861540
374 -35.757899 105.996935 35.861540
377 -35.824308 106.928069 35.861540
378 -35.818774 107.310498 35.861540
379 -35.829436 107.482667 35.861540
380 -35.838058 107.975071 35.861540
381 -35.856635 108.452003 35.861540
382 -35.985526 108.989669 35.861540
383 -36.274636 109.487519 35.861540
384 -36.608302 109.943249 35.861540
385 -36.815229 110.328260 35.861540
386 -36.894906 110.575621 35.861540
387 -36.937695 111.017597 35.861540
389 -36.861394 112.330070 35.861540
390 -36.870251 112.844589 35.861540
391 -36.926890 113.204699 35.861540
392 -36.958594 113.412028 35.861540
393 -36.994303 113.765226 35.861540
394 -37.011561 114.129633 35.861540
395 -37.010017 114.439629 35.861540
396 -37.007378 114.969622 35.861540
397 -37.012801 115.164396 35.861540
398 -37.031899 115.578894 35.861540
399 -37.061436 116.163134 35.861540
402 -37.066191 117.085520 35.861540
403 -37.078699 117.582692 35.861540
404 -37.138719 118.104231 35.861540
405 -37.188515 118.606717 35.861540
406 -37.195455 118.844114 35.861540
407 -37.209945 119.306387 35.861540
408 -37.222713 119.713687 35.861540
409 -37.218273 120.226168 35.861540
410 -37.214017 120.717399 35.861540
411 -37.201987 120.894473 35.861540
412 -37.193743 121.334367 35.861540
414 -37.203898 122.347908 35.861540
415 -37.208299 122.457819 35.861540
416 -37.075798 122.577707 35.861540
417 -36.624689 122.570393 35.861540
418 -35.996489 122.426899 35.861540
419 -35.379200 122.224229 35.861540
420 -34.766421 122.007630 35.861540
421 -34.203028 121.851049 35.861540
422 -33.505438 121.694374 35.861540
423 -32.807372 121.566142 35.861540
424 -32.228197 121.504374 35.810195
427 -30.370429 121.230603 36.926549
428 -30.307407 121.214689 36.926549
429 -30.272044 121.246125 36.433089
430 -30.200571 121.520729 36.433089
431 -30.290759 121.971326 36.957949
432 -30.349663 122.234635 36.957949
433 -30.435107 122.617641 37.027692
434 -30.492630 123.038196 37.027692
435 -30.504169 123.342871 37.027692
436 -30.506735 123.702862 37.892612
437 -30.512308 124.212821 37.892612
439 -30.557120 124.715137 37.920048
439 -30.560748 124.754972 37.920048
440 -30.519591 124.822533 37.920048
441 -30.238112 124.904438 38.021704
442 -29.656874 124.826797 38.193848
443 -29.036219 124.642425 38.193848
444 -28.474140 124.489894 38.193848
445 -27.776821 124.344451 38.193848
446 -27.138644 124.251367 38.193848
447 -26.498655 124.171169 38.193848
448 -25.858253 124.094602 38.193848
451 -24.066790 123.811909 38.193848
452 -23.918940 123.789078 38.193848
453 -23.841383 123.832706 38.193848
454 -23.754737 124.051641 38.193848
455 -23.912617 124.524155 38.193848
456 -24.341952 124.919944 38.193848
457 -24.898720 125.368301 38.193848
458 -25.405539 125.872143 38.021704
459 -25.779586 126.315262 38.021704
460 -26.190361 126.805960 38.021704
461 -26.481879 127.174579 38.021704
464 -27.298734 128.304758 38.021704
465 -27.735138 128.774946 38.021704
466 -28.222438 129.096419 38.021704
467 -28.815021 129.356921 38.021704
468 -29.422628 129.587756 38.021704
469 -30.033035 129.811128 38.021704
470 -30.639937 130.043780 38.021704
471 -31.223354 130.305941 38.021704
472 -31.733324 130.579539 38.776926
473 -32.381511 130.881036 38.673117
474 -33.031651 131.166020 38.673117
477 -34.890348 131.922397 38.812498
478 -35.561036 132.154521 38.812498
479 -36.125155 132.309412 38.812498
480 -36.750304 132.487335 38.673117
481 -37.375788 132.654699 38.673117
482 -38.003451 132.823521 38.673117
483 -38.634745 132.978300 38.673117
484 -39.264738 133.138220 38.673117
485 -39.824264 133.308875 38.673117
486 -40.497221 133.550202 38.673117
487 -41.156897 133.825665 38.673117
490 -43.142505 134.792334 38.673117
491 -43.255574 134.856484 38.673117
492 -43.283811 134.846540 38.673117
493 -43.322237 134.777124 38.673117
494 -43.322678 134.456286 38.673117
495 -43.009340 134.090067 38.673117
496 -42.387732 133.939973 38.673117
497 -41.737957 133.925254 38.673117
498 -41.092798 133.848351 38.673117
499 -40.396274 133.688192 38.673117
500 -39.859308 133.486569 38.673117
504 -37.795948 134.180662 38.673117
505 -37.710292 134.276921 38.673117
506 -37.368636 134.358262 38.673117
507 -36.701014 134.335088 38.673117
508 -36.129772 134.235232 38.673117
509 -35.496316 134.101190 38.673117
510 -34.795470 133.973376 38.673117
511 -34.216279 133.891544 38.673117
512 -33.575164 133.820910 38.673117
513 -32.934084 133.750156 38.673117
514 -32.289566 133.688093 38.673117
518 -29.779210 133.417302 38.502078
519 -29.143480 133.298320 38.502078
520 -28.523639 133.103111 38.673117
521 -27.908654 132.892828 38.673117
522 -27.279984 132.751047 38.673117
523 -26.703036 132.693954 38.888173
524 -25.990847 132.694887 38.888173
525 -25.279189 132.729485 38.888173
526 -24.697603 132.762100 38.888173
527 -24.053630 132.798476 38.888173
528 -23.407824 132.845044 38.888173
532 -22.058306 132.933935 38.888173
533 -22.048322 132.934499 38.888173
534 -22.023236 132.891825 38.888173
535 -22.051357 132.785369 38.888173
536 -22.332998 132.690427 38.888173
537 -22.904729 132.688638 38.888173
538 -23.551543 132.716408 38.888173
539 -24.135801 132.694458 38.888173
540 -24.841523 132.582901 38.888173
541 -25.541802 132.438587 38.888173
542 -26.108972 132.295596 38.888173
546 -27.839207 130.956489 38.888173
547 -27.886786 130.762240 38.888173
548 -27.943629 130.321683 38.888173
549 -27.927364 129.882101 38.888173
550 -27.879350 129.404610 38.888173
551 -27.861222 128.939971 38.888173
552 -27.856698 128.710024 38.888173
553 -27.844266 128.215180 38.888173
554 -27.834862 127.745316 38.888173
555 -27.841101 127.295359 38.888173
556 -27.839690 127.050451 38.888173
560 -27.882244 125.183908 38.888173
561 -27.896799 124.691801 38.888173
562 -27.958570 124.266446 38.888173
563 -27.964236 124.134067 38.888173
564 -27.981188 123.724418 38.888173
565 -27.991783 123.299593 38.888173
566 -27.980425 123.114942 38.888173
567 -27.966096 122.595192 38.888173
568 -27.977882 122.413073 38.888173
569 -27.996580 121.998517 38.888173
570 -28.003634 121.443576 38.888173
574 -27.983974 120.189664 38.888173
575 -28.026194 119.786939 38.888173
576 -28.077323 119.264535 38.888173
577 -28.114216 119.078162 38.888173
578 -28.158055 118.665696 38.888173
579 -28.162398 118.105939 38.888173
580 -28.136628 117.551552 38.888173
581 -28.115295 117.297500 38.888173
582 -28.162344 116.855804 38.888173
583 -28.302689 116.288148 38.888173
584 -28.427608 115.837740 38.888173
588 -28.472185 114.485077 38.888173
589 -28.443363 114.092750 38.888173
590 -28.523502 113.670762 38.888173
591 -28.575377 113.372945 38.888173
592 -28.601130 113.039024 38.888173
593 -28.610913 112.475401 38.888173
594 -28.597442 112.351134 38.888173
595 -28.572764 111.881977 38.888173
596 -28.561241 111.307094 38.888173
597 -28.551771 110.817185 38.888173
598 -28.541455 110.647499 38.888173
601 -28.487572 109.039056 38.888173
602 -28.501228 108.800723 38.888173
603 -28.570294 108.493505 38.888173
604 -28.619552 107.881156 38.888173
605 -28.599876 107.356632 38.888173
606 -28.569793 107.063401 38.888173
607 -28.533243 106.710514 38.888173
608 -28.517619 106.136992 38.888173
609 -28.501753 105.902619 38.888173
610 -28.478584 105.543451 38.888173
611 -28.463969 104.973638 38.888173
615 -28.426297 103.700177 38.888173
616 -28.444008 103.193086 38.888173
617 -28.627488 102.638747 38.888173
618 -29.051180 102.083695 38.888173
619 -29.417412 101.650197 38.888173
620 -29.783929 101.143368 38.888173
621 -29.971554 100.833481 38.888173
622 -30.164690 100.565920 38.888173
623 -30.420931 100.075229 38.888173
624 -30.477356 99.896569 38.888173
625 -30.605911 99.560357 38.888173
629 -31.101481 98.237624 38.888173
630 -31.288050 97.769141 38.888173
631 -31.347892 97.501004 38.888173
632 -31.452940 97.048036 38.888173
633 -31.683352 96.485839 38.888173
634 -32.036425 96.037043 38.888173
635 -32.510205 95.592242 38.888173
636 -32.917861 95.109310 38.888173
637 -33.118425 94.709496 38.888173
638 -33.325635 94.122219 38.888173
639 -33.393485 93.874567 38.987306
644 -33.824912 92.277149 38.987306
645 -33.826428 92.252195 38.987306
646 -33.826428 92.252195 38.987306
647 -33.826428 92.252195 38.987306
648 -33.826428 92.252195 38.987306
649 -33.758396 92.292826 38.987306
650 -33.634097 92.517923 38.987306
651 -33.612947 93.020300 38.987306
652 -33.647281 93.448804 38.987306
653 -33.611085 93.680304 38.987306
654 -33.483689 94.137803 38.987306
658 -31.572962 95.011540 38.987306
659 -31.243292 94.621063 38.987306
660 -31.157012 94.074405 38.987306
661 -31.192703 93.784297 38.987306
662 -31.249895 93.459381 38.987306
663 -31.278124 93.050520 38.987306
664 -31.238598 92.537224 38.987306
665 -31.188039 92.034885 40.170762
666 -31.147952 91.546633 40.170762
667 -31.105288 91.199400 41.057157
668 -31.019384 90.954069 41.057157
673 -30.477245 89.324980 43.021972
674 -30.413969 88.965582 43.021972
675 -30.273139 88.446976 43.021972
676 -30.184821 88.278783 43.832067
677 -29.991717 87.911449 43.832067
678 -29.735270 87.352721 43.832067
679 -29.591544 86.942338 44.820644
680 -29.389728 86.460628 44.820644
681 -29.311281 86.310061 45.810590
682 -29.119301 85.976344 45.810590
683 -28.841874 85.439232 46.718413
688 -28.202168 83.474298 48.465350
689 -28.178169 83.347825 48.465350
690 -28.330081 83.030146 48.465350
691 -28.826659 82.673229 49.463220
692 -29.382968 82.337055 49.647257
693 -29.929066 81.984674 49.647257
694 -30.447549 81.592933 50.046879
695 -30.890347 81.210727 50.046879
696 -31.414802 80.724763 50.453644
697 -31.941286 80.241025 51.048312
698 -32.382375 79.856768 51.048312
704 -35.439618 77.232214 51.944299
705 -35.882266 76.785566 51.944299
706 -36.122430 76.355930 51.944299
707 -36.245560 75.882085 51.944299
708 -36.320799 75.697032 51.944299
709 -36.505864 75.265085 51.944299
710 -36.640275 74.779060 51.944299
711 -36.674381 74.561745 51.944299
712 -36.797598 74.061982 51.944299
713 -36.952371 73.545279 51.944299
714 -37.169426 73.081018 52.131086
721 -38.437367 70.565886 52.131086
722 -38.464037 70.506610 52.131086
723 -38.464037 70.506610 52.131086
724 -38.464037 70.506610 52.131086
725 -38.464037 70.506610 52.131086
726 -38.426598 70.531154 52.131086
727 -38.340668 70.813047 52.131086
728 -38.469547 71.337030 52.131086
729 -38.756373 71.892320 52.131086
730 -39.110637 72.391688 52.131086
731 -39.411394 72.832076 52.131086
740 -40.957610 76.212152 52.131086
741 -40.996467 76.375484 52.131086
742 -40.790555 76.755351 52.131086
743 -40.390159 77.058957 52.131086
744 -39.701128 77.205245 52.060063
745 -39.054005 77.264967 52.060063
746 -38.476819 77.359501 52.060063
747 -37.843374 77.505096 52.060063
748 -37.217558 77.680373 52.060063
749 -36.667209 77.878502 52.060063
750 -35.956883 78.199850 52.060063
759 -31.141151 81.124555 52.060063
760 -30.751922 81.554406 52.060063
761 -30.546808 81.837106 52.060063
762 -30.336966 82.183207 52.060063
763 -29.949961 82.680056 52.060063
764 -29.528795 83.165095 52.060063
765 -29.139976 83.602158 52.060063
766 -28.673732 84.134249 52.060063
767 -28.201498 84.667740 52.060063
768 -28.005948 84.920868 52.060063
769 -27.793119 85.229511 52.060063
778 -22.471837 85.244849 52.060063
779 -22.428520 85.207091 52.060063
780 -22.231208 85.117783 52.060063
781 -21.825111 85.101739 52.060063
782 -21.173184 85.363639 52.060063
783 -20.571808 85.608533 52.060063
784 -19.939246 85.756591 52.060063
785 -19.296207 85.826972 52.060063
786 -18.648910 85.843076 52.060063
787 -18.004127 85.839833 52.060063
788 -17.358208 85.794850 52.060063
797 -11.298859 85.771129 52.088868
798 -11.234432 85.762515 52.088868
799 -11.234432 85.762515 52.088868
800 -11.234432 85.762515 52.088868
801 -11.245170 85.846342 52.088868
802 -11.336369 85.968482 52.088868
803 -11.738276 86.051756 52.088868
804 -12.412178 85.929412 52.088868
805 -12.990133 85.858362 52.088868
806 -13.637210 85.858866 52.088868
807 -14.284274 85.882461 52.088868
817 -20.687385 85.878718 52.088868
818 -21.266590 85.908239 52.088868
819 -21.910398 85.947449 52.088868
820 -22.622049 85.981809 52.088868
821 -23.139378 85.994769 52.088868
822 -23.916855 85.999291 52.088868
823 -24.561855 85.999146 52.088868
824 -25.144355 85.999015 52.088868
825 -25.791855 85.998870 52.088868
826 -26.439355 85.998724 52.088868
827 -27.085603 85.970222 52.088868
837 -31.395069 81.663705 52.088868
838 -31.797685 81.239344 52.088868
839 -32.279276 80.803484 52.088868
840 -32.844111 80.486681 52.088868
841 -33.438675 80.224152 52.088868
842 -33.993058 80.047851 52.088868
843 -34.697501 79.969041 52.088868
844 -35.406665 79.996527 52.088868
845 -35.989824 80.042804 52.088868
846 -36.634889 80.098892 52.088868
847 -37.277382 80.155705 52.088868
856 -43.552705 81.078453 52.088868
857 -43.552705 81.078453 52.088868
858 -43.552705 81.078453 52.088868
859 -43.552705 81.078453 52.088868
860 -43.534776 81.087260 52.088868
861 -43.431969 81.042923 52.088868
862 -43.324039 80.732298 52.088868
863 -43.320313 80.284696 52.088868
864 -43.422171 79.826622 52.088868
865 -43.570690 79.339917 52.088868
866 -43.630516 78.949672 52.088868
877 -44.521613 75.431012 52.088868
878 -44.534312 75.377498 52.088868
879 -44.534312 75.377498 52.088868
880 -44.534312 75.377498 52.088868
881 -44.506352 75.388153 52.088868
882 -44.390126 75.586637 52.088868
883 -44.499215 76.015285 52.088868
884 -44.798737 76.516458 52.088868
885 -45.227449 77.080759 52.088868
886 -45.486507 77.388605 52.088868
887 -45.877619 77.906998 52.088868
897 -48.063431 81.861394 52.088868
898 -48.476268 82.253316 52.088868
899 -49.077250 82.476501 52.088868
900 -49.721128 82.538473 52.088868
901 -50.368550 82.537151 52.088868
902 -51.015766 82.518006 52.088868
903 -51.657636 82.534349 52.088868
904 -52.234414 82.614272 52.088868
905 -52.933148 82.706822 52.088868
906 -53.446770 82.743899 52.088868
917 -53.731689 82.749673 52.088868
918 -53.731689 82.749673 52.088868
919 -53.731689 82.749673 52.088868
920 -53.731689 82.749673 52.088868
921 -53.731689 82.749673 52.088868
922 -53.732757 82.817372 52.088868
923 -53.517519 82.988056 52.088868
924 -52.968657 83.040136 52.088868
925 -52.334174 82.950809 52.088868
926 -51.633027 82.839783 52.088868
927 -51.055830 82.783093 52.088868
937 -44.386402 81.104040 52.088868
938 -43.864268 80.845864 52.088868
939 -43.274777 80.584362 52.088868
940 -42.672082 80.341006 52.088868
941 -42.059602 80.124041 52.088868
942 -41.438604 79.932071 52.088868
943 -40.823533 79.721956 52.088868
944 -40.266906 79.541997 52.088868
945 -39.535968 79.277261 52.088868
946 -38.989975 79.067284 52.088868
947 -38.391749 78.819573 52.088868
958 -31.927422 76.473358 52.088868
959 -31.459584 76.125883 52.088868
960 -31.100763 75.674643 52.088868
961 -31.001459 75.539881 55.376260
962 -30.734157 75.147669 55.376260
963 -30.442602 74.663722 55.376260
964 -30.132679 74.206345 56.276551
965 -30.046242 74.059974 56.276551
966 -29.813891 73.668818 57.217569
967 -29.457813 73.140071 57.217569
968 -29.289987 72.941700 58.094838
979 -26.086098 68.628708 62.455186
980 -26.086098 68.628708 62.455186
981 -26.067423 68.635807 62.455186
982 -25.944057 68.821936 62.455186
983 -26.071458 69.300537 62.455186
984 -26.513090 69.677086 62.455186
985 -27.160450 69.980230 62.455186
986 -27.747196 70.383858 62.455186
987 -28.131655 70.824218 62.455186
988 -28.370000 71.113406 62.455186
989 -28.597858 71.372322 62.455186
1000 -31.293374 75.650536 62.455186
1001 -31.439650 75.909498 62.455186
1002 -31.776008 76.462242 62.455186
1003 -32.167132 76.894952 62.455186
1004 -32.730620 77.213616 62.455186
1005 -33.357181 77.359399 62.455186
1006 -34.071439 77.373505 62.455186
1007 -34.650701 77.344400 62.455186
1008 -35.360364 77.323204 62.455186
1009 -35.942805 77.317002 62.455186
1010 -36.589842 77.340545 62.455186
1023 -44.573814 78.067622 62.455186
1024 -45.211782 78.142084 62.455186
1025 -45.789077 78.219671 62.455186
1026 -46.433288 78.284692 62.455186
1027 -47.076257 78.335784 62.455186
1028 -47.655029 78.373237 62.455186
1029 -48.360899 78.417154 62.455186
1030 -49.063204 78.548697 62.455186
1031 -49.620630 78.717617 62.455186
1032 -50.217263 78.972656 62.455186
1033 -50.786512 79.275880 62.455186
1045 -55.175638 77.384732 62.455186
1046 -55.142111 77.332493 62.455186
1047 -54.852453 77.229531 62.455186
1048 -54.269595 77.482846 62.455186
1049 -53.867608 77.903132 62.455186
1050 -53.448021 78.396179 62.455186
1051 -52.990978 78.858062 62.455186
1052 -52.497864 79.263956 62.455186
1053 -51.944938 79.428223 62.455186
1054 -51.234711 79.432107 62.455186
1055 -50.552391 79.229943 62.455186
1067 -48.290630 74.433961 62.455186
1068 -48.283327 73.994027 62.455186
1069 -48.279650 73.631677 62.455186
1070 -48.289858 73.351897 62.455186
1071 -48.277741 72.832137 62.455186
1072 -48.251235 72.347970 62.455186
1073 -48.252482 71.923000 62.455186
1074 -48.263596 71.678252 62.455186
1075 -48.283630 71.203678 62.455186
1076 -48.300525 70.749027 62.455186
1077 -48.327120 70.465320 62.455186
1089 -50.244204 65.785922 62.455186
1090 -50.244204 65.785922 62.455186
1091 -50.182525 65.736214 62.455186
1092 -49.860617 65.722388 62.455186
1093 -49.428749 66.101744 62.455186
1094 -49.197055 66.627433 62.455186
1095 -49.100795 66.846999 62.455186
1096 -48.960746 67.126344 62.455186
1097 -48.671479 67.702740 62.455186
1098 -48.546193 67.935944 62.455186
1099 -48.348480 68.248677 62.455186
1112 -45.727091 72.649988 62.455186
1113 -45.550579 73.058431 62.455186
1114 -45.399627 73.412479 62.455186
1115 -45.242068 73.673626 62.455186
1116 -45.007946 74.103802 62.455186
1117 -44.919132 74.326756 62.455186
1118 -44.696954 74.851494 62.455186
1119 -44.430053 75.326043 62.455186
1120 -44.039045 75.838328 62.455186
1121 -43.540600 76.252451 62.455186
1122 -42.958278 76.539732 62.455186
1135 -35.060572 79.351478 62.455186
1136 -34.511054 79.551938 62.455186
1137 -33.908027 79.794445 62.455186
1138 -33.316679 80.064024 62.455186
1139 -32.746085 80.374837 62.455186
1140 -32.194681 80.718997 62.455186
1141 -31.672622 81.090250 62.455186
1142 -31.304505 81.522820 62.455186
1143 -31.035605 81.981377 62.455186
1144 -30.904140 82.262113 62.455186
1145 -30.766690 82.616077 62.455186
1158 -29.298480 87.426557 62.455186
1159 -29.298480 87.426557 62.455186
1160 -29.312615 87.509864 62.455186
1161 -29.361230 87.587696 62.455186
1162 -29.414614 87.613264 62.455186
1163 -29.476811 87.601556 62.455186
1164 -29.620210 87.357288 62.455186
1165 -29.669530 86.882511 62.455186
1166 -29.650279 86.433509 62.455186
1167 -29.611139 86.189129 62.455186
1168 -29.528717 85.680850 62.455186
1181 -29.479646 81.192233 62.455186
1182 -29.489853 81.119145 62.455186
1183 -29.569816 81.050573 62.455186
1184 -29.674421 81.076227 62.455186
1185 -29.788489 81.384767 62.455186
1186 -29.823128 81.884213 62.455186
1187 -29.766715 82.043421 62.455186
1188 -29.606749 82.431424 62.455186
1189 -29.491333 82.968499 62.455186
1190 -29.467001 83.217213 62.455186
1191 -29.401432 83.596508 62.455186
1203 -28.538314 88.358626 62.455186
1204 -28.537540 88.733113 62.455186
1205 -28.588335 89.054070 62.455186
1206 -28.614964 89.542887 62.455186
1207 -28.604287 89.734810 62.455186
1208 -28.543166 90.109838 62.455186
1209 -28.496316 90.687706 62.455186
1210 -28.499233 91.132580 62.455186
1211 -28.499755 91.377542 62.455186
1212 -28.494726 91.797512 62.455186
1213 -28.482976 92.111901 62.455186
1226 -27.322852 96.039464 62.455186
1227 -27.283269 96.100208 62.455186
1228 -27.163751 96.192152 62.455186
1229 -26.656128 96.259742 62.455186
1230 -26.173519 95.974987 62.455186
1231 -25.971969 95.546894 62.455186
1232 -25.956344 95.229912 62.455186
1233 -25.955828 94.744913 62.455186
1234 -25.935187 94.350864 62.455186
1235 -25.852485 93.923810 62.455186
1236 -25.809947 93.692693 62.455186
1249 -25.785172 93.557444 62.455186
1250 -25.785172 93.557444 62.455186
1251 -25.785172 93.557444 62.455186
1252 -25.785172 93.557444 62.455186
1253 -25.849219 93.581555 62.455186
1254 -25.963273 93.829497 62.455186
1255 -26.009538 94.331011 62.455186
1256 -25.944347 94.856855 62.455186
1257 -25.887125 95.317894 62.455186
1258 -25.934173 95.738377 62.455186
1259 -26.312050 96.162098 62.455186
1272 -27.682182 92.113768 62.269497
1273 -27.701557 91.619793 62.269497
1274 -27.817295 91.174758 62.269497
1275 -27.873799 90.829685 62.269497
1276 -27.887866 90.522508 62.269497
1277 -27.897855 90.152650 62.269497
1278 -27.886428 89.927963 62.269497
1279 -27.878848 89.448028 62.269497
1280 -27.874548 88.963048 62.269497
1281 -27.886159 88.573222 62.269497
1282 -27.852645 88.381569 62.269497
1295 -23.229972 85.635764 62.269497
1296 -22.695790 85.399933 62.269497
1297 -22.177896 85.009446 62.269497
1298 -21.704548 84.567636 62.269497
1299 -21.280670 84.186834 62.269497
1300 -20.663892 83.829442 62.269497
1301 -20.013620 83.586097 62.269497
1302 -19.635536 83.502009 62.269497
1314 -19.323456 83.459521 62.269497
1315 -19.323456 83.459521 62.269497
1316 -19.304853 83.466803 62.269497
1317 -19.211526 83.595334 62.269497
1318 -19.261959 83.879854 62.269497
1319 -19.528738 84.070507 62.269497
1320 -19.723303 84.149476 62.269497
1321 -20.047907 84.265333 62.269497
1322 -20.397128 84.327455 62.269497
1323 -20.287223 84.322895 62.269497
1324 -20.197300 84.319165 62.269497
1337 -27.247454 85.885146 62.269497
1338 -27.615326 85.579865 62.269497
1339 -27.736023 85.315783 62.269497
1340 -27.743096 85.003720 62.269497
1341 -27.720213 84.464208 62.269497
1342 -27.712119 84.154378 62.269497
1343 -27.703673 83.759470 62.269497
1344 -27.701774 83.479611 62.269497
1345 -27.706264 83.149668 62.269497
1346 -27.712565 82.709882 62.269497
1347 -27.718074 82.320224 62.269497
1360 -23.954018 78.658687 62.269497
1361 -23.308468 78.609102 62.269497
1362 -22.662337 78.567169 62.269497
1363 -21.954071 78.470194 62.269497
1364 -21.444409 78.380479 62.269497
1365 -20.681222 78.245718 62.269497
1366 -20.043160 78.135622 62.269497
1367 -19.471288 78.024876 62.269497
1368 -18.836737 77.909935 62.269497
1369 -18.195515 77.820118 62.269497
1370 -17.554758 77.746424 62.269497
1383 -11.460595 76.672718 62.269497
1384 -11.447142 76.645967 62.269497
1385 -11.501791 76.386832 62.269497
1386 -11.861899 75.971870 62.269497
1387 -12.370002 75.567115 62.269497
1388 -12.895099 75.184017 62.269497
1389 -13.351793 74.818605 62.269497
1390 -13.873288 74.329645 62.269497
1391 -14.372085 73.817434 62.269497
1392 -14.756828 73.396928 62.269497
1393 -15.041951 73.042403 62.269497
1407 -15.228678 72.721214 62.269497
1408 -15.228678 72.721214 62.269497
1409 -15.228678 72.721214 62.269497
1410 -15.228678 72.721214 62.269497
1411 -15.247351 72.728308 62.269497
1412 -15.349317 72.906370 62.269497
1413 -15.394830 73.387866 62.269497
1414 -15.278813 73.898560 62.269497
1415 -15.192146 74.121114 62.269497
1416 -15.016973 74.507778 62.269497
1417 -14.951021 74.975428 62.269497
1432 -22.782907 77.142089 62.269497
1433 -23.491890 77.108858 62.269497
1434 -24.074217 77.095968 62.269497
1435 -24.716854 77.044589 62.269497
1436 -25.357845 76.938254 62.269497
1437 -25.987911 76.778801 62.269497
1438 -26.619864 76.626810 62.269497
1439 -27.191157 76.418798 62.269497
1440 -27.552330 76.079574 62.269497
1441 -27.722836 75.627661 62.269497
1442 -27.716636 75.372992 62.269497
1456 -27.812766 69.643836 62.455186
1457 -27.813046 69.426150 62.455186
1458 -27.899709 69.056274 62.455186
1459 -27.961386 68.505057 62.455186
1460 -27.959007 68.265518 62.455186
1461 -27.930983 67.791425 63.215269
1462 -27.927661 67.516523 63.215269
1463 -27.934304 67.156584 63.215269
1464 -27.942821 66.611652 64.045688
1465 -27.937729 66.396866 64.045688
1466 -27.929226 65.954459 64.045688
1481 -28.107362 59.860917 71.112096
1482 -28.133450 59.578035 71.112096
1483 -28.454142 59.113810 71.112096
1484 -28.984634 58.893083 71.112096
1485 -29.693310 58.798502 72.073090
1486 -30.393349 58.654330 72.073090
1487 -30.956846 58.497417 72.073090
1488 -31.571574 58.286548 72.650191
1489 -32.175280 58.045954 72.734931
1490 -32.762640 57.767753 72.734931
1491 -33.396868 57.437646 72.770394
1507 -39.171268 54.546240 72.897258
1508 -39.096890 54.487377 72.897258
1509 -38.914179 54.395586 72.897258
1510 -38.396772 54.344043 72.897258
1511 -37.798455 54.585292 72.897258
1512 -37.257587 54.945775 72.897258
1513 -36.707132 55.291076 72.897258
1514 -36.126149 55.582235 72.897258
1515 -35.534207 55.850656 72.897258
1516 -34.874222 56.125543 72.897258
1517 -34.334135 56.350223 72.897258
1534 -23.860858 58.074572 74.085155
1535 -23.860858 58.074572 74.085155
1536 -23.815007 58.112980 74.085155
1537 -23.793680 58.157580 74.085155
1538 -23.800547 58.216792 74.085155
1539 -23.902970 58.317287 74.085155
1540 -24.258388 58.343654 74.085155
1541 -24.851743 58.299867 74.085155
1542 -25.431959 58.248916 74.085155
1543 -26.139443 58.145658 74.085155
1544 -26.843148 58.051578 74.085155
1561 -23.133903 52.470949 77.279559
1562 -23.075668 52.442075 77.279559
1563 -23.075668 52.442075 77.279559
1564 -23.003818 52.494879 77.279559
1565 -22.968605 52.543412 77.279559
1566 -22.960433 52.571776 77.279559
1567 -23.002919 52.673599 77.279559
1568 -23.336151 52.821637 77.279559
1569 -23.951645 52.780989 77.279559
1570 -24.594144 52.729355 77.279559
1571 -25.175913 52.755723 77.279559
1589 -36.654503 52.182297 79.115424
1590 -37.281409 52.321893 79.115424
1591 -37.911167 52.472395 79.115424
1592 -38.480769 52.605685 79.115424
1593 -39.116393 52.741535 79.115424
1594 -39.748820 52.880282 79.115424
1595 -40.381826 53.016409 79.115424
1596 -40.950590 53.142062 79.115424
1597 -41.644784 53.302504 79.115424
1598 -42.342809 53.457316 79.115424
1599 -42.913979 53.583700 79.115424
1617 -47.179365 54.697107 79.115424
1618 -47.179365 54.697107 79.115424
1619 -47.179365 54.697107 79.115424
1620 -47.179365 54.697107 79.115424
1621 -47.179365 54.697107 79.115424
1622 -47.179365 54.697107 79.115424
1623 -47.181312 54.716987 79.115424
1624 -47.090780 54.831656 79.115424
1625 -46.737497 54.889407 79.115424
1626 -46.155073 54.804326 79.115424
1627 -45.599523 54.630551 79.115424
1646 -33.901606 50.846284 79.115424
1647 -33.283863 50.644421 79.115424
1648 -32.651519 50.506399 79.115424
1649 -32.090291 50.346652 79.115424
1650 -31.581595 49.955390 79.115424
1651 -31.274934 49.430553 79.115424
1652 -31.129548 49.068896 79.115424
1653 -31.062967 48.835737 79.115424
1654 -30.908579 48.375996 81.062755
1655 -30.785647 47.969203 81.062755
1656 -30.733814 47.745132 82.081973
1675 -29.917353 40.562975 89.105838
1676 -29.928551 40.546429 89.105838
1677 -30.120734 40.471815 90.102444
1678 -30.544120 40.705772 90.102444
1679 -30.716309 41.176667 90.363324
1680 -30.761698 41.488125 90.363324
1681 -30.870793 41.778236 90.363324
1682 -31.037148 42.260128 90.363324
1683 -31.192454 42.829249 90.363324
1684 -31.422048 43.332668 90.363324
1685 -31.884554 43.768980 90.363324
1706 -41.012847 42.623251 90.363324
1707 -41.012847 42.623251 90.363324
1708 -41.012847 42.623251 90.363324
1709 -41.012847 42.623251 90.363324
1710 -41.012847 42.623251 90.363324
1711 -41.012847 42.623251 90.363324
1712 -41.012847 42.623251 90.363324
1713 -40.986072 42.673461 90.363324
1714 -40.724655 42.772119 90.363324
1715 -40.172026 42.791300 90.363324
1716 -39.593276 42.725949 90.363324
1738 -26.773524 39.968131 90.363324
1739 -26.200489 39.886007 90.363324
1740 -25.550606 39.882891 90.601382
1741 -24.910506 39.789844 90.601382
1742 -24.284585 39.615050 90.601382
1743 -23.674386 39.398939 90.601382
1744 -23.131725 39.180488 90.601382
1745 -22.473611 38.901131 90.601382
1746 -21.847399 38.646399 90.601382
1747 -21.506760 38.542382 90.601382
1769 -21.092508 38.584706 90.601382
1770 -21.092508 38.584706 90.601382
1771 -21.054361 38.595977 90.601382
1772 -20.954384 38.732657 90.601382
1773 -20.985754 38.927669 90.601382
1774 -21.259568 39.119727 90.601382
1775 -21.848615 39.169924 90.601382
1776 -22.495379 39.139349 90.601382
1777 -23.142725 39.136921 90.601382
1778 -23.723565 39.178535 90.601382
1779 -24.494154 39.281252 90.601382
1801 -34.071073 35.990358 93.060251
1802 -34.071073 35.990358 93.060251
1803 -34.118859 35.916225 93.060251
1804 -34.445116 35.857277 93.060251
1805 -35.033599 35.936985 93.060251
1806 -35.659001 36.113303 93.060251
1807 -36.216243 36.291336 93.101291
1808 -36.896673 36.510956 93.101291
1809 -37.581742 36.706254 93.101291
1810 -38.149986 36.845171 93.101291
1811 -38.783073 36.992459 93.101291
1835 -46.640770 37.718723 93.101291
1836 -46.639640 37.728659 93.101291
1837 -46.639640 37.728659 93.101291
1838 -46.692219 37.776372 93.101291
1839 -46.683373 37.898113 93.101291
1840 -46.372957 38.073960 93.101291
1841 -45.763380 38.125308 93.101291
1842 -45.055982 38.121979 93.101291
1843 -44.472510 38.161694 93.101291
1844 -43.830160 38.242903 93.101291
1845 -43.183988 38.281832 93.101291
1868 -30.928325 33.843870 94.703381
1869 -30.864871 33.535515 94.703381
1870 -30.707612 33.178653 94.703381
1871 -30.576073 32.859802 94.793726
1872 -30.486568 32.599777 94.793726
1873 -30.308404 32.090111 94.793726
1874 -30.198757 31.844012 94.793726
1875 -30.030564 31.577688 94.793726
1876 -29.743301 31.028746 94.793726
1877 -29.615740 30.732560 94.793726
1878 -29.487654 30.455763 94.793726
1903 -27.503608 21.598089 98.295729
1904 -27.503608 21.598089 98.295729
1905 -27.503608 21.598089 100.071227
1906 -27.503608 21.598089 100.071227
1907 -27.444878 21.666118 101.408335
1908 -27.377805 21.810290 101.483055
1909 -27.378983 22.014508 101.483055
1910 -27.462765 22.536611 101.483055
1911 -27.732571 23.040859 101.483055
1912 -28.148022 23.534048 101.483055
1913 -28.542653 24.034550 101.483055
1939 -36.830514 30.870554 101.483055
1940 -37.395111 31.023335 101.483055
1941 -38.027858 31.146729 101.483055
1942 -38.672667 31.203167 101.483055
1943 -39.319962 31.205647 101.483055
1944 -39.966871 31.178074 101.483055
1945 -40.611225 31.149194 101.483055
1946 -41.323292 31.124941 101.483055
1947 -41.905707 31.115030 101.483055
1948 -42.553195 31.111245 101.483055
1949 -43.200668 31.105514 101.483055
1978 -47.514025 30.579738 101.483055
1979 -47.332822 30.475607 101.483055
1980 -46.869001 30.442712 101.483055
1981 -46.237388 30.545923 101.483055
1982 -45.595064 30.626463 101.483055
1983 -44.948618 30.661909 101.483055
1984 -44.366277 30.666513 101.483055
1985 -43.656438 30.651400 101.483055
1986 -42.944095 30.636468 101.483055
1987 -42.361723 30.624260 101.483055
1988 -41.714449 30.627607 101.483055
2018 -28.727623 25.074920 101.483055
2019 -28.686300 24.925567 101.483055
2020 -28.541710 24.515334 101.483055
2021 -28.387555 23.998034 101.483055
2022 -28.369479 23.834055 101.483055
2023 -28.288850 23.402063 101.483055
2024 -28.104351 22.852364 101.483055
2025 -28.024287 22.702448 101.483055
2026 -27.809212 22.234550 101.483055
2027 -27.551937 21.740364 101.483055
2028 -27.127805 21.284208 101.483055
2058 -14.830609 17.855480 106.735610
2059 -14.830609 17.855480 106.735610
2060 -14.830609 17.855480 106.735610
2061 -14.830609 17.855480 106.735610
2062 -14.857947 17.867588 106.735610
2063 -14.931106 18.074958 106.735610
2064 -14.709334 18.426627 106.735610
2065 -14.205459 18.794914 106.735610
2066 -13.545552 19.066184 106.735610
2067 -12.988907 19.245980 106.735610
2068 -12.365492 19.429877 106.735610
2083 -6.629165 23.040235 115.520260
2084 -6.542892 22.832400 115.520260
2085 -6.581623 22.354434 115.520260
2086 -6.653124 21.935563 115.520260
2087 -6.727913 21.686585 115.520260
2088 -6.803603 21.238390 115.895343
2089 -6.825064 20.769172 115.895343
2090 -6.797560 20.520697 115.895343
2091 -6.773945 20.021398 115.895343
2092 -6.775765 19.559002 115.895343
2093 -6.827941 19.084441 115.895343
2122 -9.065802 8.163943 123.018091
2123 -9.065802 8.163943 123.018091
2124 -9.065802 8.163943 123.018091
2125 -9.065802 8.163943 123.161888
2126 -9.065802 8.163943 123.161888
2127 -9.065802 8.163943 123.018091
2128 -9.070857 8.183270 123.018091
2129 -9.176801 8.280522 123.018091
2130 -9.496581 8.267029 123.018091
2131 -9.793612 7.868328 123.018091
2132 -9.834787 7.650867 123.018091
2149 -12.315748 0.991714 125.012202
2150 -12.468526 0.769169 125.012202
2151 -12.707602 0.315164 127.569787
2152 -12.796973 -0.145177 127.569787
2153 -12.814343 -0.619455 127.569787
2154 -12.847203 -0.880554 127.516315
2155 -12.964148 -1.194445 127.516315
2156 -13.112947 -1.775048 127.516315
2157 -13.182595 -2.056007 127.516315
2158 -13.270187 -2.389305 127.516315
2159 -13.318848 -2.748246 127.790495
2177 -14.182255 -5.846285 127.790495
2178 -14.182255 -5.846285 127.790495
2179 -14.182255 -5.846285 127.790495
2180 -14.245100 -5.834260 127.790495
2181 -14.373447 -5.595507 127.790495
2182 -14.446000 -5.119857 127.790495
2183 -14.375973 -4.716028 127.852613
2184 -14.293993 -4.522967 127.852613
2185 -14.108402 -4.238187 127.980665
2186 -13.889481 -3.710585 127.980665
2187 -13.854270 -3.559661 127.852613
2222 -12.307730 10.663982 127.852613
2223 -12.299580 11.053885 127.852613
2224 -12.304083 11.361278 127.852613
2225 -12.316406 11.686044 127.852613
2226 -12.330455 12.249596 127.852613
2227 -12.317586 12.378957 127.852613
2228 -12.295639 12.803317 127.852613
2229 -12.290501 13.358278 127.852613
2230 -12.303856 13.793015 127.852613
2231 -12.304359 14.047960 127.852613
2232 -12.301670 14.360447 127.852613
2266 -20.920167 26.807564 127.852613
2267 -20.735970 26.836561 127.852613
2268 -20.488376 26.567314 127.852613
2269 -20.396809 26.063927 127.852613
2270 -20.388257 25.838096 127.852613
2271 -20.391060 25.453135 127.852613
2272 -20.313690 24.987062 127.852613
2273 -20.234857 24.763079 127.852613
2274 -20.114211 24.466697 127.852613
2275 -19.901265 23.948774 127.852613
2276 -19.820288 23.746911 127.852613
2312 -38.030747 19.849189 127.852613
2313 -38.104521 19.819058 127.852613
2314 -38.157716 19.774631 127.852613
2315 -38.225879 19.596372 127.918922
2316 -38.222067 19.017671 127.918922
2317 -38.195069 18.515951 127.918922
2318 -38.209569 18.186969 127.918922
2319 -38.207101 17.959497 127.852613
2320 -38.227766 17.460032 127.852613
2321 -38.263292 17.006489 127.852613
2322 -38.320248 16.529919 127.852613
2359 -39.437228 10.070911 127.852613
2360 -39.441947 10.051502 127.852613
2361 -39.637433 9.910245 127.852613
2362 -40.173073 9.874990 127.852613
2363 -40.871375 9.996460 127.852613
2364 -41.502119 10.153338 127.852613
2365 -42.071127 10.277796 127.852613
2366 -42.707872 10.395173 127.852613
2367 -43.347564 10.495383 127.852613
2368 -43.989317 10.581208 127.852613
2369 -44.695095 10.658521 127.852613
2407 -49.310612 11.152950 127.918922
2408 -49.294253 10.908282 127.918922
2409 -49.507332 10.413150 127.918922
2410 -49.736578 10.083022 127.918922
2411 -50.192579 9.538993 127.918922
2412 -50.404734 9.218483 127.918922
2413 -50.565947 8.953853 127.918922
2414 -50.839920 8.483177 127.918922
2415 -50.934712 8.252270 127.918922
2416 -51.047045 7.944742 127.918922
2417 -51.241128 7.456960 127.918922
2457 -52.798998 3.225859 127.918922
2458 -52.798998 3.225859 127.918922
2459 -52.798998 3.225859 127.918922
2460 -52.808979 3.226478 127.918922
2461 -52.967722 3.395612 127.918922
2462 -52.917894 3.838080 127.918922
2463 -52.703983 4.358759 127.918922
2464 -52.344327 4.860505 127.918922
2465 -51.970058 5.351504 127.918922
2466 -51.873946 5.533914 127.918922
2467 -51.669664 5.923491 127.918922
2507 -32.250887 0.579213 127.852613
2508 -31.858382 0.493795 127.852613
2509 -31.543895 0.142662 127.852613
2510 -31.367813 -0.370069 127.852613
2511 -31.266660 -0.784022 127.852613
2512 -31.186276 -1.004836 129.528880
2513 -30.989001 -1.491300 129.528880
2514 -30.733454 -1.965982 130.433012
2515 -30.426461 -2.410220 130.433012
2516 -30.168995 -2.859054 131.340667
2517 -29.862424 -3.348369 131.340667
2558 -29.105944 -4.438956 134.140414
2559 -29.025528 -4.465603 134.140414
2560 -28.691112 -4.437559 134.140414
2561 -28.401506 -4.187289 134.140414
2562 -28.264381 -3.705783 134.821848
2563 -28.210895 -3.421042 134.821848
2564 -28.076489 -2.992085 134.821848
2565 -27.894904 -2.526231 134.821848
2566 -27.678227 -2.082447 134.821848
2567 -27.416137 -1.726362 134.821848
2568 -27.413234 -1.716792 134.821848
2611 -2.050584 -4.363764 134.851959
2612 -1.352763 -4.263097 134.851959
2613 -0.772173 -4.305255 134.851959
2614 -0.129957 -4.387757 134.821848
2615 0.510182 -4.466752 134.821848
2616 1.150549 -4.575766 134.821848
2617 1.782749 -4.715618 134.821848
2618 2.416868 -4.846498 135.140115
2619 2.992052 -4.953200 135.140115
2620 3.693538 -5.062545 135.667427
2621 4.402562 -5.131198 135.667427
2645 10.426027 -5.715100 136.785126
2646 10.426027 -5.715100 136.785126
2647 10.484199 -5.682756 136.785126
2648 10.557110 -5.409329 136.785126
2649 10.354227 -4.970902 136.785126
2650 10.213771 -4.805005 136.785126
2651 9.919800 -4.477672 136.785126
2652 9.646501 -4.108110 136.785126
2653 9.543792 -3.922080 136.785126
2654 9.308357 -3.498060 136.785126
2655 9.092970 -3.108690 136.785126
2701 8.383290 2.969797 137.076514
2702 8.487595 2.724506 137.076514
2703 8.447018 2.267176 137.076514
2704 8.286037 1.761118 137.076514
2705 7.952437 1.248005 137.076514
2706 7.662609 0.804689 137.076514
2707 7.410043 0.289104 137.076514
2708 7.339367 -0.174764 137.076514
2709 7.395195 -0.641375 137.076514
2710 7.415919 -0.875452 137.076514
2711 7.432759 -1.319896 137.076514
2759 -2.019692 3.694042 136.805887
2760 -2.042196 3.754374 136.805887
2761 -2.222355 3.851985 136.805887
2762 -2.815248 3.822017 136.805887
2763 -3.429539 3.616922 136.805887
2764 -3.952688 3.355147 136.805887
2765 -4.521371 3.045799 136.805887
2766 -5.045574 2.671074 136.805887
2767 -5.559342 2.300728 136.805887
2768 -6.100585 2.099206 136.805887
2769 -6.809372 2.034881 136.805887
2818 -27.638506 -8.066888 136.900149
2819 -27.787525 -8.163845 136.900149
2820 -28.249254 -8.131559 137.590882
2821 -28.852966 -7.915296 137.590882
2822 -29.415135 -7.589088 138.493938
2823 -29.972228 -7.254237 138.493938
2824 -30.480728 -6.965033 138.493938
2825 -31.079100 -6.574669 138.493938
2826 -31.650220 -6.144538 138.493938
2827 -32.128848 -5.817658 138.493938
2828 -32.716567 -5.542523 138.493938
2855 -35.311515 -5.025160 138.493938
2856 -35.139709 -5.203311 138.493938
2857 -34.842992 -5.482364 138.493938
2858 -34.250691 -5.784442 138.493938
2859 -33.616877 -5.915314 138.493938
2860 -32.975715 -6.005274 138.493938
2861 -32.329359 -6.073246 138.493938
2862 -31.796511 -6.252346 138.382263
2863 -31.446600 -6.645153 138.382263
2864 -31.339660 -6.884714 138.382263
2865 -31.260963 -7.298547 138.382263
2915 -34.463467 -11.946883 140.556362
2916 -34.463467 -11.946883 140.556362
2917 -34.534156 -12.014820 140.556362
2918 -34.845170 -12.086919 140.556362
2919 -35.415791 -12.068254 140.556362
2920 -36.057348 -11.980951 140.556362
2921 -36.635237 -11.908076 140.556362
2922 -37.343335 -11.857767 140.556362
2923 -38.055648 -11.843384 140.556362
2924 -38.638143 -11.843626 140.556362
2925 -39.285638 -11.842499 140.556362
2976 -50.592204 -12.342589 140.580976
2977 -50.592204 -12.342589 140.580976
2978 -50.592204 -12.342589 140.580976
2979 -50.592204 -12.342589 140.580976
2980 -50.648438 -12.324316 140.580976
2981 -50.688800 -12.294825 140.580976
2982 -50.697959 -12.246129 140.580976
2983 -50.605386 -12.126628 140.580976
2984 -50.199739 -12.050091 140.580976
2985 -49.635941 -12.076026 140.580976
2986 -48.925817 -12.133629 140.580976
3038 -46.590899 1.508656 140.580976
3039 -46.425663 1.321567 140.580976
3040 -46.270641 0.939318 140.580976
3041 -46.207198 0.567316 140.580976
3042 -46.109243 0.331981 140.580976
3043 -45.910999 -0.143266 140.580976
3044 -45.546633 -0.736471 140.580976
3045 -45.174740 -1.187977 140.580976
3046 -44.758887 -1.670967 140.580976
3047 -44.472059 -2.104433 140.580976
3048 -44.373693 -2.301138 140.580976
3101 -28.164340 -3.813457 140.580976
3102 -28.101360 -3.484647 140.580976
3103 -28.066277 -3.171770 140.580976
3104 -27.955409 -2.663927 140.580976
3105 -27.879552 -2.441523 140.580976
3106 -27.727006 -1.991728 140.580976
3107 -27.450225 -1.436128 140.580976
3108 -26.966105 -1.009139 140.580976
3109 -26.381993 -0.724538 140.580976
3110 -25.845458 -0.491402 140.580976
3111 -25.194463 -0.195878 140.580976
3164 -19.099913 3.045954 140.580976
3165 -19.099913 3.045954 140.580976
3166 -19.099913 3.045954 140.580976
3167 -19.099913 3.045954 140.580976
3168 -19.099913 3.045954 140.580976
3169 -19.090269 3.116206 140.580976
3170 -19.118821 3.187372 140.580976
3171 -19.289970 3.279245 140.580976
3172 -19.731352 3.209731 140.580976
3173 -20.302034 2.909584 140.580976
3174 -20.852004 2.563216 140.580976
3228 -28.226928 -17.601177 146.895510
3229 -28.256516 -17.652899 146.895510
3230 -28.538016 -17.736537 146.895510
3231 -29.092296 -17.611056 146.895510
3232 -29.716835 -17.440561 147.886074
3233 -30.420892 -17.339017 147.886074
3234 -31.005569 -17.344755 147.886074
3235 -31.648234 -17.398696 147.886074
3236 -32.227656 -17.458464 147.886074
3237 -32.938445 -17.507323 147.886074
3238 -33.584634 -17.548480 147.886074
3293 -40.013053 -18.342065 147.886074
3294 -40.013053 -18.342065 147.886074
3295 -40.013053 -18.342065 147.886074
3296 -40.013053 -18.342065 147.886074
3297 -40.013053 -18.342065 147.886074
3298 -40.013053 -18.342065 147.886074
3299 -40.009293 -18.322447 147.886074
3300 -39.868873 -18.208750 147.886074
3301 -39.431564 -18.130141 147.886074
3302 -38.801113 -18.171492 147.886074
3303 -38.221378 -18.249726 147.886074
3359 -29.218450 -33.454215 163.479207
3360 -29.218450 -33.454215 163.479207
3361 -29.218450 -33.454215 163.479207
3362 -29.218450 -33.454215 163.479207
3363 -29.218450 -33.454215 163.479207
3364 -29.218450 -33.454215 163.552227
3365 -29.218450 -33.454215 163.552227
3366 -29.218450 -33.454215 163.552227
3367 -29.218450 -33.454215 163.552227
3368 -29.280997 -33.484460 163.552227
3369 -29.416185 -33.765009 163.527646
3401 -29.054782 -46.465752 175.222291
3402 -29.093786 -46.550876 175.222291
3403 -29.392970 -46.668056 175.222291
3404 -30.020527 -46.686658 176.261315
3405 -30.602397 -46.662409 176.261315
3406 -31.248688 -46.696908 176.635928
3407 -31.890022 -46.799411 176.635928
3408 -32.458916 -46.935510 176.635928
3409 -33.139431 -47.153571 176.635928
3410 -33.810084 -47.401404 176.635928
3411 -34.360203 -47.600372 176.635928
3447 -40.493356 -50.318573 176.758511
3448 -40.493356 -50.318573 176.758511
3449 -40.493356 -50.318573 176.758511
3450 -40.493356 -50.318573 176.758511
3451 -40.493356 -50.318573 176.758511
3452 -40.493356 -50.318573 176.937987
3453 -40.504123 -50.290637 176.937987
3454 -40.543432 -50.246275 176.937987
3455 -40.604226 -50.211916 176.937987
3456 -40.662691 -50.220020 176.937987
3457 -40.806759 -50.366968 176.937987
3527 -45.365425 -61.118442 177.854354
3528 -45.365425 -61.118442 177.854354
3529 -45.365425 -61.118442 177.854354
3530 -45.365425 -61.118442 177.854354
3531 -45.413204 -61.098038 177.854354
3532 -45.503703 -60.849353 177.854354
3533 -45.256257 -60.367449 177.854354
3534 -44.795767 -59.912208 177.854354
3535 -44.255524 -59.550802 177.854354
3536 -43.722615 -59.178789 177.854354
3537 -43.274718 -58.802904 177.854354
3611 -21.957714 -38.238319 178.095062
3612 -21.957714 -38.238319 178.095062
3613 -21.981056 -38.273505 178.095062
3614 -22.286851 -38.335127 178.095062
3615 -22.915202 -38.233100 178.095062
3616 -23.483804 -38.106639 178.095062
3617 -24.120309 -37.988239 178.095062
3618 -24.761249 -37.917697 178.095062
3619 -25.402719 -37.852106 178.095062
3620 -25.982116 -37.792970 178.095062
3621 -26.683029 -37.672897 178.095062
3696 -36.194280 -25.360860 177.854354
3697 -36.047361 -25.472640 177.854354
3698 -35.746325 -25.590616 177.854354
3699 -35.146516 -25.580621 177.854354
3700 -34.504747 -25.477735 177.854354
3701 -33.862812 -25.395290 177.854354
3702 -33.218979 -25.356790 177.854354
3703 -32.583655 -25.322577 177.854354
3704 -32.018045 -25.355190 177.854354
3705 -31.439137 -25.816659 177.854354
3706 -31.298185 -26.265298 177.854354
3782 -47.638417 -46.017888 177.854354
3783 -47.638417 -46.017888 177.854354
3784 -47.690162 -45.947912 177.854354
3785 -47.639844 -45.850619 177.854354
3786 -47.286075 -45.731803 177.854354
3787 -46.689328 -45.704274 177.854354
3788 -46.111064 -45.792239 177.854354
3789 -45.408311 -45.892812 177.854354
3790 -44.702868 -45.944769 177.854354
3791 -44.118030 -45.957406 177.854354
3792 -43.473039 -45.955800 177.854354
3870 -17.155951 -43.998175 178.095062
3871 -17.155951 -43.998175 178.095062
3872 -17.170727 -44.011626 178.095062
3873 -17.388032 -44.072916 178.095062
3874 -17.891081 -44.087001 178.095062
3875 -18.529146 -44.012108 178.095062
3876 -19.173060 -43.944762 178.095062
3877 -19.884838 -43.920950 178.095062
3878 -20.531443 -43.954443 178.095062
3879 -21.111205 -43.967853 178.095062
3880 -21.758567 -43.955534 178.095062
3958 -55.666201 -48.497140 178.095062
3959 -55.666201 -48.497140 178.095062
3960 -55.666201 -48.497140 178.095062
3961 -55.666201 -48.497140 178.095062
3962 -55.711827 -48.477941 178.095062
3963 -55.789683 -48.252691 178.095062
3964 -55.519741 -47.859987 178.095062
3965 -54.967439 -47.690417 178.095062
3966 -54.260381 -47.609716 178.095062
3967 -53.549866 -47.561071 178.095062
3968 -52.974812 -47.455913 178.095062
4048 -21.927381 -52.422035 180.181384
4049 -21.927381 -52.422035 180.181384
4050 -21.927381 -52.422035 180.181384
4051 -21.927381 -52.422035 180.181384
4052 -21.927381 -52.422035 180.181384
4053 -21.927381 -52.422035 180.181384
4054 -21.929234 -52.402146 180.181384
4055 -21.816656 -52.245726 180.181384
4056 -21.359690 -52.155887 180.181384
4057 -20.652244 -52.223953 180.181384
4058 -20.144273 -52.334854 180.181384
4140 -11.446547 -54.753584 179.849301
4141 -11.446547 -54.753584 179.849301
4142 -11.375816 -54.719313 179.849301
4143 -11.279912 -54.444373 179.849301
4144 -11.316459 -53.975799 179.849301
4145 -11.332028 -53.718810 179.849301
4146 -11.346113 -53.334147 179.849301
4147 -11.338494 -52.869278 179.849301
4148 -11.224914 -52.357453 179.849301
4149 -10.953863 -51.800783 179.849301
4150 -10.766124 -51.370378 179.849301
4234 -10.835700 -46.928211 180.181384
4235 -10.685039 -47.095123 180.181384
4236 -10.514218 -47.485703 180.181384
4237 -10.477924 -48.103402 180.181384
4238 -10.537476 -48.534041 180.181384
4239 -10.545667 -48.673796 180.181384
4240 -10.569302 -49.098127 180.181384
4241 -10.581770 -49.560443 180.181384
4242 -10.583515 -49.755435 180.181384
4243 -10.583905 -50.220434 180.181384
4244 -10.593294 -50.525192 180.181384
4329 -40.011471 -36.152354 180.181384
4330 -40.011471 -36.152354 180.181384
4331 -40.011471 -36.152354 180.181384
4332 -40.011471 -36.152354 180.181384
4333 -40.011471 -36.152354 180.181384
4334 -40.011471 -36.152354 180.181384
4335 -40.015999 -36.134491 180.181384
4336 -39.895665 -36.016513 180.181384
4337 -39.533708 -35.942105 180.181384
4338 -38.955637 -35.971537 180.181384
4339 -38.313386 -36.053811 180.181384
4424 -30.756487 -7.453398 180.181384
4425 -30.767837 -7.422973 180.181384
4426 -30.834377 -7.341580 180.181384
4427 -30.882445 -7.305844 180.181384
4428 -30.920975 -7.296427 180.181384
4429 -31.025363 -7.343593 180.181384
4430 -31.159752 -7.631651 180.181384
4431 -31.179627 -8.090849 180.181384
4432 -31.059475 -8.675700 180.181384
4433 -30.963982 -8.920594 180.181384
4434 -30.806992 -9.164367 180.181384
4520 -48.357224 -25.458544 180.181384
4521 -48.357224 -25.458544 180.181384
4522 -48.357224 -25.458544 180.181384
4523 -48.357224 -25.458544 180.181384
4524 -48.435616 -25.413031 180.181384
4525 -48.497421 -25.119597 180.181384
4526 -48.430529 -24.711015 180.181384
4527 -48.258732 -24.401803 180.181384
4528 -47.848484 -24.039163 180.181384
4529 -47.221736 -23.883874 180.181384
4530 -46.580594 -23.853965 180.181384
4617 -27.284874 -1.784851 180.181384
4618 -27.293090 -1.874475 180.181384
4619 -27.284040 -1.774886 180.181384
4620 -27.275331 -1.675266 180.181384
4621 -27.267648 -1.605735 180.181384
4622 -27.248662 -1.548919 180.181384
4623 -27.284120 -1.642421 180.181384
4624 -27.293999 -1.670725 180.181384
4625 -27.304647 -1.640075 180.181384
4626 -27.416364 -1.576952 180.181384
4627 -27.505981 -1.574771 180.181384
4714 -28.225513 -33.363578 180.181384
4715 -28.275346 -33.840473 180.181384
4716 -28.328238 -34.155716 180.181384
4717 -28.428154 -34.438459 180.181384
4718 -28.505021 -34.956491 180.181384
4719 -28.505049 -35.426390 180.181384
4720 -28.476544 -35.892896 180.181384
4721 -28.459659 -36.209721 180.181384
4722 -28.457279 -36.494704 180.181384
4723 -28.449186 -37.019642 180.181384
4724 -28.447167 -37.322094 180.181384
4812 -29.196056 -68.461891 197.994574
4813 -29.011599 -68.526955 197.994574
4814 -28.592505 -68.426909 198.431075
4815 -28.143923 -68.075641 198.431075
4816 -27.666466 -67.547847 198.431075
4817 -27.541016 -67.355222 198.450526
4818 -27.395863 -67.077901 198.450526
4819 -26.969858 -66.666150 198.450526
4820 -26.373786 -66.427973 198.450526
4821 -25.733342 -66.335291 198.450526
4822 -25.024925 -66.289844 198.450526
4867 -23.781402 -66.264285 198.450526
4868 -23.781402 -66.264285 198.450526
4869 -23.781402 -66.264285 198.450526
4870 -23.781402 -66.264285 198.450526
4871 -23.871475 -66.231293 198.450526
4872 -23.891904 -66.197353 198.450526
4873 -23.876553 -66.103122 198.450526
4874 -23.643564 -65.989726 198.450526
4875 -23.156264 -65.952531 198.450526
4876 -22.525396 -66.023706 198.450526
4877 -21.946725 -66.090196 198.450526
4966 -10.588153 -64.437078 198.431075
4967 -10.581711 -64.519806 198.431075
4968 -10.693286 -64.624389 198.431075
4969 -11.088613 -64.625875 198.431075
4970 -11.702548 -64.539548 198.431075
4971 -12.351585 -64.521552 198.431075
4972 -12.995121 -64.590323 198.431075
4973 -13.694055 -64.734301 198.431075
4974 -14.215552 -64.996301 198.431075
4975 -14.759738 -65.346288 198.431075
4976 -15.372199 -65.549190 198.431075
5067 -29.993788 -83.788282 213.546931
5068 -29.995622 -83.798113 213.546931
5069 -30.053583 -83.861564 213.546931
5070 -30.158826 -83.839388 213.546931
5071 -30.265091 -83.582833 213.564818
5072 -30.296021 -83.032807 213.564818
5073 -30.267743 -82.660201 213.564818
5074 -30.222152 -82.409371 213.564818
5075 -30.210576 -81.965419 213.564818
5076 -30.277356 -81.673548 213.564818
5077 -30.457531 -81.175167 213.564818
5129 -40.423377 -73.999732 213.582892
5130 -40.182499 -74.239669 213.582892
5131 -39.706289 -74.597361 213.582892
5132 -39.160659 -74.797487 213.582892
5133 -38.463984 -74.946170 213.582892
5134 -37.771148 -75.111796 213.582892
5135 -37.212256 -75.284430 213.582892
5136 -36.601746 -75.507513 213.582892
5137 -35.997482 -75.746923 213.582892
5138 -35.395784 -75.992749 213.582892
5139 -34.802433 -76.258109 213.582892
5241 -29.966101 -99.433006 228.840931
5242 -29.930213 -99.410652 228.840931
5243 -29.830749 -99.082884 228.840931
5244 -29.876318 -98.527462 229.105940
5245 -29.922993 -98.284882 229.105940
5247 -30.095725 -97.726391 229.105940
5248 -30.164362 -97.291852 229.105940
5249 -30.269472 -96.671881 229.105940
5250 -30.362401 -96.403402 229.089266
5252 -30.618013 -95.916799 229.089266
5253 -30.704180 -95.655882 229.089266
