7 -29.000000 -60.000000 -0.611904
8 -29.000000 -60.000000 19.990499
9 -29.000000 -60.000000 19.990499
10 -29.000000 -60.000000 19.990499
11 -29.000000 -60.000000 19.990499
12 -29.000000 -60.000000 19.990499
13 -29.000000 -60.000000 19.990499
14 -28.979785 -59.933423 19.990499
15 -28.999688 -59.862830 19.990499
16 -29.146579 -59.770723 19.990499
17 -29.568719 -59.881041 19.990499
18 -30.003090 -60.335475 19.990499
19 -30.129658 -60.524506 20.010497
20 -30.218444 -60.651554 20.010497
21 -30.218444 -60.651554 20.010497
22 -30.218444 -60.651554 20.535337
23 -30.220528 -60.641773 20.763912
24 -30.141170 -60.541072 20.763912
25 -29.756593 -60.435908 20.763912
26 -29.132621 -60.456040 20.763912
27 -28.490679 -60.540073 20.763912
28 -28.490679 -60.540073 20.763912
29 -28.490679 -60.540073 20.763912
30 -28.490679 -60.540073 20.763912
31 -28.490679 -60.540073 20.763912
32 -28.490679 -60.540073 20.763912
33 -28.490679 -60.540073 20.763912
34 -28.490679 -60.540073 20.763912
35 -28.490679 -60.540073 20.763912
36 -28.490679 -60.540073 20.763912
37 -28.490679 -60.540073 20.763912
38 -28.490679 -60.540073 20.763912
39 -28.490679 -60.540073 20.763912
40 -28.490679 -60.540073 20.763912
41 -28.490679 -60.540073 20.763912
42 -28.490679 -60.540073 20.763912
43 -28.490679 -60.540073 20.763912
44 -28.490679 -60.540073 20.763912
45 -28.490679 -60.540073 20.763912
46 -28.490679 -60.540073 20.763912
47 -28.490679 -60.540073 20.763912
48 -28.490679 -60.540073 20.763912
49 -28.490679 -60.540073 20.763912
50 -28.490679 -60.540073 20.763912
51 -28.490679 -60.540073 20.763912
52 -28.490679 -60.540073 20.763912
53 -28.490679 -60.540073 20.763912
54 -28.490679 -60.540073 20.763912
55 -28.490679 -60.540073 20.763912
56 -28.490679 -60.540073 20.763912
57 -28.490679 -60.540073 20.763912
58 -28.490679 -60.540073 20.763912
59 -28.490679 -60.540073 20.763912
60 -28.490679 -60.540073 20.763912
61 -28.378055 -60.668063 20.763912
62 -28.321446 -61.123053 20.763912
63 -28.355773 -61.470648 20.763912
64 -28.464740 -61.771466 20.763912
65 -28.537965 -62.173794 21.367734
66 -28.490056 -62.444258 21.367734
67 -28.400877 -62.818763 22.111084
68 -28.340391 -63.087004 22.111084
69 -28.225568 -63.542741 22.111084
70 -28.083871 -63.961865 22.111084
71 -27.966477 -64.210515 23.117527
72 -27.779260 -64.657917 23.117527
73 -27.444122 -65.201620 24.105187
74 -26.990978 -65.651984 24.105187
75 -26.638865 -65.897950 24.905021
76 -26.407476 -66.016191 24.905021
77 -25.944973 -66.111725 25.523716
78 -25.303783 -66.017224 25.523716
79 -24.670842 -65.869534 25.523716
80 -24.030958 -65.772303 25.523716
81 -23.387273 -65.733556 25.523716
82 -22.739944 -65.719046 25.523716
83 -22.091088 -65.743113 25.523716
84 -21.452169 -65.860613 25.523716
85 -20.825702 -66.014038 25.523716
86 -20.316723 -66.120262 25.523716
87 -20.060185 -66.162451 25.523716
88 -19.637011 -66.197942 25.523716
89 -19.002848 -66.121306 25.523716
90 -18.367863 -65.982518 25.523716
91 -17.770490 -65.847471 25.523716
92 -17.411718 -65.780338 25.523716
93 -17.205076 -65.742963 25.523716
94 -16.806143 -65.731024 25.523716
95 -16.179339 -65.807506 25.523716
96 -15.562120 -66.001122 25.523716
97 -14.980081 -66.287328 25.523716
98 -14.513285 -66.700394 25.523716
99 -14.265169 -66.994739 25.523716
100 -14.159877 -67.128205 25.523716
101 -14.091846 -67.159276 25.523716
102 -13.724217 -67.142527 25.523716
103 -13.357725 -66.828767 25.523716
104 -13.262171 -66.641911 25.523716
105 -13.140986 -66.319217 25.523716
106 -13.148333 -66.358504 25.523716
107 -13.162810 -66.194150 25.523716
108 -13.099552 -65.798594 25.523716
109 -12.651886 -65.425025 25.523716
110 -12.140249 -65.351078 25.523716
111 -11.916834 -65.375908 25.523716
112 -11.877877 -65.384981 25.523716
113 -11.563465 -65.467022 25.523716
114 -11.038510 -65.613366 25.523716
115 -10.724972 -65.730615 25.523716
116 -10.574793 -65.798960 25.523716
117 -10.506774 -65.830555 25.523716
118 -10.506774 -65.830555 25.523716
119 -10.506774 -65.830555 25.523716
120 -10.492353 -65.844413 25.523716
121 -10.410190 -65.921259 25.523716
122 -10.322240 -65.981924 25.523716
123 -10.178354 -65.998200 25.523716
124 -9.781887 -65.947625 25.523716
125 -9.176058 -66.084774 25.523716
126 -8.741511 -66.469353 25.523716
127 -8.561730 -66.721238 25.523716
128 -8.494945 -66.844251 25.523716
129 -8.494945 -66.844251 25.523716
130 -8.549663 -66.887228 25.523716
131 -8.671263 -66.847673 25.523716
132 -8.773325 -66.508934 25.523716
133 -8.756800 -66.163510 25.523716
134 -8.700678 -65.979497 25.523716
135 -8.609728 -65.755322 25.523716
136 -8.322217 -65.538976 25.523716
137 -7.709734 -65.481512 25.523716
138 -7.165365 -65.506877 25.523716
139 -6.896349 -65.529843 25.523716
140 -6.781830 -65.540347 25.523716
141 -6.781830 -65.540347 25.523716
142 -6.784213 -65.550059 25.523716
143 -6.939477 -65.672447 25.523716
144 -7.401666 -65.751841 25.523716
145 -8.042705 -65.715268 25.523716
146 -8.685696 -65.620142 25.523716
147 -9.326051 -65.543575 25.523716
148 -9.972287 -65.504498 25.523716
149 -10.619674 -65.494084 25.523716
150 -11.267160 -65.497309 25.523716
151 -11.911836 -65.517279 25.523716
152 -12.557968 -65.483986 25.523716
153 -13.203896 -65.447203 25.523716
154 -13.849016 -65.499166 25.509607
155 -14.491152 -65.599410 25.509607
156 -15.133946 -65.674271 25.509607
157 -15.781227 -65.687971 25.523716
158 -16.425962 -65.674183 25.523716
159 -17.072912 -65.647516 25.523716
160 -17.719929 -65.622557 25.523716
161 -18.367347 -65.620506 25.523716
162 -19.011692 -65.648554 25.523716
163 -19.656292 -65.637210 25.523716
164 -20.303552 -65.624533 25.523716
165 -20.950040 -65.656883 25.523716
166 -21.594772 -65.738012 25.523716
167 -22.235183 -65.848370 25.523716
168 -22.742731 -65.982355 25.509607
169 -23.001362 -66.059838 25.509607
170 -23.133940 -66.104803 25.523716
171 -23.445024 -66.197895 25.523716
172 -24.041495 -66.255559 25.523716
173 -24.638945 -66.252971 25.523716
174 -24.968878 -66.246499 25.523716
175 -25.106336 -66.243115 25.523716
176 -25.411244 -66.235608 25.523716
177 -25.986070 -66.221456 25.523716
178 -26.435955 -66.211298 25.523716
179 -26.630908 -66.207012 25.523716
180 -26.728384 -66.204869 25.523716
181 -26.745129 -66.193970 25.523716
182 -26.793210 -66.041395 25.523716
183 -26.564797 -65.687136 25.523716
184 -26.437859 -65.598207 25.523716
185 -26.094589 -65.452236 25.523716
186 -25.696883 -65.418360 25.523716
187 -25.796854 -65.420733 25.523716
188 -25.896826 -65.423105 25.523716
189 -25.731836 -65.421840 25.523716
190 -25.256839 -65.420071 25.523716
191 -24.634518 -65.409545 25.523716
192 -24.204453 -65.308063 25.523716
193 -23.847594 -64.909973 25.523716
194 -23.733347 -64.544323 25.523716
195 -23.769669 -64.272545 25.523716
196 -23.856626 -63.810786 25.523716
197 -23.869964 -63.436516 25.523716
198 -23.783629 -63.175629 25.523716
199 -23.616132 -62.747226 25.523716
200 -23.495426 -62.398092 25.523716
201 -23.470068 -62.124294 25.523716
202 -23.451728 -61.689740 25.523716
203 -23.448015 -61.459770 25.523716
204 -23.444956 -61.339809 25.523716
205 -23.420409 -61.249028 25.523716
206 -23.219337 -61.116533 25.523716
207 -23.044578 -61.113199 25.523716
208 -22.826152 -61.110922 25.523716
209 -22.701627 -61.109623 25.523716
210 -22.606376 -61.125264 25.523716
211 -22.447884 -61.367375 25.523716
212 -22.359203 -61.883977 25.523716
213 -22.357349 -62.393933 25.523716
214 -22.309355 -62.901072 25.523716
215 -22.174490 -63.336847 25.523716
216 -21.970329 -63.625494 25.523716
217 -21.842463 -63.741169 25.523716
218 -21.773130 -63.798553 25.523716
219 -21.773130 -63.798553 25.523716
220 -21.773130 -63.798553 25.523716
221 -21.773130 -63.798553 25.523716
222 -21.773130 -63.798553 25.523716
223 -21.785821 -63.730451 25.523716
224 -22.000351 -63.584286 25.523716
225 -22.509523 -63.522852 25.523716
226 -23.147545 -63.621058 25.523716
227 -23.644991 -64.016352 25.523716
228 -24.011680 -64.543719 25.523716
229 -24.159313 -64.720076 25.523716
230 -24.470473 -65.078936 25.523716
231 -24.931887 -65.534691 25.523716
232 -25.482314 -65.878566 25.523716
233 -26.071750 -66.152317 25.523716
234 -26.671082 -66.403889 25.523716
235 -27.132012 -66.637339 25.523716
236 -27.500582 -67.070871 25.523716
237 -27.614182 -67.400028 25.523716
238 -27.609379 -67.699817 26.722651
239 -27.577183 -68.171218 26.722651
240 -27.567885 -68.597352 27.301650
241 -27.581983 -68.871841 27.301650
242 -27.646303 -69.337416 28.301591
243 -27.702190 -69.713120 28.301591
244 -27.713306 -69.987896 28.301591
245 -27.727254 -70.372606 29.304267
246 -27.735119 -70.647148 29.304267
247 -27.779046 -71.069715 29.304267
248 -27.790917 -71.459531 30.319962
249 -27.795334 -71.659482 30.319962
250 -27.797835 -71.789458 31.303995
251 -27.803576 -72.064391 31.303995
252 -27.826098 -72.533849 31.303995
253 -27.847932 -73.063167 31.303995
254 -27.828408 -73.457450 31.303995
255 -27.749068 -73.720543 32.312538
256 -27.638590 -74.176994 32.312538
257 -27.598579 -74.554870 33.318165
258 -27.580616 -74.829236 33.318165
259 -27.488757 -75.344967 33.778397
260 -27.364731 -75.703974 33.778397
261 -27.234909 -75.920497 33.778397
262 -27.109368 -76.113172 33.778397
263 -27.008628 -76.250074 33.778397
264 -26.949543 -76.321241 33.778397
265 -26.806737 -76.405589 33.778397
266 -26.362136 -76.464368 33.778397
267 -25.719668 -76.470308 33.778397
268 -25.073748 -76.510273 33.778397
269 -24.434018 -76.623429 33.778397
270 -23.804052 -76.782956 34.023817
271 -23.180972 -76.968009 34.023817
272 -22.676371 -77.112851 34.023817
273 -22.608789 -77.131090 34.023817
274 -22.571433 -77.287868 34.023817
275 -22.827989 -77.671624 34.023817
276 -23.369446 -78.009284 34.023817
277 -23.982836 -78.223961 34.023817
278 -24.596411 -78.422765 34.023817
279 -25.057588 -78.535866 34.023817
280 -25.283016 -78.581478 34.023817
281 -25.425365 -78.609076 34.023817
282 -25.435187 -78.610955 34.023817
283 -25.523857 -78.527285 34.023817
284 -25.510187 -78.138227 34.023817
285 -25.263496 -77.581147 34.023817
286 -24.861863 -77.089458 34.023817
287 -24.438414 -76.623005 34.023817
288 -24.045162 -76.140903 34.023817
289 -23.778735 -75.763042 34.023817
290 -23.671284 -75.510011 34.023817
291 -23.397514 -75.057951 34.023817
292 -22.923125 -74.480314 34.023817
293 -22.669489 -74.115436 34.023817
294 -22.515299 -73.718756 34.023817
295 -22.444850 -73.452936 34.023817
296 -22.283447 -72.959183 34.023817
297 -22.138478 -72.657226 34.023817
298 -22.056606 -72.514223 34.023817
299 -22.029839 -72.484808 34.023817
300 -21.897102 -72.446906 34.023817
301 -21.706327 -72.633006 34.023817
302 -21.613049 -73.089766 34.023817
303 -21.578765 -73.565647 34.023817
304 -21.421462 -74.135042 34.023817
305 -21.025782 -74.633301 34.023817
306 -20.425670 -74.843962 34.023817
307 -19.806483 -74.668934 34.023817
308 -19.296058 -74.270077 34.023817
309 -18.819016 -73.711637 34.023817
310 -18.748590 -73.620724 34.023817
311 -18.737740 -73.562407 34.023817
312 -18.803584 -73.444093 34.023817
313 -19.162720 -73.386830 34.023817
314 -19.674950 -73.722682 34.023817
315 -19.981978 -74.191667 34.023817
316 -20.310465 -74.734343 34.023817
317 -20.783332 -75.173288 34.023817
318 -21.372599 -75.446685 34.023817
319 -21.983177 -75.669164 34.023817
320 -22.723042 -75.916001 34.023817
321 -23.219893 -76.069418 34.023817
322 -23.839118 -76.267020 34.023817
323 -24.452888 -76.480943 34.023817
324 -25.056428 -76.722228 34.023817
325 -25.649957 -76.987171 34.023817
326 -26.237511 -77.265106 34.023817
327 -26.824846 -77.543392 34.023817
328 -27.415712 -77.813963 34.023817
329 -27.980344 -78.135676 34.023817
330 -28.452022 -78.418508 34.023817
331 -28.758161 -78.625782 37.343006
332 -28.957549 -78.854848 37.343006
333 -29.080874 -79.229407 37.343006
334 -29.037668 -79.444267 37.343006
335 -28.953036 -79.895966 38.537516
336 -28.927688 -80.252410 38.537516
337 -28.935641 -80.577244 38.537516
338 -28.978831 -81.100255 39.936201
339 -29.062763 -81.618458 39.936201
340 -29.166087 -82.107431 39.936201
341 -29.281982 -82.484934 40.927498
342 -29.456183 -82.980161 41.926843
343 -29.509397 -83.141613 41.926843
344 -29.509397 -83.141613 41.926843
345 -29.600940 -83.137082 41.926843
346 -29.713628 -82.926275 42.933671
347 -29.637200 -82.482970 42.933671
348 -29.392969 -81.992151 42.933671
349 -29.047704 -81.669299 42.933671
350 -28.795770 -81.516120 42.933671
351 -28.778017 -81.506910 42.933671
352 -28.778017 -81.506910 42.933671
353 -28.778017 -81.506910 42.933671
354 -28.781420 -81.526593 42.933671
355 -28.858782 -81.605356 42.933671
356 -29.003841 -81.570823 42.926217
357 -29.139567 -81.236098 42.926217
358 -29.172731 -80.764319 42.926217
359 -29.138289 -80.434315 42.926217
360 -29.053178 -80.120802 42.926217
361 -29.077681 -79.329614 42.926217
362 -29.105678 -79.238843 42.926217
363 -29.195609 -79.000248 42.926217
364 -29.271349 -78.826020 42.926217
365 -29.275371 -78.816865 42.926217
366 -29.365582 -78.610741 42.926217
367 -29.578730 -78.181082 42.933671
368 -30.012775 -77.738958 42.933671
369 -30.606329 -77.477576 42.933671
370 -31.221051 -77.266401 42.926217
371 -31.839682 -77.087036 42.926217
372 -32.549740 -77.048937 42.926217
373 -33.131747 -77.171018 42.926217
374 -33.584305 -77.572366 42.926217
376 -33.855584 -78.310067 42.926217
376 -33.861147 -78.344622 42.926217
377 -33.901265 -78.692148 42.926217
378 -33.907968 -79.216867 42.926217
379 -33.888001 -79.588758 42.926217
380 -33.872158 -79.870302 42.926217
381 -33.945104 -80.374415 42.926217
382 -34.106703 -80.799326 42.926217
383 -34.106703 -80.799326 42.926217
384 -34.106703 -80.799326 42.926217
385 -34.106703 -80.799326 42.926217
387 -34.106703 -80.799326 42.926217
387 -34.106703 -80.799326 42.926217
388 -34.106703 -80.799326 42.926217
389 -34.106703 -80.799326 42.926217
390 -34.106703 -80.799326 42.926217
391 -34.106703 -80.799326 42.926217
392 -34.106703 -80.799326 42.926217
393 -34.106703 -80.799326 42.926217
394 -34.106703 -80.799326 42.926217
395 -34.106703 -80.799326 42.926217
396 -34.106703 -80.799326 42.926217
398 -34.106703 -80.799326 42.926217
398 -34.106703 -80.799326 42.926217
399 -34.106703 -80.799326 42.926217
400 -34.106703 -80.799326 42.926217
401 -34.106703 -80.799326 42.926217
402 -34.106703 -80.799326 42.926217
403 -34.106703 -80.799326 42.926217
404 -34.106703 -80.799326 42.926217
405 -34.106703 -80.799326 42.926217
406 -34.106703 -80.799326 42.926217
407 -34.106703 -80.799326 42.926217
409 -34.106703 -80.799326 42.926217
409 -34.106703 -80.799326 42.926217
410 -34.106703 -80.799326 42.926217
411 -34.106703 -80.799326 42.926217
412 -34.106703 -80.799326 42.926217
413 -34.106703 -80.799326 42.926217
414 -34.106703 -80.799326 42.926217
416 -34.106703 -80.799326 42.926217
416 -34.106703 -80.799326 42.926217
417 -34.137960 -80.824048 42.926217
418 -34.174642 -80.838281 42.926217
419 -34.280539 -80.793376 42.926217
420 -34.396851 -80.466284 42.926217
421 -34.429230 -80.096910 42.926217
422 -34.320535 -79.836573 42.926217
423 -34.182780 -79.411688 42.926217
424 -34.118007 -78.875792 42.926217
425 -34.107597 -78.586338 42.926217
427 -34.129481 -77.851935 42.926217
427 -34.127407 -77.751956 42.926217
428 -34.135400 -77.452654 42.926217
429 -34.203505 -77.104422 42.926217
430 -34.230871 -76.580474 42.926217
431 -34.192851 -76.102400 42.926217
432 -34.147976 -75.811369 42.926217
433 -34.057976 -75.499173 42.926217
434 -33.919084 -74.998192 42.926217
435 -33.824588 -74.697704 42.926217
437 -33.762361 -74.461582 42.926217
437 -33.760792 -74.451706 42.926217
438 -33.760792 -74.451706 42.926217
439 -33.760792 -74.451706 42.926217
440 -33.760792 -74.451706 42.926217
441 -33.760792 -74.451706 42.926217
442 -33.760792 -74.451706 42.926217
443 -33.760792 -74.451706 42.926217
444 -33.767043 -74.520002 42.926217
445 -33.674109 -74.622933 42.926217
446 -33.228051 -74.691165 42.926217
448 -32.115059 -74.406403 42.926217
448 -32.069605 -74.359940 42.926217
449 -31.886274 -74.067555 42.926217
450 -31.822758 -73.794867 42.926217
451 -31.740757 -73.296718 42.926217
452 -31.700240 -72.992034 42.933671
453 -31.571798 -72.721122 42.933671
454 -31.400053 -72.258103 42.933671
455 -31.356417 -71.962018 42.933671
456 -31.345137 -71.607233 42.933671
457 -31.314647 -71.093139 42.933671
459 -31.243984 -70.429876 42.933671
459 -31.238582 -70.395295 42.933671
460 -31.203069 -69.912027 42.933671
461 -31.213362 -69.670591 42.933671
462 -31.266549 -69.345301 42.933671
463 -31.274203 -68.985598 42.933671
464 -31.246250 -68.681891 42.933671
465 -31.212181 -68.188114 42.933671
466 -31.191501 -67.693546 42.933671
467 -31.168736 -67.384709 42.933671
468 -31.072602 -67.095482 42.933671
470 -30.856510 -66.404079 42.933671
472 -30.814390 -66.208593 42.933671
473 -30.759195 -66.021614 42.933671
474 -30.708140 -65.621079 42.933671
475 -30.735899 -65.362868 42.933671
477 -30.780650 -65.152601 42.933671
477 -30.780650 -65.152601 42.933671
478 -30.804517 -64.954032 42.933671
479 -30.844610 -64.510848 42.933671
480 -30.867420 -64.221746 42.933671
482 -30.885488 -63.994965 42.933671
482 -30.885488 -63.994965 42.933671
483 -30.894721 -63.837736 42.933671
484 -30.901444 -63.725437 42.933671
485 -30.914631 -63.667027 42.933671
486 -31.004165 -63.552329 42.933671
487 -31.352145 -63.439575 42.933671
488 -31.941665 -63.426602 42.933671
489 -32.583603 -63.516354 42.933671
490 -33.140150 -63.834556 42.933671
491 -33.453258 -64.315311 42.933671
493 -33.517324 -64.820482 42.933671
494 -33.515957 -64.830388 42.933671
495 -33.616080 -64.912556 42.933671
496 -33.753078 -64.877387 42.933671
497 -33.823476 -64.705971 42.933671
498 -33.875171 -64.461480 42.933671
499 -33.916395 -64.325094 42.926217
500 -33.946606 -64.229767 42.926217
501 -33.989626 -64.145035 42.926217
502 -34.228165 -63.988838 42.926217
503 -34.795005 -63.907107 42.926217
506 -36.477479 -64.431201 42.926217
507 -36.652832 -64.638760 42.926217
508 -36.830174 -64.940261 42.926217
509 -36.972198 -65.417512 42.926217
510 -36.986379 -65.711777 42.926217
512 -36.960956 -65.945203 42.926217
512 -36.959331 -65.955070 42.926217
513 -36.959331 -65.955070 42.926217
514 -36.800936 -66.031541 42.926217
515 -36.582134 -65.920832 42.926217
516 -36.452643 -65.429729 42.926217
517 -36.484375 -64.940859 42.926217
518 -36.450090 -64.459896 42.926217
519 -36.214167 -63.926772 42.926217
520 -35.884948 -63.410730 42.926217
521 -35.517130 -62.911657 42.926217
524 -34.740835 -61.891137 42.926217
525 -34.419463 -61.501652 42.926217
526 -33.988452 -61.025851 42.926217
527 -33.507158 -60.648077 42.926217
528 -33.524000 -60.658864 42.926217
529 -33.469050 -60.581395 42.926217
530 -33.345013 -60.491580 42.926217
531 -33.121871 -60.443832 42.926217
532 -33.001761 -60.463297 42.926217
535 -32.948125 -60.494961 42.926217
536 -32.969156 -60.473567 42.926217
537 -32.969156 -60.473567 42.926217
538 -32.969156 -60.473567 42.926217
539 -33.011295 -60.447257 42.926217
540 -33.125574 -60.184696 42.926217
541 -33.199245 -59.702314 42.926217
542 -33.139116 -59.191295 42.926217
543 -33.051016 -58.701840 42.926217
544 -33.018295 -58.198186 42.926217
545 -33.023909 -57.800817 42.926217
548 -33.283015 -56.615802 42.926217
549 -33.392860 -56.117824 42.926217
550 -33.591979 -55.577021 42.926217
551 -33.856275 -55.123668 42.926217
552 -33.983759 -54.770399 42.926217
553 -34.039949 -54.480827 42.926217
554 -34.071158 -54.007570 42.926217
555 -34.050067 -53.643517 42.926217
556 -33.954311 -53.364689 42.926217
557 -33.751635 -52.880519 42.926217
558 -33.672672 -52.414120 42.926217
561 -33.539196 -51.606322 42.926217
562 -33.534085 -51.597727 42.926217
563 -33.495992 -51.608912 42.926217
564 -33.348683 -51.868794 42.926217
565 -33.364964 -52.327756 42.926217
566 -33.450368 -52.810107 42.926217
567 -33.470152 -52.991530 42.926217
568 -33.482281 -53.151046 42.926217
569 -33.487075 -53.255933 42.926217
570 -33.474558 -53.293864 42.926217
571 -33.383306 -53.411058 42.926217
574 -32.981842 -53.435611 42.926217
575 -32.981842 -53.435611 42.926217
576 -32.981842 -53.435611 42.926217
577 -32.981842 -53.435611 42.926217
578 -33.014652 -53.458052 42.926217
579 -33.065413 -53.438459 42.926217
580 -33.175948 -53.185052 42.926217
581 -33.201587 -52.722277 42.926217
582 -33.141494 -52.200826 42.926217
583 -33.086116 -51.688927 42.926217
584 -33.072421 -51.194191 42.926217
587 -33.199491 -49.610423 42.926217
588 -33.304717 -49.153656 42.926217
589 -33.575590 -48.659302 42.926217
590 -33.823780 -48.153989 42.926217
591 -33.852442 -47.954705 42.926217
592 -33.803264 -47.588498 42.926217
593 -33.669888 -47.070681 42.926217
594 -33.474517 -46.567589 42.926217
595 -33.245652 -46.210474 42.926217
599 -33.060942 -45.993846 42.926217
600 -33.060942 -45.993846 42.926217
601 -33.060942 -45.993846 42.926217
602 -33.201829 -46.093248 42.926217
603 -33.680441 -46.044804 42.926217
604 -34.299747 -45.857593 42.926217
605 -34.914040 -45.653268 42.926217
606 -35.536992 -45.476764 42.926217
607 -36.083178 -45.180348 42.926217
608 -36.327501 -44.686555 42.926217
609 -36.325713 -44.666635 42.926217
612 -36.222252 -43.911993 42.926217
613 -36.221804 -43.902003 42.926217
614 -36.221804 -43.902003 42.926217
615 -36.145265 -43.922618 42.926217
616 -35.982464 -44.161774 42.926217
617 -35.976011 -44.166236 42.926217
618 -35.970509 -44.066387 42.926217
619 -35.975735 -44.106102 42.926217
620 -35.998936 -44.490337 42.926217
621 -35.969468 -44.993804 42.926217
622 -35.878316 -45.283417 42.926217
626 -34.003042 -45.709453 42.926217
627 -33.490469 -45.780670 42.926217
628 -32.847115 -45.852974 42.926217
629 -32.200592 -45.858586 42.926217
630 -31.608220 -45.649935 42.926217
631 -31.257464 -45.211916 42.926217
632 -31.096201 -44.715543 42.926217
633 -31.087545 -44.545296 42.926217
634 -31.175326 -44.129735 42.926217
635 -31.230983 -43.911908 42.926217
636 -31.295775 -43.517462 42.926217
639 -31.141271 -42.132054 42.926217
640 -31.028006 -41.909188 42.926217
641 -30.908733 -41.612702 42.926217
645 -30.860150 -41.377914 42.926217
646 -30.860150 -41.377914 42.926217
647 -30.868189 -41.396200 42.926217
648 -30.895260 -41.425062 42.926217
649 -30.952969 -41.437117 42.926217
650 -31.098158 -41.310430 42.926217
651 -31.160675 -40.918153 42.926217
652 -31.112064 -40.401864 42.926217
653 -31.008704 -40.036368 42.926217
658 -30.913805 -39.764982 42.926217
659 -30.913805 -39.764982 42.926217
660 -30.920301 -39.783871 42.926217
661 -31.083537 -39.896535 42.926217
662 -31.407266 -39.760896 42.926217
663 -31.584438 -39.270875 42.926217
664 -31.574448 -39.181425 42.926217
665 -31.469782 -39.005194 42.926217
666 -31.347944 -38.684199 42.926217
667 -31.420343 -38.113433 42.926217
668 -31.862605 -37.647061 42.926217
672 -32.849136 -37.134501 42.926217
673 -32.926468 -37.114017 42.926217
674 -33.028089 -37.036398 42.926217
675 -33.113251 -36.813006 42.926217
676 -33.131778 -36.704600 42.926217
677 -33.131952 -36.300024 42.926217
678 -33.098025 -35.911561 42.926217
679 -33.072286 -35.723317 42.926217
680 -33.054557 -35.608428 42.926217
681 -33.036099 -35.541330 42.926217
682 -32.938268 -35.455250 42.926217
687 -32.792602 -35.405385 42.926217
688 -32.790256 -35.415106 42.926217
689 -32.832519 -35.655080 42.926217
690 -32.974009 -36.139777 42.926217
691 -33.087803 -36.615793 42.926217
692 -33.117103 -36.974278 42.926217
693 -33.093233 -37.268310 42.926217
694 -33.087071 -37.647968 42.926217
695 -33.113280 -37.891562 42.926217
696 -33.140730 -38.280527 42.926217
697 -33.144598 -38.495482 42.926217
702 -33.142240 -38.635454 42.926217
703 -33.117154 -38.678565 42.926217
704 -33.134415 -38.968810 42.926217
705 -33.565367 -39.335402 42.926217
706 -34.040261 -39.531771 42.926217
707 -34.278777 -39.550113 42.926217
712 -34.436228 -39.546161 42.926217
713 -34.436228 -39.546161 42.926217
714 -34.436228 -39.546161 42.926217
715 -34.419221 -39.535653 42.926217
716 -34.325897 -39.388167 42.926217
717 -34.352203 -38.939764 42.926217
718 -34.415987 -38.771641 42.926217
719 -34.620138 -38.337221 42.926217
720 -34.684976 -38.169310 42.926217
721 -34.868938 -37.731410 42.926217
722 -35.043072 -37.311089 42.926217
727 -35.511453 -36.237157 42.926217
728 -35.511453 -36.237157 42.926217
729 -35.511453 -36.237157 42.926217
730 -35.511453 -36.237157 42.926217
731 -35.511453 -36.237157 42.926217
732 -35.511453 -36.237157 42.926217
733 -35.511453 -36.237157 42.926217
734 -35.511453 -36.237157 42.926217
735 -35.511453 -36.237157 42.926217
736 -35.511453 -36.237157 42.926217
737 -35.511453 -36.237157 42.926217
742 -35.511453 -36.237157 42.926217
743 -35.511453 -36.237157 42.926217
744 -35.511453 -36.237157 42.926217
745 -35.511453 -36.237157 42.926217
746 -35.511453 -36.237157 42.926217
747 -35.511453 -36.237157 42.926217
748 -35.511453 -36.237157 42.926217
749 -35.511453 -36.237157 42.926217
750 -35.511453 -36.237157 42.926217
751 -35.511453 -36.237157 42.926217
752 -35.511453 -36.237157 42.926217
757 -35.511453 -36.237157 42.926217
758 -35.511453 -36.237157 42.926217
759 -35.511453 -36.237157 42.926217
760 -35.511453 -36.237157 42.926217
761 -35.511453 -36.237157 42.926217
762 -35.511453 -36.237157 42.926217
763 -35.511453 -36.237157 42.926217
764 -35.511453 -36.237157 42.926217
765 -35.511453 -36.237157 42.926217
766 -35.511453 -36.237157 42.926217
771 -35.511453 -36.237157 42.926217
772 -35.511453 -36.237157 42.926217
773 -35.511453 -36.237157 42.926217
774 -35.511453 -36.237157 42.926217
775 -35.584599 -36.354164 42.926217
776 -35.558051 -36.628726 42.926217
777 -35.150885 -36.854358 42.926217
778 -34.502864 -36.903325 42.926217
779 -33.859108 -36.991670 42.926217
780 -33.224184 -37.067732 42.926217
781 -32.576890 -37.077173 42.926217
786 -31.420354 -36.914014 42.926217
787 -31.420354 -36.914014 42.926217
788 -31.420354 -36.914014 42.926217
789 -31.420354 -36.914014 42.926217
790 -31.420354 -36.914014 42.926217
791 -31.513273 -36.897721 42.926217
792 -31.598606 -36.714433 42.926217
793 -31.545931 -36.389075 42.926217
794 -31.436415 -35.906387 42.926217
795 -31.341439 -35.497278 42.926217
796 -31.259335 -35.277107 42.926217
801 -30.970525 -34.502135 45.158609
806 -30.694678 -34.306537 45.140004
807 -30.613603 -34.157121 45.140004
808 -30.467668 -33.806888 45.339828
809 -30.416068 -33.505182 45.339828
810 -30.517596 -33.219824 45.339828
811 -30.734396 -32.742706 45.339828
812 -30.804617 -32.319798 46.131334
817 -30.789501 -32.065470 47.555651
818 -30.789501 -32.065470 47.555651
819 -30.789501 -32.065470 47.555651
820 -30.839894 -32.094337 47.765468
821 -30.975333 -32.002483 47.765468
822 -31.075202 -31.584113 47.765468
823 -31.048080 -31.109629 47.765468
824 -30.987300 -30.933534 47.765468
825 -30.868698 -30.652744 47.765468
831 -30.809557 -30.382103 49.373879
832 -30.809557 -30.382103 49.373879
833 -30.809557 -30.382103 49.373879
834 -30.707450 -30.260933 49.373879
835 -30.676223 -29.834665 49.373879
836 -30.716995 -29.401983 49.373879
837 -30.810205 -29.186661 49.373879
838 -30.919331 -28.802844 49.553405
839 -30.932840 -28.568284 50.322361
840 -30.937766 -28.123321 50.322361
841 -30.919019 -27.653743 50.322361
846 -30.872771 -26.607268 52.327622
852 -30.946890 -26.559990 53.127206
853 -31.038493 -26.405156 53.127206
854 -31.229011 -25.959529 53.127206
855 -31.343955 -25.721227 53.127206
856 -31.532321 -25.385594 53.133981
857 -31.948644 -24.916192 53.133981
858 -32.396040 -24.625175 53.133981
859 -32.631625 -24.527846 54.126703
865 -32.849552 -24.463441 54.520638
866 -32.849552 -24.463441 54.520638
867 -32.870668 -24.526878 54.520638
868 -33.151609 -24.664974 54.520638
869 -33.574571 -24.427535 54.520638
870 -33.709898 -23.924531 54.540444
871 -33.712216 -23.509860 54.540444
878 -33.693170 -23.175411 54.304512
879 -33.580816 -23.296232 54.304512
880 -33.312801 -23.535338 54.304512
881 -32.761639 -23.790832 54.304512
882 -32.119072 -23.850660 54.126703
883 -31.561000 -23.549858 54.126703
884 -31.313078 -23.064672 54.126703
885 -31.263278 -22.573320 54.126703
886 -31.265713 -22.113402 55.515223
887 -31.280583 -21.623634 55.515223
888 -31.296117 -21.168926 56.525569
895 -30.994073 -20.014775 59.324363
902 -30.801065 -20.076027 59.714152
903 -30.801065 -20.076027 59.714152
904 -30.718413 -20.070110 59.714152
905 -30.612631 -19.933607 59.714152
906 -30.604770 -19.491868 59.714152
907 -30.642211 -19.153994 59.714152
914 -30.693845 -18.863580 60.751461
915 -30.693845 -18.863580 60.751461
916 -30.724173 -18.925450 60.751461
917 -31.016298 -19.007065 60.751461
918 -31.353298 -18.772303 60.751461
919 -31.442875 -18.622006 60.751461
920 -31.582354 -18.323557 60.751461
921 -31.582354 -18.323557 60.751461
922 -31.567580 -18.124104 60.923723
923 -31.565851 -17.654718 60.923723
924 -31.787752 -17.087390 61.313783
931 -35.240172 -16.048053 62.313562
932 -35.269548 -16.044879 62.313562
933 -35.390869 -15.870258 62.313562
934 -35.269820 -15.438217 62.313562
935 -35.023368 -15.281523 62.313562
943 -34.801726 -15.247799 62.318055
944 -34.648014 -15.398116 62.318055
945 -34.263638 -15.740440 62.318055
946 -33.711566 -16.082158 62.318055
947 -33.142708 -16.396397 62.318055
948 -32.584446 -16.729322 62.318055
949 -32.018313 -17.048504 62.318055
950 -31.456496 -17.327959 62.318055
951 -31.099584 -17.491242 62.318055
959 -30.813480 -17.613737 62.318055
960 -30.813480 -17.613737 62.318055
961 -30.813480 -17.613737 62.318055
962 -30.813480 -17.613737 62.318055
963 -30.843721 -17.602139 62.318055
964 -30.972324 -17.371330 62.318055
965 -31.044888 -16.868270 62.318055
966 -30.992351 -16.366351 62.318055
967 -30.911147 -15.900947 62.318055
968 -30.858675 -15.598022 62.318055
969 -30.807567 -15.297531 62.935046
977 -30.933809 -14.281751 63.632225
978 -30.933809 -14.281751 63.632225
979 -30.944574 -14.309646 63.632225
980 -31.074548 -14.388956 63.632225
981 -31.252863 -14.283112 63.632225
982 -31.375193 -13.804798 63.632225
983 -31.406131 -13.356758 63.632225
984 -31.460441 -12.861740 63.632225
985 -31.709053 -12.301667 63.645424
986 -31.998987 -11.964686 63.645424
994 -32.352608 -11.632915 63.688774
995 -32.272302 -11.715230 63.688774
996 -31.987105 -12.016702 63.688774
997 -31.536913 -12.471580 63.688774
998 -31.169236 -12.856754 63.688774
1003 -30.869494 -13.192084 63.688774
1004 -30.855432 -13.206306 63.688774
1005 -30.855432 -13.206306 63.688774
1006 -30.718872 -13.082717 63.688774
1007 -30.659293 -12.640420 63.688774
1008 -30.680017 -12.201536 63.688774
1009 -30.758794 -12.018031 63.688774
1010 -30.903130 -11.562324 63.688774
1011 -30.925512 -11.093444 63.903834
1012 -30.904627 -10.613906 63.903834
1013 -30.866066 -10.130544 63.903834
1020 -31.224319 -7.420963 63.737744
1021 -31.225960 -7.411099 63.737744
1022 -31.135175 -7.325968 63.972650
1023 -30.944790 -7.347565 63.972650
1024 -30.756882 -7.699280 66.181719
1025 -30.716980 -8.055471 66.181719
1033 -30.785658 -8.341027 66.181719
1034 -30.785658 -8.341027 66.181719
1035 -30.823571 -8.412983 66.181719
1036 -30.963315 -8.466007 66.181719
1037 -31.142729 -8.299544 66.181719
1038 -31.234931 -7.855766 66.181719
1039 -31.245786 -7.331750 66.181719
1040 -31.285954 -6.814309 66.181719
1041 -31.469516 -6.341971 66.181719
1042 -31.897838 -5.856029 66.181719
1043 -32.400446 -5.444603 66.181719
1050 -33.601741 -4.550406 66.181719
1051 -33.601741 -4.550406 66.181719
1052 -33.612088 -4.588786 66.181719
1053 -33.818719 -4.703641 66.181719
1054 -34.323992 -4.540659 66.181719
1055 -34.837040 -4.163346 66.181719
1056 -35.074910 -3.719452 66.181719
1057 -35.126679 -3.348912 66.181719
1058 -34.847704 -3.034750 66.181719
1059 -34.599410 -2.979602 66.181719
1067 -34.436603 -2.955451 66.181719
1068 -34.466197 -2.951520 66.181719
1069 -34.553512 -2.970230 66.181719
1070 -34.676474 -3.101839 66.181719
1071 -34.744471 -3.553394 66.181719
1072 -34.442227 -4.113844 66.181719
1073 -33.908817 -4.481155 66.181719
1074 -33.345577 -4.785039 66.181719
1075 -32.950421 -4.946474 66.181719
1076 -32.934881 -4.959065 66.181719
1077 -32.778299 -5.079344 66.181719
1085 -30.982616 -3.164737 66.181719
1093 -30.818585 -2.880084 66.445918
1094 -30.818585 -2.880084 66.445918
1095 -30.809242 -2.876517 66.445918
1096 -30.698618 -2.714164 66.445918
1097 -30.790689 -2.241905 66.586635
1098 -31.018400 -1.791981 66.586635
1099 -31.361825 -1.297322 70.380821
1100 -31.494941 -1.122559 70.380821
1101 -31.751807 -0.822605 70.380821
1102 -32.076402 -0.301596 73.269502
1103 -32.267362 0.156403 73.269502
1112 -32.904493 1.447087 74.725230
1113 -32.904493 1.447087 74.725230
1114 -32.927095 1.386864 74.725230
1115 -33.155514 1.285125 74.725230
1116 -33.634359 1.513032 74.725230
1117 -34.109236 1.954196 74.725230
1118 -34.480649 2.393035 74.725230
1119 -34.912070 2.878871 74.725230
1120 -35.383887 3.325631 74.725230
1121 -35.888625 3.719010 74.725230
1122 -36.294338 4.201866 74.923027
1132 -38.443240 7.978941 81.829701
1133 -38.529920 8.075822 81.829701
1134 -38.511905 8.114010 81.829701
1135 -38.276384 8.199895 81.829701
1136 -37.731107 8.102230 81.829701
1137 -37.120366 7.880600 81.829701
1138 -36.523894 7.622319 81.829701
1139 -35.938377 7.370594 81.829701
1140 -35.658990 7.276273 81.829701
1141 -35.400301 7.183788 81.829701
1142 -35.173526 7.147371 81.829701
1148 -35.016110 7.145825 81.829701
1149 -35.016110 7.145825 81.829701
1150 -35.016110 7.145825 81.829701
1151 -35.025493 7.142366 81.829701
1152 -35.158209 7.179304 81.829701
1153 -35.287794 7.524885 81.829701
1154 -35.315733 7.859549 81.829701
1155 -35.208696 8.150098 81.829701
1156 -35.098256 8.564686 81.829701
1157 -35.125289 8.797591 81.829701
1158 -35.213594 9.238760 81.829701
1168 -36.258289 13.362007 81.829701
1169 -36.400081 13.875353 81.829701
1170 -36.400535 14.129694 81.829701
1171 -36.400535 14.129694 81.829701
1172 -36.377179 14.242296 81.829701
1173 -36.305757 14.538737 81.829701
1174 -36.247603 14.730080 81.829701
1175 -36.214041 14.834835 81.829701
1176 -36.210990 14.844359 81.829701
1177 -36.210990 14.844359 81.829701
1178 -36.210990 14.844359 81.829701
1189 -36.210990 14.844359 82.255334
1190 -36.210990 14.844359 82.255334
1191 -36.240754 14.782168 82.255334
1192 -36.337934 14.747516 82.255334
1193 -36.473573 14.872233 82.255334
1194 -36.535845 15.232684 82.255334
1195 -36.541339 15.600001 82.255334
1196 -36.566568 15.893813 82.255334
1197 -36.554630 16.338401 82.255334
1198 -36.479431 16.550068 82.255334
1199 -36.333147 17.022829 82.255334
1209 -35.218256 19.162272 87.325254
1210 -35.171604 19.085798 87.325254
1211 -35.135306 18.704415 87.325254
1212 -35.179567 18.146458 87.325254
1213 -35.221673 17.992231 87.325254
1214 -35.272355 17.768015 87.325254
1215 -35.289172 17.651735 87.325254
1216 -35.291847 17.562110 87.325254
1217 -35.272574 17.474244 87.325254
1218 -35.272574 17.474244 87.325254
1219 -35.272574 17.474244 87.325254
1231 -35.203341 17.474340 88.120486
1232 -35.158886 17.451658 88.120486
1233 -34.842950 17.425293 88.120486
1234 -34.248908 17.457412 88.120486
1235 -33.604487 17.436706 88.120486
1236 -33.011038 17.368939 88.120486
1237 -32.680555 17.314322 88.120486
1238 -32.463736 17.229120 89.906729
1239 -32.329506 16.984963 89.906729
1245 -32.341564 16.683558 96.500052
1246 -32.301063 16.658919 96.500052
1247 -32.170081 16.627792 96.500052
1248 -32.090682 16.635383 96.500052
1249 -32.025128 16.665506 96.500052
1250 -31.906139 16.829271 96.500052
1251 -31.848716 17.308098 96.500052
1252 -31.858548 17.827903 96.900464
1253 -31.810229 18.309814 96.900464
1254 -31.674992 18.827133 96.900464
1255 -31.530281 19.284771 96.904179
1267 -30.606355 23.856488 102.114152
1268 -30.586729 24.315586 102.114152
1269 -30.753998 24.885572 103.114014
1270 -31.218133 25.333613 103.114014
1271 -31.758341 25.695025 104.121179
1272 -32.301772 26.051311 104.121179
1273 -32.786504 26.377129 104.929786
1274 -33.023834 26.677974 104.929786
1286 -33.356263 27.182421 105.502322
1287 -33.282366 27.045325 105.502322
1288 -33.256771 26.601809 105.502322
1289 -33.328071 26.118035 105.502322
1290 -33.403538 25.614535 105.502322
1291 -33.320531 25.268702 105.502322
1304 -33.070027 25.041729 105.502322
1305 -33.062590 25.017881 105.502322
1306 -33.150087 24.745871 105.502322
1307 -33.541374 24.504257 105.502322
1308 -33.773285 24.426075 105.502322
1309 -34.154005 24.372932 105.502322
1310 -34.363904 24.366695 105.502322
1311 -34.473592 24.358538 105.502322
1312 -34.512327 24.348630 105.502322
1313 -34.512327 24.348630 105.502322
1314 -34.512327 24.348630 105.502322
1326 -34.647499 23.490773 105.502322
1327 -34.612069 23.610646 105.502322
1328 -34.571938 23.901948 105.502322
1329 -34.542701 24.430435 105.502322
1330 -34.250005 24.994075 105.502322
1331 -33.753310 25.412472 105.502322
1332 -33.190853 25.735183 105.502322
1333 -32.579496 25.955789 105.501185
1334 -32.000962 26.197664 105.501185
1335 -31.530018 26.565798 105.501185
1336 -31.249437 27.055409 105.501185
1349 -31.681145 32.318458 111.316216
1350 -31.697147 32.330438 111.316216
1351 -31.922519 32.384186 111.316216
1352 -32.174893 32.240317 111.316216
1353 -32.326067 31.811325 112.103613
1354 -32.336023 31.426851 112.103613
1355 -32.304486 31.123849 112.103613
1356 -32.353758 30.799102 112.123592
1357 -32.408220 30.627540 112.123592
1358 -32.440421 30.522359 112.123592
1359 -32.455058 30.474549 112.123592
1367 -32.455058 30.474549 112.123592
1368 -32.455058 30.474549 112.123592
1369 -32.411572 30.485421 112.123592
1370 -32.299660 30.646877 112.123592
1371 -32.289948 31.090607 112.123592
1372 -32.319012 31.619632 112.123592
1373 -32.247050 32.093296 112.123592
1374 -32.033096 32.598504 112.123592
1375 -31.770559 33.058851 112.123592
1376 -31.575321 33.582464 112.123592
1377 -31.518266 33.963037 112.123592
1390 -32.203716 37.241807 116.905175
1391 -32.287446 37.105467 116.905175
1392 -32.532936 36.790209 116.905175
1393 -32.824994 36.434959 116.905175
1394 -32.914960 36.206182 116.905175
1395 -32.937531 35.907788 116.905175
1410 -32.911749 35.651743 116.905175
1411 -32.911749 35.651743 116.905175
1412 -32.911749 35.651743 116.905175
1413 -33.030614 35.617903 116.905175
1414 -33.233307 35.794851 116.905175
1415 -33.407276 36.299832 116.905175
1416 -33.375815 36.445397 116.905175
1417 -33.229402 36.876158 116.905175
1418 -33.134637 37.340520 116.905175
1419 -33.118995 37.542363 116.907228
1420 -33.111329 37.997035 116.907228
1436 -32.917591 39.872001 116.907228
1437 -32.894617 39.822183 116.907228
1438 -32.883796 39.478818 116.907228
1439 -32.903398 38.979531 116.907228
1440 -32.850205 38.690080 116.907228
1441 -32.795280 38.545187 116.907228
1442 -32.756759 38.450201 116.907228
1443 -32.736992 38.412669 116.907228
1444 -32.564932 38.313880 116.907228
1445 -32.076743 38.287394 116.907228
1446 -31.564926 38.642022 116.907228
1461 -31.119215 40.960335 120.714953
1462 -31.119215 40.960335 120.714953
1463 -31.119215 40.960335 120.714953
1464 -31.161327 40.934315 120.714953
1465 -31.265782 40.959944 120.714953
1466 -31.368771 41.263435 120.714953
1467 -31.376269 41.797881 120.714953
1468 -31.352940 42.249718 120.714953
1469 -31.342139 42.799438 120.714953
1470 -31.405421 43.246383 120.903350
1471 -31.608599 43.807496 120.903350
1488 -32.028892 44.581727 124.325138
1489 -32.028892 44.581727 124.325138
1490 -32.028892 44.581727 124.325138
1491 -32.028892 44.581727 124.325138
1492 -32.028892 44.581727 124.325138
1493 -32.021008 44.610632 124.325138
1494 -32.036552 44.682811 124.325138
1495 -32.200129 44.792866 124.325138
1496 -32.662815 44.671138 124.325138
1497 -33.064498 44.206641 124.325138
1498 -33.222122 43.856200 124.325138
1507 -33.289690 43.522306 124.325138
1508 -33.285932 43.502682 124.325138
1509 -33.367276 43.345307 124.325138
1510 -33.761239 43.247840 124.325138
1511 -34.031812 43.273122 124.325138
1528 -34.240438 43.386485 124.325138
1529 -34.240438 43.386485 124.325138
1530 -34.240438 43.386485 124.325138
1531 -34.240438 43.386485 124.325138
1532 -34.240438 43.386485 124.325138
1533 -34.240438 43.386485 124.325138
1534 -34.244280 43.395717 124.325138
1535 -34.327971 43.493182 124.325138
1536 -34.422758 43.537092 124.325138
1537 -34.471279 43.549164 124.325138
1538 -34.541819 43.525845 124.325138
1555 -34.657643 42.509935 124.325138
1556 -34.657643 42.509935 124.325138
1557 -34.676639 42.503759 124.325138
1558 -34.784945 42.542175 124.325138
1559 -34.856609 42.861758 124.325138
1560 -34.582703 43.389611 124.325138
1561 -34.127392 43.844656 124.325138
1562 -33.581775 44.196059 124.325138
1563 -33.014002 44.512379 124.325138
1564 -32.457879 44.843987 124.325138
1565 -31.982152 45.144038 124.325138
1581 -31.074267 47.176172 126.924623
1582 -31.074267 47.176172 126.924623
1583 -31.074267 47.176172 126.924623
1584 -31.104435 47.150283 126.924623
1585 -31.204375 47.161282 126.924623
1586 -31.331177 47.407727 126.924623
1587 -31.403379 47.891264 126.924623
1588 -31.358674 48.083483 126.924623
1589 -31.289445 48.568136 126.924623
1590 -31.308839 48.716656 126.924623
1591 -31.387466 49.159613 127.124584
1609 -31.960018 51.060244 130.723907
1610 -31.960018 51.060244 130.723907
1611 -31.960018 51.060244 130.723907
1612 -31.969228 51.056351 130.723907
1613 -32.089231 51.077797 130.723907
1614 -32.204797 51.383942 130.723907
1615 -32.132843 51.634875 130.723907
1616 -32.098886 51.664310 130.723907
1617 -31.866258 51.837461 130.723907
1618 -31.623258 52.052330 130.723907
1619 -31.416269 52.442081 131.100343
1637 -31.530429 56.280777 135.906217
1638 -31.530429 56.280777 135.906217
1639 -31.530429 56.280777 135.906217
1640 -31.530429 56.280777 135.906217
1641 -31.530429 56.280777 135.906217
1642 -31.428608 56.326120 135.906217
1643 -31.323284 56.486417 135.906217
1644 -31.377673 56.980323 135.906217
1645 -31.774622 57.490470 135.906217
1646 -32.309076 57.965286 135.906217
1647 -32.782536 58.406741 136.126779
1658 -33.344862 59.119206 137.126584
1659 -33.344862 59.119206 137.126584
1660 -33.344862 59.119206 137.126584
1661 -33.344862 59.119206 137.126584
1662 -33.344862 59.119206 137.126584
1663 -33.344862 59.119206 137.126584
1664 -33.357025 59.190499 137.126584
1665 -33.413229 59.282411 137.126584
1666 -33.448284 59.300456 137.126584
1667 -33.510130 59.300120 137.126584
1668 -33.562745 59.262370 137.126584
1688 -33.430948 55.615426 137.126584
1689 -33.398901 55.537379 137.126584
1690 -33.452974 55.352651 137.126584
1691 -33.644189 55.199808 137.126584
1692 -33.985078 55.049217 137.126584
1693 -34.232922 55.019586 137.126584
1694 -34.133060 55.024837 137.126584
1695 -34.053170 55.029038 137.126584
1696 -34.283107 55.025464 137.126584
1697 -34.808103 55.023304 137.126584
1698 -35.305563 55.017689 137.126584
1719 -35.697800 52.955070 137.126584
1740 -35.700564 53.380496 137.126584
1741 -35.700564 53.380496 137.126584
1742 -35.700564 53.380496 137.126584
1743 -35.589024 53.567958 137.126584
1744 -35.659288 54.009184 137.126584
1745 -35.740934 54.343779 137.126584
1746 -35.706690 54.666884 137.126584
1747 -35.561007 55.200377 137.126584
1748 -35.208819 55.732599 137.126584
1749 -34.764738 56.207070 137.126584
1750 -34.293956 56.655230 137.126584
1771 -31.350369 60.068071 139.530140
1772 -31.350369 60.068071 139.530140
1773 -31.350369 60.068071 139.530140
1774 -31.350369 60.068071 139.530140
1775 -31.350369 60.068071 139.530140
1776 -31.350369 60.068071 139.530140
1777 -31.350369 60.068071 139.530140
1778 -31.350369 60.068071 139.530140
1779 -31.350369 60.068071 139.530140
1780 -31.350369 60.068071 139.530140
1781 -31.350369 60.068071 139.530140
1801 -31.413924 61.842275 139.930054
1802 -31.389453 62.151226 139.930054
1803 -31.320755 62.442837 140.934098
1825 -31.195491 62.736953 142.325612
1826 -31.195491 62.736953 142.325612
1827 -31.195491 62.736953 142.325612
1828 -31.225126 62.712048 142.325612
1829 -31.312857 62.728915 142.325612
1830 -31.395239 62.924228 142.325612
1831 -31.405106 63.403121 142.325612
1832 -31.313651 63.903814 142.325612
1833 -31.172259 64.245199 142.325612
1854 -30.984339 64.479283 144.129178
1855 -30.984339 64.479283 144.129178
1856 -30.956479 64.490212 144.129178
1857 -30.841069 64.677007 144.129178
1858 -30.816787 65.069629 144.129178
1859 -30.847600 65.297405 144.129178
1881 -31.017006 65.478525 145.125118
1882 -31.017006 65.478525 145.125118
1883 -31.017006 65.478525 145.125118
1884 -31.017006 65.478525 145.125118
1885 -31.118227 65.507408 145.125118
1886 -31.208020 65.781022 145.125118
1887 -31.175858 66.268575 145.125118
1888 -31.078993 66.604334 145.125118
1910 -30.944191 66.907905 146.528700
1911 -30.944191 66.907905 146.528700
1912 -30.944191 66.907905 146.528700
1913 -30.944191 66.907905 146.528700
1914 -31.044221 66.959690 146.528700
1915 -31.125708 67.281848 146.528700
1916 -31.111391 67.703629 146.528700
1938 -30.953260 68.097418 147.728467
1939 -30.835628 67.981735 147.728467
1940 -30.625146 67.821742 147.728467
1941 -30.134976 67.678739 147.728467
1942 -29.487862 67.666840 147.728467
1943 -28.837966 67.663055 147.728467
1944 -28.193947 67.598287 147.728467
1945 -27.616003 67.507717 147.728467
1946 -26.911743 67.384284 147.728467
1947 -26.274839 67.254594 147.728467
1948 -25.646242 67.099619 147.728467
1971 -23.992828 66.611129 147.728467
1972 -23.992828 66.611129 147.728467
1973 -24.022686 66.571400 147.728467
1974 -24.331646 66.512965 147.728467
1975 -24.891070 66.615129 147.728467
1976 -25.238662 66.755452 147.728467
1999 -25.481470 66.884395 147.728467
2000 -25.481470 66.884395 147.728467
2001 -25.462643 66.891079 147.728467
2002 -25.344858 67.063587 147.728467
2003 -25.347054 67.477114 147.728467
2004 -25.400601 67.690217 147.728467
2005 -25.469296 68.119270 147.728467
2006 -25.459211 68.333795 147.728467
2007 -25.364357 68.809355 147.728467
2008 -25.244531 69.304446 147.728467
2009 -24.971895 69.826803 147.728467
2032 -24.419009 70.539649 147.728467
2033 -24.419009 70.539649 147.728467
2034 -24.419009 70.539649 147.728467
2035 -24.419009 70.539649 147.728467
2036 -24.411384 70.578916 147.728467
2037 -24.310383 70.886545 147.728467
2038 -24.062267 71.215744 147.728467
2061 -23.734539 71.430959 147.728467
2062 -23.548516 71.215328 147.728467
2063 -23.275900 70.727569 147.728467
2064 -23.193319 70.537243 147.728467
2065 -23.041608 70.183445 147.728467
2066 -22.892558 69.877904 147.728467
2067 -22.738480 69.580443 147.728467
2068 -22.463775 69.063963 147.728467
2069 -22.311691 68.803049 147.728467
2070 -22.098178 68.544929 147.728467
2071 -21.789239 68.049230 147.728467
2094 -19.425536 63.106364 147.728467
2095 -19.425536 63.106364 147.728467
2096 -19.425536 63.106364 147.728467
2097 -19.425536 63.106364 147.728467
2098 -19.452785 63.118672 147.728467
2099 -19.575844 63.367827 147.728467
2100 -19.636350 63.846725 147.728467
2101 -19.611923 64.038731 147.728467
2102 -19.474384 64.398276 147.728467
2103 -19.375347 64.651463 147.728467
2104 -19.219392 64.877810 147.728467
2127 -19.094910 65.401049 147.728467
2128 -19.094910 65.401049 147.728467
2129 -19.141937 65.304815 147.728467
2130 -19.522376 65.220253 147.728467
2131 -20.140956 65.348264 147.728467
2132 -20.756565 65.556597 147.728467
2133 -21.360362 65.776003 147.728467
2134 -21.988600 65.941926 147.728467
2135 -22.624834 66.074529 147.728467
2136 -23.263472 66.195508 147.728467
2137 -23.900852 66.309430 147.728467
2160 -28.038831 62.726293 147.728467
2161 -27.964371 62.626328 147.728467
2162 -27.907818 62.294470 147.728467
2163 -27.930913 62.011402 147.728467
2186 -28.001281 61.755992 147.728467
2187 -27.938846 61.615931 147.728467
2188 -27.945213 61.161694 147.728467
2189 -27.976015 60.757931 147.728467
2190 -27.930241 60.497412 147.728467
2191 -27.785920 59.982337 147.728467
2192 -27.557935 59.494062 147.728467
2193 -27.139073 59.034954 147.728467
2194 -26.543943 58.805482 147.728467
2195 -26.052127 58.774319 147.728467
2196 -25.806027 58.799308 147.728467
2220 -25.694133 58.828262 147.728467
2221 -25.611677 58.772133 147.728467
2222 -25.261173 58.682374 147.728467
2223 -24.643434 58.728518 147.728467
2224 -23.997710 58.773798 147.728467
2225 -23.350756 58.760774 147.728467
2226 -22.713475 58.671228 147.728467
2227 -22.274799 58.582858 147.728467
2228 -22.052513 58.534438 147.728467
2251 -21.891272 58.492351 147.728467
2252 -21.786898 58.403203 147.728467
2253 -21.506255 58.302648 147.728467
2254 -21.248953 58.315802 147.728467
2277 -21.063501 58.412062 147.728467
2278 -20.879843 58.326354 147.728467
2279 -20.381366 58.319379 147.728467
2280 -19.899107 58.357073 147.728467
2281 -19.667552 58.377994 147.728467
2304 -19.480932 58.396107 147.728467
2305 -19.480932 58.396107 147.728467
2306 -19.480932 58.396107 147.728467
2307 -19.480932 58.396107 147.728467
2308 -19.499216 58.404150 147.732529
2309 -19.496357 58.423920 147.732529
2310 -19.315629 58.587205 147.732529
2311 -18.795586 58.685395 147.732529
2312 -18.396530 58.634629 147.732529
2335 -18.089454 58.481388 147.732529
2336 -18.089454 58.481388 147.732529
2337 -18.089454 58.481388 147.732529
2338 -18.089454 58.481388 147.732529
2339 -18.056986 58.504624 147.732529
2340 -18.051614 58.599563 147.732529
2341 -18.235418 58.753258 147.732529
2342 -18.732606 58.793094 147.732529
2343 -19.379096 58.729106 147.732529
2344 -20.021121 58.645199 147.732529
2345 -20.666699 58.596906 147.732529
2368 -26.746712 53.123619 147.728467
2369 -26.303387 52.677270 147.728467
2370 -26.004748 52.217853 147.728467
2371 -25.935599 51.861592 147.728467
2372 -25.947044 51.566829 147.728467
2373 -25.960686 51.302183 147.728467
2396 -25.959421 51.048432 147.728467
2397 -25.844066 50.937585 147.728467
2398 -25.626524 50.808136 147.728467
2399 -25.130361 50.719189 147.728467
2400 -24.484596 50.673447 147.728467
2401 -23.837279 50.660131 147.728467
2402 -23.243170 50.544645 147.728467
2403 -22.927315 50.406654 147.728467
2426 -22.742476 50.287499 147.728467
2427 -22.723698 50.255099 147.728467
2428 -22.723698 50.255099 147.728467
2429 -22.723698 50.255099 147.728467
2430 -22.723698 50.255099 147.728467
2431 -22.723698 50.255099 147.728467
2432 -22.723698 50.255099 147.728467
2433 -22.723698 50.255099 147.728467
2434 -22.723698 50.255099 147.728467
2435 -22.723698 50.255099 147.728467
2436 -22.723698 50.255099 147.728467
2459 -23.413389 49.812628 147.728467
2460 -23.413389 49.812628 147.728467
2461 -23.413389 49.812628 147.728467
2462 -23.424235 49.795848 147.728467
2463 -23.424235 49.795848 147.728467
2464 -23.424235 49.795848 147.728467
2465 -23.496568 49.849185 147.728467
2466 -23.504962 49.865980 147.728467
2467 -23.499065 49.920663 147.728467
2468 -23.466746 50.264124 147.728467
2469 -23.486245 50.691962 147.728467
2492 -25.396137 51.126356 147.728467
2493 -25.396137 51.126356 147.728467
2494 -25.423107 51.065440 147.728467
2495 -25.630169 51.009507 147.728467
2496 -25.935799 51.242845 147.728467
2497 -26.088925 51.837572 147.728467
2498 -26.113967 51.982909 147.728467
2499 -26.165959 52.283427 147.728467
2500 -26.223434 52.485259 147.728467
2501 -26.285772 52.637942 147.728467
2502 -26.347296 52.734708 147.728467
2525 -28.100423 49.281975 147.728467
2526 -28.036387 49.114256 147.728467
2527 -28.119472 48.642682 147.728467
2528 -28.426535 48.084645 147.728467
2529 -28.838514 47.588634 147.728467
2530 -29.247506 47.106180 147.728467
2531 -29.600483 46.606451 147.728467
2532 -29.701378 46.422327 147.728467
2533 -29.938319 46.033959 147.728467
2534 -30.241207 45.490464 147.728467
2535 -30.312169 45.293450 147.728467
2558 -31.109412 43.306193 147.728467
2559 -30.926379 43.195479 147.728467
2560 -30.420554 43.146154 147.728467
2561 -29.810205 43.355652 147.728467
2562 -29.224312 43.631270 147.728467
2563 -28.633031 43.901071 147.728467
2564 -28.029893 44.143281 147.728467
2565 -27.413385 44.348828 147.728467
2566 -26.807524 44.582664 147.728467
2567 -26.292486 44.896897 147.728467
2568 -25.906870 45.376384 147.728467
2592 -25.616444 45.988484 147.728467
2593 -25.616444 45.988484 147.728467
2594 -25.616444 45.988484 147.728467
2595 -25.643107 45.974954 147.728467
2596 -25.787081 46.017280 147.728467
2597 -25.896057 46.304125 147.728467
2598 -25.667637 46.700380 147.728467
2599 -25.445099 46.805147 147.728467
2600 -25.511958 46.784413 147.728467
2601 -25.492040 46.782598 147.728467
2602 -25.322732 46.767277 147.728467
2625 -24.811312 47.682452 147.728467
2626 -24.714400 47.574816 147.728467
2627 -24.606079 47.201793 147.728467
2628 -24.743725 46.630034 147.728467
2629 -25.036018 46.132290 147.728467
2630 -25.396040 45.609264 147.728467
2631 -25.745837 45.094365 147.728467
2632 -26.076885 44.627304 147.728467
2633 -26.472819 44.118175 147.728467
2634 -26.909475 43.640442 147.728467
2635 -27.309494 43.210526 147.728467
2658 -25.497324 40.732473 147.728467
2659 -25.359565 40.587499 147.728467
2660 -25.066531 40.196594 147.728467
2661 -24.917215 39.826511 147.728467
2662 -24.864315 39.536294 147.728467
2663 -24.742026 39.021065 147.728467
2664 -24.467019 38.513136 147.728467
2665 -24.211721 38.232019 147.728467
2666 -23.992514 37.877555 147.728467
2667 -23.898614 37.503256 147.728467
2668 -23.854317 37.211649 147.728467
2691 -23.705543 36.491898 147.728467
2692 -23.705543 36.491898 147.728467
2693 -23.733277 36.431475 147.728467
2694 -23.866170 36.382469 147.728467
2695 -24.026771 36.520307 147.728467
2696 -24.100059 36.957135 147.728467
2697 -24.050109 37.488800 147.728467
2698 -23.863119 38.023573 147.728467
2699 -23.377775 38.438483 147.728467
2700 -23.323655 38.458196 147.728467
2701 -23.323655 38.458196 147.728467
2724 -21.490156 37.672982 147.728467
2725 -21.407529 37.494064 147.728467
2726 -21.452330 37.139745 147.728467
2749 -21.574249 36.872319 147.728467
2750 -21.574249 36.872319 147.728467
2751 -21.574249 36.872319 147.728467
2752 -21.533872 36.905520 147.728467
2753 -21.454341 37.135532 147.728467
2754 -21.549210 37.642396 147.728467
2755 -21.762798 38.132203 147.728467
2756 -22.153708 38.634273 147.728467
2757 -22.714419 38.954167 147.728467
2758 -23.265797 39.071105 147.728467
2759 -23.565470 39.079173 147.728467
2782 -23.803198 39.057980 147.728467
2783 -23.803198 39.057980 147.728467
2784 -23.803198 39.057980 147.728467
2785 -23.803198 39.057980 147.728467
2786 -23.843510 39.070544 147.728467
2787 -23.951303 39.254586 147.728467
2788 -23.828905 39.501363 147.728467
2789 -23.306044 39.645901 147.728467
2790 -22.662150 39.675498 147.728467
2791 -22.014768 39.665291 147.728467
2792 -21.365940 39.700141 147.728467
2816 -17.710852 40.784907 147.728467
2817 -17.710852 40.784907 147.728467
2818 -17.710852 40.784907 147.728467
2819 -17.710852 40.784907 147.728467
2820 -17.710852 40.784907 147.728467
2821 -17.706478 40.804410 147.728467
2822 -17.727002 40.897553 147.728467
2823 -17.839304 40.970261 147.728467
2824 -18.116611 40.920981 147.728467
2825 -18.661410 40.749709 147.728467
2826 -19.291392 40.589794 147.728467
2849 -27.777326 43.167027 147.728467
2850 -27.798661 43.640990 147.728467
2851 -27.836578 43.900212 147.728467
2852 -27.912070 44.287462 147.728467
2853 -27.947475 44.816085 147.728467
2854 -27.947011 45.086005 147.728467
2855 -27.934094 45.480793 147.728467
2856 -27.923865 45.745566 147.728467
2857 -27.916295 46.140455 147.728467
2858 -27.908519 46.625312 147.728467
2859 -27.905760 46.887736 147.728467
2882 -28.045175 50.629638 147.728467
2883 -28.045175 50.629638 147.728467
2884 -28.076935 50.568823 147.728467
2885 -28.119083 50.544182 147.728467
2886 -28.223706 50.574322 147.728467
2887 -28.340470 50.854540 147.728467
2888 -28.374158 51.392460 147.728467
2889 -28.273997 51.870576 147.728467
2890 -28.184138 52.335451 147.728467
2891 -28.192748 52.507794 147.728467
2892 -28.284249 52.922788 147.728467
2916 -30.476613 61.818644 147.728467
2917 -30.579765 62.277025 147.728467
2918 -30.745470 62.769892 147.728467
2919 -30.844638 63.053021 147.728467
2942 -30.941937 63.304877 147.728467
2943 -30.909227 63.292517 147.728467
2944 -30.826525 63.281459 147.728467
2945 -30.747931 63.295158 147.728467
2946 -30.683285 63.332013 147.728467
2947 -30.578452 63.524749 147.728467
2948 -30.567283 64.022698 147.728467
2949 -30.561316 64.478558 147.728467
2950 -30.494675 64.969882 147.728467
2951 -30.373811 65.444475 147.728467
2952 -30.222871 65.921007 147.728467
2975 -28.061087 75.080149 152.503967
2976 -27.915671 75.579111 152.503967
2977 -27.846835 75.777335 153.707319
2978 -27.704687 76.167223 153.707319
2979 -27.443114 76.660065 153.707319
2980 -27.070582 77.103196 154.705462
2981 -26.641809 77.450050 154.705462
2982 -26.406607 77.592509 154.705462
2996 -26.245098 77.662623 156.902581
2997 -26.052441 77.459457 156.902581
2998 -25.677425 77.036906 156.902581
2999 -25.255652 76.555549 156.902581
3000 -24.944487 76.084005 156.902581
3001 -24.862055 75.798818 156.902581
3025 -24.816659 75.505456 156.902581
3026 -24.694055 75.439947 156.902581
3027 -24.257831 75.438141 156.902581
3028 -23.627254 75.555461 156.902581
3029 -23.014765 75.772592 156.902581
3030 -22.409488 76.009520 156.902581
3031 -21.806413 76.251978 156.902581
3032 -21.207551 76.498126 156.902581
3033 -20.608257 76.749608 156.902581
3034 -20.007983 76.998607 156.902581
3035 -19.395631 77.208901 156.902581
3059 -16.026407 78.389570 156.902581
3060 -15.921061 78.282793 156.902581
3061 -15.820811 78.188716 156.902581
3062 -15.641594 78.048776 156.902581
3063 -15.195743 77.853321 156.902581
3064 -14.561553 77.860039 156.902581
3065 -13.917494 77.947586 156.902581
3066 -13.274107 78.039564 156.902581
3067 -12.658784 78.242031 156.902581
3068 -12.544071 78.303163 156.902581
3069 -12.535436 78.308206 156.902581
3094 -12.042132 78.241667 156.902581
3095 -12.042132 78.241667 156.902581
3096 -12.042132 78.241667 156.902581
3097 -12.042132 78.241667 156.902581
3098 -12.042132 78.241667 156.902581
3099 -12.042132 78.241667 156.902581
3100 -12.031692 78.269749 156.902581
3101 -12.062057 78.362538 156.902581
3102 -12.353051 78.465736 156.902581
3103 -12.809040 78.167588 156.902581
3104 -12.998746 77.592626 156.902581
3131 -14.427229 74.539322 156.902581
3132 -14.427229 74.539322 156.902581
3133 -14.549868 74.425411 156.902581
3134 -14.964825 74.480185 156.902581
3135 -15.227607 74.854658 156.902581
3136 -15.293151 75.054077 156.902581
3137 -15.379291 75.530853 156.902581
3138 -15.423531 75.983636 156.902581
3139 -15.551630 76.511473 156.902581
3140 -15.935024 77.029272 156.902581
3141 -16.481662 77.378644 156.902581
3169 -18.273281 77.101924 156.902581
3170 -18.249950 77.046990 156.902581
3171 -18.341429 76.744749 156.902581
3172 -18.692129 76.289065 156.902581
3173 -19.004171 76.032033 156.902581
3201 -19.230007 75.875119 156.902581
3202 -19.230007 75.875119 156.902581
3203 -19.230007 75.875119 156.902581
3204 -19.230007 75.875119 156.902581
3205 -19.207475 75.908123 156.902581
3206 -19.208836 75.976819 156.902581
3207 -19.337115 76.091580 156.902581
3208 -19.773177 76.126339 156.902581
3209 -20.414304 76.087337 156.902581
3210 -21.057757 76.043881 156.902581
3211 -21.704939 76.024347 156.902581
3238 -27.766249 76.777535 156.902581
3239 -27.766249 76.777535 156.902581
3240 -27.770196 76.768347 156.902581
3241 -27.850242 76.711437 156.902581
3242 -27.980583 76.773804 156.902581
3243 -28.101719 77.139906 156.902581
3244 -28.116643 77.655966 156.902581
3245 -28.086159 77.840133 156.902581
3246 -27.978874 78.266833 156.902581
3247 -27.902256 78.735338 156.902581
3248 -27.871110 79.214171 156.902581
3277 -27.976254 81.678130 161.308958
3278 -27.976254 81.678130 161.308958
3279 -27.976254 81.678130 161.308958
3280 -28.024116 81.644203 161.308958
3281 -28.132298 81.675503 161.308958
3282 -28.234566 81.967516 161.308958
3283 -28.265460 82.439473 161.308958
3284 -28.201911 82.809007 161.308958
3285 -28.096124 83.009832 161.308958
3286 -27.943336 83.415575 161.308958
3287 -27.867746 83.901769 161.308958
3302 -26.728568 86.324767 165.705099
3303 -26.728568 86.324767 165.705099
3304 -26.699986 86.340074 165.705099
3305 -26.602313 86.527540 165.705099
3306 -26.756101 86.833944 165.705099
3307 -26.872124 86.924949 165.705099
3308 -26.954668 86.945235 165.705099
3309 -27.304111 87.077418 165.705099
3310 -27.707710 87.509786 165.705099
3311 -27.864594 87.820479 165.705099
3312 -27.864594 87.820479 165.705099
3341 -27.557007 88.710940 168.305021
3342 -27.557007 88.710940 168.305021
3343 -27.557007 88.710940 168.305021
3344 -27.681249 88.677593 168.305021
3345 -27.854028 88.850975 168.305021
3346 -27.993468 89.298629 168.305021
3347 -27.964057 89.495513 168.305021
3348 -27.881361 89.968243 168.305021
3349 -27.804770 90.437008 168.305021
3350 -27.758623 90.884618 168.305021
3351 -27.751370 90.929030 168.305021
3380 -27.488407 92.407661 172.103515
3381 -27.488407 92.407661 172.103515
3382 -27.530881 92.359261 172.103515
3383 -27.652801 92.343184 172.103515
3384 -27.803218 92.548867 172.103515
3385 -27.920384 92.935878 172.103515
3386 -27.871428 93.144127 172.103515
3387 -27.757344 93.615075 172.103515
3388 -27.701108 94.101509 172.104910
3389 -27.685050 94.481105 172.104910
3390 -27.724975 94.720224 172.104910
3420 -26.836030 97.539326 176.708177
3421 -26.752039 97.495765 176.708177
3422 -26.462075 97.484069 176.708177
3423 -26.172340 97.757768 176.708177
3424 -26.069249 98.131690 176.708177
3425 -26.052795 98.423707 176.708177
3426 -25.947202 98.962250 176.708177
3427 -25.760655 99.343502 176.708177
3444 -25.562934 99.653008 176.708177
3445 -25.510222 99.546549 176.708177
3446 -25.510686 99.152581 176.708177
3447 -25.567807 98.735302 176.708177
3448 -25.657802 98.480827 176.708177
3449 -25.738968 98.014003 176.708177
3450 -25.718398 97.790104 176.708177
3451 -25.665067 97.303059 176.708177
3452 -25.601509 96.908190 176.708177
3453 -25.523214 96.572294 176.708177
3484 -25.452320 96.360867 176.708177
3485 -25.261475 96.162887 176.708177
3486 -24.830395 95.798522 176.708177
3487 -24.320243 95.412131 176.708177
3488 -23.805699 95.015168 176.708177
3489 -23.387689 94.606629 176.708177
3490 -23.091704 94.129368 176.708177
3491 -23.041627 93.954132 176.708177
3492 -22.954522 93.538386 176.708177
3493 -22.898137 93.223584 176.708177
3494 -22.785550 92.913415 176.708177
3526 -22.619002 92.122452 176.708177
3527 -22.619002 92.122452 176.708177
3528 -22.619002 92.122452 176.708177
3529 -22.628515 92.119371 176.708177
3530 -22.720550 92.155303 176.708177
3531 -22.817395 92.481780 176.708177
3532 -22.598909 92.960221 176.708177
3533 -22.532561 93.054139 176.708177
3534 -22.526435 93.062043 176.708177
3535 -22.359229 93.267540 176.708177
3536 -22.026173 93.704341 176.708177
3567 -18.736048 91.686523 176.710215
3568 -18.736048 91.686523 176.710215
3569 -18.688627 91.708091 176.710215
3570 -18.585579 91.931310 176.710215
3571 -18.596485 92.380676 176.710215
3572 -18.636836 92.851383 176.710215
3573 -18.635537 93.041215 176.710215
3574 -18.636417 93.486200 176.710215
3575 -18.628536 93.650887 176.710215
3576 -18.589308 94.043929 176.710215
3577 -18.530062 94.510009 176.710215
3609 -16.804818 99.203747 176.712478
3610 -16.778472 99.118309 176.712478
3611 -16.917201 98.776948 176.712478
3612 -17.398814 98.394334 176.712478
3613 -17.991572 98.131175 176.712478
3614 -18.616576 97.953097 176.712478
3615 -19.248016 97.798897 176.712478
3616 -19.873322 97.622405 176.712478
3617 -20.473949 97.374671 176.712478
3618 -21.050467 97.075116 176.712478
3619 -21.600712 96.729139 176.712478
3651 -25.050989 91.994854 176.712478
3652 -25.050989 91.994854 176.712478
3653 -25.013307 92.007835 176.712478
3654 -24.867740 92.216033 176.712478
3655 -24.861635 92.623398 176.712478
3656 -24.915662 92.813235 176.712478
3657 -25.056826 93.266759 176.712478
3658 -25.169250 93.735731 176.712478
3659 -25.236052 94.198389 176.712478
3660 -25.283016 94.673464 176.712478
3661 -25.363395 95.057502 176.712478
3693 -27.793951 100.682139 180.302246
3694 -27.789078 100.652619 180.302246
3695 -27.862964 100.537654 180.302246
3696 -28.179170 100.507040 180.302246
3697 -28.375525 100.766527 180.302246
3698 -28.463082 101.262887 180.302246
3699 -28.444468 101.571347 180.302246
3700 -28.332958 101.855108 180.302246
3701 -28.230091 102.368959 180.302246
3702 -28.184858 102.659977 180.302246
3703 -28.054288 102.989889 180.302246
3736 -27.124586 104.872364 184.500027
3737 -27.124586 104.872364 184.500027
3738 -27.124586 104.872364 184.500027
3739 -27.124586 104.872364 184.500027
3740 -27.233649 104.907447 184.500027
3741 -27.379184 105.266480 184.500027
3742 -27.409567 105.762068 184.500027
3743 -27.337154 106.140145 184.500027
3744 -27.248409 106.368489 184.500027
3745 -27.130107 106.842581 184.500244
3746 -27.200224 107.369146 184.500244
3781 -26.658115 111.468608 189.305943
3782 -26.658115 111.468608 189.305943
3783 -26.658115 111.468608 189.305943
3784 -26.658115 111.468608 189.305943
3785 -26.740257 111.491264 189.305943
3786 -26.844374 111.732787 189.305943
3787 -26.576246 112.199480 189.305943
3788 -26.073664 112.609264 189.305943
3789 -25.492060 112.898683 189.305943
3790 -24.909054 113.185903 189.919193
3791 -24.345037 113.508572 189.919193
3810 -22.756498 114.916006 189.305943
3811 -22.696340 114.728642 189.305943
3812 -22.931533 114.307794 189.305943
3813 -23.512202 114.082442 189.305943
3814 -24.151273 114.020977 189.305943
3815 -24.798718 114.026696 189.305943
3816 -25.443972 113.956530 189.305943
3817 -26.075680 113.814579 189.305943
3818 -26.718792 113.745898 189.305943
3819 -27.356898 113.840745 190.125274
3820 -27.901421 114.184988 190.125274
3857 -30.070212 122.947241 202.305561
3858 -29.994560 123.118215 202.305561
3859 -29.546720 123.328031 202.305561
3860 -28.912059 123.468342 202.313074
3861 -28.277374 123.608449 202.313074
3862 -27.640858 123.694482 202.313074
3863 -26.994546 123.731511 202.113087
3864 -26.349844 123.719614 202.113087
3865 -25.704715 123.665671 202.113087
3866 -25.062183 123.585625 202.113087
3867 -24.413317 123.560652 202.118035
3889 -22.436697 123.619198 202.118035
3890 -22.325497 123.553419 202.118035
3891 -21.949284 123.548357 202.118035
3892 -21.337567 123.662107 202.118035
3893 -20.701880 123.797754 202.118035
3894 -20.084052 123.906333 202.118035
3895 -19.691374 123.949025 202.118035
