5 -44.500000 117.000000 0.000000
6 -44.500000 117.000000 9.625487
7 -44.564371 116.930145 9.625487
8 -44.700255 116.701207 9.625487
9 -44.773186 116.212269 9.625487
10 -44.725127 115.697959 9.794386
11 -44.688152 115.485028 9.794386
12 -44.618265 115.172756 9.794386
13 -44.536170 114.615261 9.794386
14 -44.528555 114.390416 9.794386
15 -44.495363 113.956716 9.794386
16 -44.488493 113.524312 9.794386
17 -44.458841 113.392843 9.794386
18 -44.391736 112.989771 9.794386
19 -44.444774 112.432789 9.794386
20 -44.447392 112.277812 9.794386
21 -44.446300 111.892852 9.794386
22 -44.384442 111.448293 13.250284
23 -44.268807 111.102708 13.250284
24 -44.126198 110.777631 22.865914
25 -43.848194 110.229190 22.865914
26 -43.529539 109.778756 22.865914
27 -43.240649 109.424137 23.586649
28 -43.109926 109.293305 23.586649
29 -43.080273 109.262878 24.380526
30 -43.080273 109.262878 24.380526
31 -43.080273 109.262878 24.940129
32 -43.140180 109.277228 24.940129
33 -43.246712 109.470677 25.060128
34 -43.056635 109.943710 25.060128
35 -42.538553 110.334502 25.060128
36 -41.965256 110.640368 25.060128
37 -41.368183 110.890845 25.060128
38 -40.832667 111.126029 25.183527
39 -40.206476 111.470754 25.183527
40 -39.878923 111.690416 25.578312
41 -39.737750 111.871183 26.625740
42 -39.587855 112.319505 26.625740
43 -39.566329 112.487999 26.625740
44 -39.496646 112.876624 26.625740
45 -39.404081 113.198240 26.625740
46 -39.266068 113.525202 26.625740
47 -39.054672 114.091670 26.625740
48 -38.898933 114.524423 26.625740
49 -38.816792 114.690153 26.625740
50 -38.595613 115.104701 26.625740
51 -38.463520 115.504982 26.625740
52 -38.417630 115.931238 26.625740
53 -38.435544 116.071937 26.625740
54 -38.540681 116.462746 26.625740
55 -38.573233 116.970555 26.625740
56 -38.551674 117.189484 26.625740
57 -38.514474 117.647931 26.625740
58 -38.497426 118.172617 26.625740
59 -38.506716 118.312309 26.625740
60 -38.526431 118.736794 26.625740
61 -38.536664 119.271687 26.625740
62 -38.511263 119.650595 26.625740
63 -38.499726 119.965212 26.625740
64 -38.444995 120.401231 26.625740
65 -38.349098 120.891908 26.625740
66 -38.289320 121.061238 26.659520
67 -38.112047 121.441985 26.659520
68 -37.822030 121.976720 26.659520
69 -37.715649 122.109241 27.173701
70 -37.482788 122.439847 27.173701
71 -37.316339 122.939877 27.319042
72 -37.335487 123.182559 27.319042
73 -37.437980 123.605228 27.005370
74 -37.437980 123.605228 27.005370
75 -37.437980 123.605228 27.005370
76 -37.368157 123.568460 27.005370
77 -37.250089 123.301840 27.005370
78 -37.197484 122.808338 27.164131
79 -37.493502 122.246608 27.164131
80 -38.072297 121.978265 27.164131
81 -38.716808 121.932005 27.164131
82 -39.427454 121.981694 27.164131
83 -40.005226 122.032467 27.164131
84 -40.651577 122.070297 27.164131
85 -40.716533 122.072679 27.164131
86 -40.746928 122.033175 27.164131
87 -40.789491 121.751788 27.164131
88 -40.406281 121.327483 27.164131
89 -39.710581 121.207224 27.164131
90 -39.128848 121.178615 27.164131
91 -38.486949 121.079641 27.164131
92 -37.852621 120.938259 27.164131
93 -37.227096 120.761813 27.164131
94 -36.613284 120.548867 27.164131
95 -36.078432 120.312075 27.805935
96 -35.424955 120.022146 28.671415
97 -34.764394 119.748719 28.671415
98 -34.232797 119.504540 28.796007
99 -33.647070 119.222752 28.796007
100 -33.072540 118.924268 28.796007
101 -32.475427 118.668669 28.796007
102 -31.865611 118.444114 28.796007
103 -31.303115 118.121157 28.796007
104 -30.856976 117.743186 28.796007
105 -30.351922 117.237283 28.796007
106 -29.996703 116.857524 28.796007
107 -29.996703 116.857524 28.796007
108 -30.060412 116.756455 28.796007
109 -30.206284 116.744195 28.796007
110 -30.366277 116.972718 28.796007
111 -30.418508 117.434159 28.796007
112 -30.376664 117.690487 28.796007
113 -30.246598 118.070908 28.796007
114 -30.177628 118.478653 28.796007
115 -30.170331 118.698532 28.796007
116 -30.156905 119.188343 28.796007
117 -30.160771 119.363300 28.796007
118 -30.163201 119.473273 28.796007
119 -30.169468 119.481066 28.796007
120 -30.211902 119.506203 28.796007
121 -30.279789 119.499218 28.796007
122 -30.406621 119.360463 28.796007
123 -30.477140 118.947708 28.796007
124 -30.443673 118.486448 28.796007
125 -30.379590 118.297358 28.796007
126 -30.255870 117.839761 28.796007
127 -30.230396 117.581205 28.796007
129 -30.216587 117.141500 28.796007
129 -30.215043 117.036512 28.796007
130 -30.233630 117.029196 28.796007
131 -30.313924 117.046147 28.796007
132 -30.413861 117.282635 28.796007
133 -30.426327 117.776404 28.796007
134 -30.384284 117.991801 28.796007
135 -30.284331 118.337628 28.796007
136 -30.173655 118.906415 28.796007
137 -30.167599 119.088814 28.876462
138 -30.156147 119.503653 28.876462
140 -30.151276 120.013613 28.876462
140 -30.156043 120.045515 28.876462
141 -30.230153 120.137220 28.876462
142 -30.543056 120.203929 28.876462
143 -31.106211 120.159218 28.876462
144 -31.688115 120.137412 28.876462
145 -32.397690 120.159498 28.876462
146 -33.106120 120.206205 28.876462
147 -33.689118 120.254084 28.876462
148 -34.334927 120.327710 28.876462
149 -34.977411 120.408006 28.876462
151 -35.684080 120.498929 28.876462
151 -35.810691 120.513961 28.876462
152 -35.900817 120.625908 28.876462
153 -35.752302 121.082376 28.876462
154 -35.195011 121.377047 28.876462
155 -34.617695 121.469000 28.876462
156 -33.976608 121.574876 28.876462
157 -33.344375 121.725363 28.876462
158 -32.724478 121.903199 28.876462
159 -32.127871 122.145188 28.876462
160 -31.676763 122.567674 28.876462
162 -31.358347 123.175673 30.050125
162 -31.265292 123.614196 30.050125
163 -31.310373 124.146849 30.050125
164 -31.392355 124.515187 30.770928
165 -31.406711 124.679531 30.770928
166 -31.418356 125.114328 31.004032
167 -31.406468 125.358276 31.004032
168 -31.271868 125.750812 31.004032
169 -31.112064 126.287473 30.887053
170 -31.087596 126.425317 30.887053
171 -30.986157 126.837817 30.887053
173 -30.846575 127.441716 30.887053
173 -30.824456 127.610269 30.887053
174 -30.807525 128.024338 30.887053
175 -30.846689 128.270204 30.887053
176 -30.942466 128.575121 30.887053
177 -30.996844 129.071475 30.887053
178 -30.946759 129.305977 30.887053
179 -30.861049 129.734964 30.887053
180 -30.796883 129.989128 30.887053
181 -30.662636 130.371208 30.887053
182 -30.500868 130.873222 30.887053
184 -30.392908 131.153034 30.887053
184 -30.362769 131.232511 30.887053
185 -30.362769 131.232511 32.472296
186 -30.379000 131.257727 32.472296
187 -30.402096 131.276062 32.472296
188 -30.402096 131.276062 32.398920
189 -30.498728 131.227093 32.472296
190 -30.600450 131.020207 32.472296
191 -30.611224 130.598146 32.472296
192 -30.584234 130.348314 32.472296
193 -30.498676 129.952915 32.472296
195 -30.471144 129.425202 32.472296
195 -30.486752 129.321369 32.472296
196 -30.586919 128.872510 32.472296
197 -30.663540 128.408957 32.472296
198 -30.669512 128.229056 32.472296
199 -30.686767 127.709342 32.472296
200 -30.708179 127.520552 32.472296
201 -30.742120 127.107004 32.472296
202 -30.763270 126.547412 32.472296
203 -30.793175 126.013356 32.472296
204 -30.873620 125.588597 32.472296
206 -30.927644 125.167232 32.472296
206 -30.958445 125.010237 32.472296
207 -31.061349 124.505627 32.472296
208 -31.129165 124.333601 32.472296
209 -31.321685 123.845426 32.472296
210 -31.348154 123.708011 32.472296
211 -31.421357 123.289365 32.472296
212 -31.514499 122.854544 32.472296
213 -31.734042 122.421721 32.472296
214 -32.284390 122.119043 32.472296
215 -32.924327 122.069380 32.472296
217 -33.956846 122.140004 32.472296
217 -34.216257 122.157479 32.472296
218 -34.925519 122.189051 32.472296
219 -35.507928 122.198806 32.472296
220 -36.155387 122.196050 32.472296
221 -36.802467 122.172920 32.472296
222 -37.446881 122.145446 32.472296
223 -38.096423 122.121211 32.472296
224 -38.677400 122.079357 32.472296
225 -39.388910 122.046339 32.472296
226 -40.101382 122.052507 32.472296
228 -41.072012 122.009785 32.472296
228 -41.328150 121.965406 32.472296
229 -41.954224 121.832675 32.472296
230 -42.558706 121.707203 32.472296
231 -43.204393 121.670209 32.472296
232 -43.785947 121.746912 32.472296
233 -44.215234 122.063562 32.472296
234 -44.516673 122.629247 32.472296
235 -44.589820 122.820741 32.472296
236 -44.752174 123.208080 32.472296
237 -44.935393 123.646285 32.472296
239 -45.180248 124.115824 32.472296
239 -45.202091 124.155167 32.472296
240 -45.202091 124.155167 32.472296
241 -45.092975 124.237525 32.472296
242 -44.891827 124.212462 32.472296
243 -44.675477 123.743162 32.472296
244 -44.616198 123.247834 32.472296
245 -44.659794 122.812652 32.472296
246 -44.644982 122.626803 32.472296
247 -44.564214 122.240176 32.472296
248 -44.410307 121.671509 32.472296
250 -43.763710 120.799592 32.472296
250 -43.623969 120.663594 32.472296
251 -43.200770 120.259705 32.472296
252 -42.705908 119.747488 32.472296
253 -42.313879 119.238656 32.472296
254 -42.186071 119.072371 32.472296
255 -41.945381 118.804672 32.472296
256 -41.628489 118.368295 32.472296
257 -41.521054 118.170878 32.472296
258 -41.331304 117.771130 32.472296
259 -41.006525 117.171267 32.472296
261 -40.461045 116.351193 32.472296
261 -40.356072 116.186859 32.472296
262 -40.158343 115.772349 32.472296
263 -40.076448 115.612410 32.472296
264 -39.864048 115.267583 32.472296
265 -39.569261 114.736846 32.472296
266 -39.510429 114.556215 32.472296
267 -39.377354 114.163207 32.472296
268 -39.114091 113.608108 32.472296
269 -38.766142 113.089293 32.472296
270 -38.638825 112.906902 32.472296
272 -38.176859 112.164447 32.472296
272 -38.144412 112.108125 32.472296
273 -37.887032 111.551287 32.472296
274 -37.805173 111.058510 32.472296
275 -37.710412 110.613532 32.472296
276 -37.664829 110.393223 32.472296
277 -37.528624 109.912198 32.472296
278 -37.460746 109.751401 32.472296
279 -37.269141 109.388946 32.472296
280 -37.150219 109.097780 32.472296
281 -37.048211 108.799756 32.472296
283 -36.875881 108.085173 32.472296
283 -36.873250 108.057799 32.472296
284 -36.879193 107.953865 32.472296
285 -37.077256 107.766555 32.472296
286 -37.606878 107.671743 32.472296
287 -38.251587 107.665898 32.472296
288 -38.898649 107.649429 32.472296
289 -39.543879 107.571596 32.472296
290 -40.247784 107.446698 32.472296
291 -40.816379 107.309503 32.472296
292 -41.441414 107.131340 32.472296
295 -42.873358 106.701862 32.472296
296 -42.935380 106.682415 32.472296
297 -42.953511 106.706191 32.472296
298 -42.948691 106.820660 32.472296
299 -42.696458 106.958304 32.472296
300 -42.138364 106.987047 32.472296
301 -41.563943 106.909307 32.472296
302 -40.867635 106.747413 32.472296
303 -40.236097 106.593611 32.472296
304 -39.600982 106.468077 32.472296
305 -38.961590 106.366002 32.472296
307 -37.616793 106.147522 32.472296
308 -37.042532 106.066295 32.472296
309 -36.269788 105.980622 32.472296
310 -35.633940 105.873078 32.472296
311 -35.071682 105.731153 32.472296
312 -34.442845 105.577206 32.472296
313 -33.807402 105.440619 32.472296
314 -33.176235 105.285358 32.472296
315 -32.605167 105.158633 32.472296
316 -31.918020 104.965195 32.472296
317 -31.378251 104.609154 32.472296
319 -30.641737 103.718352 36.947667
320 -30.524051 103.509593 36.947667
321 -30.464927 103.078370 36.947667
322 -30.521434 102.582101 36.947667
323 -30.644088 102.082124 37.478662
324 -30.741047 101.607558 37.478662
325 -30.763469 101.348774 38.211125
326 -30.768919 100.993816 38.211125
327 -30.783292 100.499110 39.360514
328 -30.791117 100.249286 39.360514
329 -30.789383 99.914290 39.360514
332 -30.802057 98.657128 41.192840
333 -30.817353 98.405092 41.192840
334 -30.831529 97.900417 41.192840
335 -30.814832 97.418289 41.192840
336 -30.737302 97.004423 42.215756
337 -30.718254 96.825437 42.215756
338 -30.654837 96.425551 43.138963
339 -30.548403 95.949972 43.138963
340 -30.442942 95.717840 43.138963
341 -30.257350 95.302516 44.292326
342 -30.118177 94.885326 44.292326
345 -29.934678 93.819164 45.856844
346 -29.915961 93.672883 45.856844
347 -29.927010 93.293355 45.856844
348 -29.955010 92.839217 45.856844
349 -29.980361 92.567903 46.793697
350 -30.004291 92.033514 46.793697
351 -30.007401 91.593532 46.793697
352 -30.013639 91.403638 47.823531
353 -29.998268 90.954036 47.823531
354 -29.967831 90.441815 47.823531
355 -29.971782 90.264360 48.674943
358 -29.956455 88.719583 49.619050
359 -29.954325 88.282588 50.629736
360 -30.051752 87.833248 50.629736
361 -30.094956 87.502420 50.629736
362 -30.104073 87.232574 51.705417
363 -30.119437 86.777833 51.705417
364 -30.140829 86.298532 51.705417
365 -30.124468 85.748853 52.525900
366 -30.117502 85.393960 52.525900
367 -30.089023 85.135537 53.486916
368 -30.071308 84.685971 53.486916
371 -30.058429 83.298884 55.400814
372 -30.060067 82.916454 55.400814
373 -30.060243 82.681474 55.400814
374 -30.028868 82.109871 56.473446
375 -29.963851 81.601667 56.473446
376 -29.948302 81.424850 56.473446
377 -29.879917 81.015843 57.488870
378 -29.763004 80.618148 57.488870
379 -29.571464 80.189227 57.488870
380 -29.409709 79.815577 58.421316
381 -29.292019 79.496600 58.421316
385 -29.039400 78.029781 60.424913
386 -28.993547 77.642774 60.424913
387 -29.052046 77.041403 60.424913
388 -29.123325 76.516224 61.441437
389 -29.185723 75.992515 61.441437
390 -29.185588 75.852516 62.245082
391 -29.184884 75.437517 62.245082
392 -29.169418 75.218442 63.303477
393 -29.134287 74.895470 63.303477
394 -29.117323 74.235742 63.303477
395 -29.121150 74.078288 64.371812
400 -29.118780 72.262966 66.309352
401 -29.156232 71.669379 66.309352
402 -29.207790 71.422964 66.309352
403 -29.302473 71.083669 67.279493
404 -29.340856 70.689017 67.279493
405 -29.299609 70.311286 67.279493
406 -29.277553 69.821852 68.298245
407 -29.278846 69.316924 68.298245
408 -29.285868 69.092079 68.298245
409 -29.298856 68.697312 69.269403
410 -29.295229 68.297437 69.269403
415 -29.246256 66.263004 72.233304
416 -29.257576 66.094099 72.233304
417 -29.347658 65.724938 72.233304
418 -29.428632 65.231824 72.233304
419 -29.435582 64.927986 73.117236
420 -29.388493 64.490620 73.117236
421 -29.372732 64.015926 73.117236
422 -29.383537 63.831242 74.226210
423 -29.399895 63.361552 74.226210
424 -29.397557 63.171602 74.226210
425 -29.387083 62.746731 75.179055
431 -29.355375 60.771473 77.176747
432 -29.360578 60.248365 77.176747
433 -29.422982 59.882017 77.176747
434 -29.522566 59.609735 78.196485
435 -29.611573 59.093735 78.196485
436 -29.619752 58.634312 79.216225
437 -29.562634 58.127669 79.216225
438 -29.510591 57.650606 80.194827
439 -29.496551 57.170812 80.194827
440 -29.491127 56.885962 80.194827
441 -29.501151 56.556133 81.173951
447 -29.496869 54.172788 83.065578
448 -29.521498 53.571420 83.065578
449 -29.565571 53.239582 84.158483
450 -29.621460 52.753210 84.158483
451 -29.628826 52.493511 85.068974
452 -29.617552 52.138699 85.068974
453 -29.615161 51.798722 85.068974
454 -29.624344 51.498863 86.053067
455 -29.639598 50.904062 86.053067
456 -29.635486 50.539159 86.053067
457 -29.632854 50.069260 87.144307
464 -29.597541 47.264001 90.123528
465 -29.625882 47.208736 90.123528
466 -29.874871 47.100811 91.142802
467 -30.358243 47.363652 91.142802
468 -30.537174 47.830178 91.383644
469 -30.570627 48.027173 91.383644
470 -30.640932 48.390194 91.383644
471 -30.830231 48.942985 91.383644
472 -31.131807 49.454555 91.383644
473 -31.460565 49.913653 91.383644
474 -31.942533 50.336773 91.383644
482 -36.896078 51.241686 91.383644
483 -36.960506 51.250291 91.383644
484 -36.960506 51.250291 91.383644
485 -36.992304 51.199728 91.383644
486 -36.994786 51.150673 91.383644
487 -36.888230 51.016789 91.383644
488 -36.468077 50.928095 91.383644
489 -35.895879 50.913388 91.383644
490 -35.186046 50.898990 91.383644
491 -34.476042 50.817736 91.383644
492 -33.904613 50.704826 91.383644
500 -31.040356 48.178029 91.383644
501 -31.012858 47.956983 91.383644
502 -31.080337 47.577950 91.383644
503 -31.108859 47.304869 91.383644
504 -31.063287 46.947817 91.383644
505 -31.025153 46.334095 91.383644
506 -30.991632 46.041379 91.383644
507 -30.928618 45.722550 91.899567
508 -30.803053 45.171887 91.899567
509 -30.722440 44.960061 91.899567
510 -30.523574 44.601578 92.918730
519 -30.073336 41.489210 95.880605
520 -30.078585 41.064479 95.880605
521 -30.115121 40.832346 95.880605
522 -30.147037 40.323763 96.931163
523 -30.103221 39.886503 96.931163
524 -30.074763 39.502558 97.950244
525 -30.076433 39.350068 97.950244
526 -30.070212 38.940158 97.950244
527 -30.041659 38.453509 98.906271
528 -29.996708 37.896640 98.906271
529 -29.999140 37.714157 99.956643
538 -29.892713 34.294585 102.029459
539 -29.929050 34.065988 102.029459
540 -30.046374 33.559744 102.029459
541 -30.072066 33.254166 102.029459
542 -30.057287 32.974680 102.029459
543 -30.058496 32.594722 102.064148
544 -30.078987 32.340548 102.064148
545 -30.100830 31.846082 102.064148
546 -30.103360 31.463665 102.064148
547 -30.085524 31.186739 102.099218
548 -30.072882 30.681996 102.099218
558 -30.341990 26.867847 102.280254
559 -30.455660 26.275668 102.280254
560 -30.371902 25.806861 102.431882
561 -30.002282 25.283709 102.431882
562 -29.555180 24.811908 102.589524
563 -29.135854 24.318863 102.629871
564 -28.782336 23.815902 102.629871
565 -28.528593 23.373775 102.629871
566 -28.249914 22.882406 106.331794
567 -28.087640 22.612427 106.331794
568 -27.917899 22.300731 106.331794
579 -25.688824 19.167516 108.704602
580 -25.688824 19.167516 108.704602
581 -25.640938 19.187922 108.704602
582 -25.526128 19.454060 108.959857
583 -25.738128 19.973437 109.229714
584 -26.077834 20.426827 109.229714
585 -26.460418 20.849345 108.959857
586 -26.977527 21.334741 108.959857
587 -27.462620 21.845896 108.959857
588 -27.591039 22.105177 108.959857
589 -27.707801 22.440002 108.959857
601 -27.777173 27.133725 108.959857
602 -27.798427 27.687568 108.959857
603 -27.866592 28.157622 108.959857
604 -27.904034 28.445095 108.959857
605 -27.971425 28.798335 108.959857
606 -28.122813 29.295769 108.959857
607 -28.145033 29.416237 108.959857
608 -28.208514 29.853895 108.959857
609 -28.231635 30.464575 108.959857
610 -28.227869 30.824497 108.959857
611 -28.222624 31.067566 108.959857
624 -28.234275 36.033747 108.959857
625 -28.231703 36.311185 108.959857
626 -28.235410 36.666134 108.959857
627 -28.231573 37.030875 108.959857
628 -28.190808 37.338176 108.959857
629 -28.151640 37.866600 108.959857
630 -28.148781 38.086436 108.959857
631 -28.167745 38.445935 108.959857
632 -28.182720 39.025724 108.959857
633 -28.179806 39.320651 108.959857
634 -28.169547 39.645489 108.959857
647 -24.932998 44.412465 109.081852
648 -24.853505 44.462942 109.081852
649 -24.826288 44.553591 109.081852
650 -24.831795 44.722252 109.081852
651 -24.868722 44.817720 109.081852
652 -24.917206 44.902024 109.081852
653 -25.047339 44.997854 109.081852
654 -25.507336 45.020973 109.081852
655 -26.196409 44.906013 109.081852
656 -26.777662 44.871808 109.081852
657 -27.281740 44.894717 109.081852
670 -27.766438 49.664803 109.081852
671 -27.759715 49.944674 109.081852
672 -27.751847 50.299573 109.081852
673 -27.766482 50.844346 109.081852
674 -27.790463 51.078099 109.081852
675 -27.819945 51.511939 109.081852
676 -27.821662 51.976836 109.081852
677 -27.814642 52.166676 109.081852
678 -27.800590 52.641445 109.081852
679 -27.797893 53.121432 109.081852
680 -27.825311 53.515041 109.081852
694 -28.019054 58.809697 109.081852
695 -28.051071 59.276091 109.081852
696 -28.078943 59.557032 109.081852
697 -28.134608 59.892392 109.081852
698 -28.160204 60.201118 109.081852
699 -28.156653 60.471095 109.081852
700 -28.164584 60.985961 109.081852
701 -28.182237 61.342918 109.081852
702 -28.228274 61.575902 109.081852
703 -28.305502 62.142907 109.081852
704 -28.326543 62.444465 109.081852
718 -29.412559 67.850620 109.081852
719 -29.424620 68.135349 109.081852
720 -29.444497 68.537334 109.081852
721 -29.448975 68.764790 109.081852
722 -29.479899 69.201103 109.081852
723 -29.535617 69.536384 109.081852
724 -29.560200 69.780147 109.081852
725 -29.613946 70.216799 109.081852
726 -29.674227 70.448962 109.081852
727 -29.804149 70.824595 109.081852
728 -29.978036 71.327900 109.081852
742 -32.937181 76.762601 109.081852
743 -33.447182 77.036573 109.081852
744 -33.860813 77.522039 109.081852
745 -34.156018 77.991957 109.081852
746 -34.455874 78.476706 109.081852
747 -34.796162 79.000857 109.081852
748 -34.904364 79.174964 109.081852
749 -35.131277 79.528318 109.081852
750 -35.517567 80.044725 109.081852
751 -35.937436 80.534227 109.081852
752 -36.345791 81.016935 109.081852
766 -38.323000 84.721133 109.081852
767 -38.290886 84.670855 109.081852
768 -38.346556 84.357973 109.081852
769 -38.691518 83.955963 109.081852
770 -39.233795 83.491277 109.081852
771 -39.795701 83.049209 109.081852
772 -40.227677 82.655011 109.081852
773 -40.656609 82.180513 109.081852
774 -41.026533 81.676844 109.081852
775 -41.466249 81.203476 109.081852
776 -41.956489 80.895797 109.081852
793 -52.533757 79.810139 108.893207
794 -52.533757 79.810139 108.893207
795 -52.533757 79.810139 108.893207
796 -52.559171 79.734810 108.893207
797 -52.559609 79.665218 108.893207
798 -52.519878 79.594491 108.893207
799 -52.300763 79.520067 108.893207
800 -51.851053 79.526185 108.893207
801 -51.141445 79.526173 108.893207
802 -50.433523 79.449180 108.893207
803 -49.860845 79.330323 108.893207
820 -40.835625 74.834156 108.893207
821 -40.835625 74.834156 108.893207
822 -40.749188 74.784980 108.893207
823 -40.370483 74.790687 108.893207
824 -39.778930 74.966878 108.893207
825 -39.237128 75.187283 108.893207
826 -38.581552 75.472649 108.893207
827 -37.920449 75.744901 108.893207
828 -37.380916 75.970920 108.893207
829 -36.780172 76.218955 108.893207
830 -36.170564 76.444451 108.893207
849 -31.549691 72.749931 108.893207
850 -31.547599 72.552593 108.893207
851 -31.523051 72.168415 108.893207
852 -31.515221 71.708559 108.893207
853 -31.525736 71.236179 108.893207
854 -31.528897 71.178766 108.893207
855 -31.528897 71.178766 108.893207
856 -31.528897 71.178766 108.893207
857 -31.528897 71.178766 108.893207
858 -31.528897 71.178766 108.893207
859 -31.528897 71.178766 108.893207
877 -31.324988 64.940096 108.893207
878 -31.312772 64.608685 108.893207
879 -31.358914 64.281964 108.893207
880 -31.394818 63.718212 108.893207
881 -31.391771 63.248330 108.893207
882 -31.382828 62.778415 108.893207
883 -31.367069 62.469107 108.893207
884 -31.325566 62.051298 108.893207
885 -31.320505 61.651499 108.893207
886 -31.329962 61.391827 108.893207
887 -31.345896 61.037310 108.893207
906 -31.201425 54.102713 108.893207
907 -31.229136 53.598722 108.893207
908 -31.298028 53.063140 108.893207
909 -31.342874 52.693423 108.893207
910 -31.338270 52.528492 108.893207
911 -31.323633 52.036209 108.893207
912 -31.317090 51.600079 108.893207
913 -31.331732 51.365536 108.893207
914 -31.338207 50.865721 108.893207
915 -31.317244 50.336163 108.893207
916 -31.291280 49.841847 108.893207
934 -31.162689 43.037322 108.893207
935 -31.166091 42.593082 108.893207
936 -31.211660 42.077594 108.893207
937 -31.249683 41.594096 108.893207
938 -31.275925 41.034742 108.893207
939 -31.289214 40.900402 108.893207
940 -31.306398 40.490831 108.893207
941 -31.304983 40.020879 108.893207
942 -31.266314 39.845210 108.893207
943 -31.213148 39.328594 108.893207
944 -31.218825 39.133821 108.893207
963 -34.630248 32.507576 108.893207
964 -35.204107 32.424226 108.893207
965 -35.911242 32.360778 108.893207
966 -36.557626 32.292868 108.893207
967 -37.200792 32.199023 108.893207
968 -37.841124 32.087443 108.893207
969 -38.474220 31.940688 108.893207
970 -39.039802 31.791226 108.893207
971 -39.731399 31.609835 108.893207
972 -40.422387 31.426128 108.893207
973 -40.984067 31.281586 108.893207
993 -46.244926 29.918258 108.893207
994 -46.146961 29.863984 108.893207
995 -45.791520 29.831722 108.893207
996 -45.259941 29.938844 108.893207
997 -44.571415 30.131381 108.893207
998 -43.889326 30.345736 108.893207
999 -43.337998 30.525761 108.893207
1000 -42.712577 30.702612 108.893207
1001 -42.083051 30.854056 108.893207
1002 -41.452642 31.012376 108.893207
1003 -40.816928 31.147871 108.893207
1023 -31.521078 35.417711 108.893207
1024 -31.490210 35.921698 108.893207
1025 -31.481976 36.101508 108.893207
1026 -31.467614 36.456214 108.893207
1027 -31.489645 36.965321 108.893207
1028 -31.501009 37.194857 108.893207
1029 -31.506808 37.584801 108.893207
1030 -31.473472 38.047948 108.893207
1031 -31.461347 38.322386 108.893207
1032 -31.450231 38.677190 108.893207
1033 -31.432036 38.976486 108.893207
1053 -31.359223 47.242434 108.893207
1054 -31.359223 47.242434 108.893207
1055 -31.359223 47.242434 108.893207
1056 -31.359223 47.242434 108.893207
1057 -31.391265 47.228521 108.893207
1058 -31.492781 47.075814 108.893207
1059 -31.529154 46.628940 108.893207
1060 -31.539879 46.334260 108.893207
1061 -31.602732 46.010426 108.893207
1062 -31.894098 45.413181 108.893207
1063 -32.462622 44.989957 108.893207
1084 -45.237617 42.092701 108.893207
1085 -45.257077 42.091975 108.893207
1086 -45.376457 42.204239 108.893207
1087 -45.354670 42.437716 108.893207
1088 -44.944722 42.654299 108.893207
1089 -44.302143 42.700728 108.893207
1090 -43.655113 42.676718 108.893207
1091 -42.945466 42.675596 108.893207
1092 -42.363122 42.728951 108.893207
1093 -41.722922 42.840745 108.893207
1094 -41.092290 42.987006 108.893207
1114 -31.378580 47.175777 108.893207
1115 -31.393591 47.535463 108.893207
1116 -31.406033 47.955220 108.893207
1117 -31.404942 48.330161 108.893207
1118 -31.423662 48.779685 108.893207
1119 -31.407274 49.268089 108.893207
1120 -31.364042 49.625230 108.893207
1121 -31.387235 49.874098 108.893207
1122 -31.418455 50.378015 108.893207
1123 -31.453852 50.821452 108.893207
1124 -31.465003 51.111002 108.893207
1144 -31.467496 58.682538 108.893207
1145 -31.454773 59.097333 108.893207
1146 -31.449261 59.647298 108.893207
1147 -31.454775 60.162233 108.893207
1148 -31.473177 60.646881 108.893207
1149 -31.478159 61.096842 108.893207
1150 -31.476032 61.566816 108.893207
1151 -31.479788 61.739263 108.893207
1152 -31.496263 62.131417 108.893207
1153 -31.498729 62.576321 108.893207
1154 -31.499245 63.141320 108.893207
1175 -31.470432 70.946500 108.893207
1176 -31.454858 71.246063 108.893207
1177 -31.464256 71.755914 108.893207
1178 -31.461985 71.988402 108.893207
1179 -31.457451 72.398377 108.893207
1180 -31.449660 72.895815 108.893207
1181 -31.445599 73.405791 108.893207
1182 -31.446452 73.917954 108.893207
1183 -31.432022 74.277607 108.893207
1184 -31.431214 74.527605 108.893207
1185 -31.429444 75.075102 108.893207
1205 -31.471891 82.658817 108.893207
1206 -31.475918 83.146297 108.893207
1207 -31.470513 83.417439 108.893207
1208 -31.458576 83.802253 108.893207
1209 -31.451639 84.262195 108.893207
1210 -31.450205 84.837192 108.893207
1211 -31.458013 85.272048 108.893207
1212 -31.472317 85.601554 108.893207
1213 -31.504959 85.879529 108.893207
1214 -31.521270 86.399186 108.893207
1215 -31.524867 86.859172 108.893207
1235 -31.293793 94.946695 108.893207
1236 -31.343033 95.338217 108.893207
1237 -31.363356 95.772255 108.893207
1238 -31.336783 96.065335 108.826883
1239 -31.273525 96.371214 108.826883
1240 -31.250535 96.969764 108.826883
1241 -31.286698 97.160569 108.826883
1242 -31.356370 97.523519 108.826883
1243 -31.387919 98.092402 108.826883
1244 -31.391383 98.567389 108.826883
1245 -31.388300 98.857315 108.826883
1266 -34.832050 104.071763 108.826883
1267 -35.164452 103.594051 108.826883
1268 -35.670097 103.192539 108.826883
1269 -36.247072 102.894410 108.826883
1270 -36.865236 102.694910 108.826883
1271 -37.429034 102.538977 108.826883
1272 -38.179498 102.327801 108.826883
1273 -38.721916 102.108938 108.826883
1274 -39.305202 101.822374 108.826883
1275 -39.882322 101.523328 108.826883
1276 -40.453290 101.218003 108.826883
1297 -41.855652 100.211532 108.826883
1298 -41.827517 100.183106 108.826883
1299 -41.827517 100.183106 108.826883
1300 -41.827517 100.183106 108.826883
1301 -41.827517 100.183106 108.826883
1302 -41.887608 100.221752 108.826883
1303 -41.939051 100.530036 108.826883
1304 -41.586736 100.986941 108.826883
1305 -41.041905 101.335249 108.826883
1306 -40.420219 101.523471 108.826883
1307 -39.785363 101.662699 108.826883
1328 -30.440395 101.677566 108.826883
1329 -30.308987 101.190913 108.826883
1330 -30.340291 100.988549 108.826883
1331 -30.477486 100.618244 108.826883
1332 -30.554888 100.252127 108.826883
1333 -30.509442 100.001633 108.826883
1334 -30.401950 99.559528 108.826883
1335 -30.259101 98.951139 108.826883
1336 -30.108614 98.537719 108.826883
1337 -30.052275 98.382642 108.826883
1338 -29.914616 97.964800 108.826883
1359 -29.313085 89.832632 108.826883
1360 -29.305151 89.653031 108.826883
1361 -29.350435 89.145061 108.826883
1362 -29.374954 88.685806 108.826883
1363 -29.341755 88.498796 108.826883
1364 -29.270287 88.034388 108.826883
1365 -29.207424 87.480534 108.826883
1366 -29.116402 86.999288 108.826883
1367 -28.996537 86.697424 108.826883
1368 -28.819990 86.283515 108.826883
1369 -28.741404 86.054107 108.826883
1390 -22.978809 78.557677 108.826883
1391 -22.337706 78.468412 108.826883
1392 -21.756979 78.423309 108.826883
1393 -21.046396 78.345003 108.826883
1394 -20.339401 78.239261 108.826883
1395 -19.766298 78.122484 108.826883
1396 -19.136904 77.981467 108.826883
1397 -18.501552 77.856888 108.826883
1398 -17.860028 77.769661 108.826883
1399 -17.215928 77.703417 108.826883
1400 -16.510828 77.620457 108.826883
1421 -10.774772 76.610381 108.826883
1422 -10.746750 76.533431 108.826883
1423 -10.877484 76.210326 108.826883
1424 -11.284610 75.763962 108.826883
1425 -11.779937 75.343110 108.826883
1426 -12.273480 74.920182 108.826883
1427 -12.698818 74.518608 108.826883
1428 -13.194839 74.003766 108.826883
1429 -13.671178 73.477296 108.826883
1430 -14.058510 73.038923 108.826883
1431 -14.432886 72.599371 108.826883
1454 -16.037285 70.383523 108.826883
1455 -16.037285 70.383523 108.826883
1456 -16.037285 70.383523 108.826883
1457 -16.037285 70.383523 108.826883
1458 -16.095580 70.393415 108.826883
1459 -16.161324 70.482022 108.826883
1460 -16.153406 70.432653 108.826883
1461 -16.061568 70.626330 108.826883
1462 -15.878174 70.964733 108.826883
1463 -15.729690 71.450914 108.826883
1464 -15.687177 71.968932 108.826883
1487 -22.963256 77.118865 108.826883
1488 -23.606978 77.091827 108.826883
1489 -24.250655 77.100724 108.826883
1490 -24.964466 77.067741 108.826883
1491 -25.541884 76.975639 108.826883
1492 -26.236511 76.806812 108.826883
1493 -26.793264 76.627832 108.826883
1494 -27.318504 76.308969 108.826883
1495 -27.592471 75.855866 108.826883
1496 -27.719446 75.382056 108.826883
1497 -27.776104 74.935891 108.826883
1520 -27.644686 66.603715 108.826883
1521 -27.679618 66.020203 108.826883
1522 -27.738834 65.596964 108.826883
1523 -27.779137 65.342686 108.826883
1524 -27.813205 64.818983 108.826883
1525 -27.814348 64.535336 108.826883
1526 -27.795384 64.225926 108.826883
1527 -27.786096 63.756084 108.826883
1528 -27.790861 63.528634 108.826883
1529 -27.797912 63.003687 108.826883
1530 -27.791030 62.538832 108.826883
1553 -27.848276 53.652414 108.826883
1554 -27.920460 53.127359 108.826883
1555 -27.953528 52.724044 108.826883
1556 -27.964231 52.426854 108.826883
1557 -27.990368 52.123006 108.826883
1558 -28.006519 51.613312 108.826883
1559 -28.004609 51.143369 108.826883
1560 -28.000065 50.665987 108.826883
1561 -28.007643 50.271098 108.826883
1562 -28.060592 49.703580 108.826883
1563 -28.126546 49.244024 108.826883
1586 -30.079939 40.145007 108.826883
1587 -30.120738 39.822899 108.826883
1588 -30.110639 39.573123 108.826883
1589 -30.112253 39.045660 108.826883
1590 -30.136830 38.876821 108.826883
1591 -30.214235 38.499765 108.826883
1592 -30.281097 37.984208 108.826883
1593 -30.320320 37.717399 108.826883
1594 -30.437119 37.376905 108.826883
1595 -30.620934 36.790391 108.826883
1596 -30.657977 36.614458 108.826883
1619 -40.475434 30.158797 108.826883
1620 -40.777597 29.690584 108.826883
1621 -41.097216 29.209611 108.826883
1622 -41.354770 28.769653 108.826883
1623 -41.532914 28.459900 108.826883
1624 -41.706753 28.179410 108.826883
1625 -41.997449 27.657617 108.826883
1626 -42.111683 27.407558 108.826883
1627 -42.272417 27.052232 108.826883
1628 -42.525727 26.500073 108.826883
1629 -42.730036 26.104996 108.826883
1652 -46.135686 17.663774 108.826883
1653 -46.135686 17.663774 108.826883
1654 -46.135686 17.663774 108.826883
1655 -46.258373 17.734222 108.826883
1656 -46.347512 18.088124 108.826883
1657 -46.290865 18.707445 108.826883
1658 -45.962617 19.283686 108.826883
1659 -45.656019 19.691029 108.826883
1660 -45.349418 20.182825 108.826883
1661 -45.258192 20.323146 108.826883
1662 -45.055920 20.608727 108.826883
1686 -40.839086 28.720736 108.826883
1687 -40.546494 29.220551 108.826883
1688 -40.333182 29.700195 108.826883
1689 -40.261826 29.865440 108.826883
1690 -40.055283 30.348084 108.826883
1691 -39.750686 30.844579 108.826883
1692 -39.232789 31.222895 108.826883
1693 -38.620372 31.429125 108.826883
1694 -37.984026 31.548598 108.826883
1695 -37.405936 31.638118 108.826883
1696 -36.640399 31.773189 108.826883
1719 -29.660742 39.165195 108.826883
1720 -29.594398 39.327112 108.826883
1721 -29.501410 39.740360 108.826883
1722 -29.523886 40.073137 108.826883
1723 -29.644294 40.358699 108.826883
1724 -29.746305 40.754747 108.826883
1725 -29.746819 41.174414 108.826883
1726 -29.702452 41.604007 108.826883
1727 -29.599706 41.864407 108.826883
1728 -29.412257 42.359735 108.826883
1729 -29.310317 42.710064 108.826883
1752 -28.902333 51.842972 108.826883
1753 -28.925256 52.257066 108.826883
1754 -28.966962 52.553692 108.826883
1755 -29.029270 52.935528 108.826883
1756 -29.032455 53.232582 108.826883
1757 -28.984008 53.553944 108.826883
1758 -28.919682 54.090060 108.826883
1759 -28.862147 54.342753 108.826883
1760 -28.716685 54.720696 108.826883
1761 -28.627480 54.980554 108.826883
1762 -28.553684 55.240243 108.826883
1786 -28.225800 64.399511 108.826883
1787 -28.246366 64.909054 108.826883
1788 -28.297286 65.086707 108.826883
1789 -28.381055 65.543172 108.826883
1790 -28.389162 66.067755 108.826883
1791 -28.339523 66.467110 108.826883
1792 -28.323472 66.696472 108.826883
1793 -28.305731 67.166126 108.826883
1794 -28.298705 67.671069 108.826883
1795 -28.309272 67.830716 108.826883
1796 -28.327825 68.275282 108.826883
1819 -28.441868 77.447426 108.826883
1820 -28.452324 77.842143 108.826883
1821 -28.523670 78.127594 108.826883
1822 -28.622520 78.662472 108.826883
1823 -28.620894 79.046720 108.826883
1824 -28.585027 79.435037 108.826883
1825 -28.554608 79.688134 108.826883
1826 -28.536716 80.192719 108.826883
1827 -28.538453 80.677707 108.826883
1828 -28.550639 81.177488 108.826883
1829 -28.546463 81.442362 108.826883
1852 -19.011987 86.088367 108.826883
1853 -18.364736 86.075619 108.826883
1854 -17.717589 86.054314 108.826883
1855 -17.071320 86.014702 108.826883
1856 -16.361861 85.949011 108.826883
1857 -15.717029 85.890480 108.826883
1858 -15.137593 85.866265 108.826883
1859 -14.489954 85.816601 108.826883
1860 -13.913640 85.716532 108.826883
1861 -13.215722 85.561813 108.826883
1862 -12.587926 85.403346 108.826883
1886 -10.145631 84.766549 108.826883
1887 -10.145631 84.766549 108.826883
1888 -10.145631 84.766549 108.826883
1889 -10.113041 84.789651 108.826883
1890 -10.067774 84.854740 108.826883
1891 -10.065183 84.924384 108.826883
1892 -10.081340 84.973915 108.826883
1893 -10.229165 85.090234 108.826883
1894 -10.740783 85.175068 108.826883
1895 -11.322580 85.146683 108.826883
1896 -11.969878 85.143171 108.826883
1920 -27.473022 85.695610 108.826883
1921 -27.655590 85.474025 108.826883
1922 -27.766907 85.233713 108.826883
1923 -27.863719 84.724799 108.826883
1924 -27.854045 84.486019 108.826883
1925 -27.801632 84.129923 108.826883
1926 -27.774439 83.821291 108.826883
1927 -27.767927 83.401367 108.826883
1928 -27.757639 82.936494 108.826883
1929 -27.777318 82.622533 108.826883
1930 -27.802428 82.318697 108.826883
1954 -15.845727 76.751819 108.826883
1955 -15.422730 76.348668 108.826883
1956 -15.053629 75.835808 108.826883
1957 -14.905009 75.563920 108.826883
1958 -14.758277 75.262767 108.826883
1959 -14.508156 74.731182 108.826883
1960 -14.438507 74.610182 108.826883
1961 -14.206002 74.266437 108.826883
1962 -13.868080 73.682751 108.826883
1963 -13.821125 73.550921 108.826883
1964 -13.673267 73.157834 108.826883
1989 -10.733608 63.925475 108.826883
1990 -10.748791 63.894064 108.826883
1991 -10.967852 63.799972 108.826883
1992 -11.280994 63.996087 108.826883
1993 -11.400286 64.376293 108.826883
1994 -11.392950 64.626025 108.826883
1995 -11.415357 65.120224 108.826883
1996 -11.502750 65.597152 108.826883
1997 -11.665957 66.137601 108.826883
1998 -11.889010 66.651176 108.826883
1999 -12.019218 66.893293 108.826883
2023 -15.209990 76.017489 108.826883
2024 -15.515119 76.563847 108.826883
2025 -16.043023 77.042508 108.826883
2026 -16.548386 77.335267 108.826883
2027 -17.160071 77.536005 108.826883
2028 -17.797923 77.645526 108.826883
2029 -18.503191 77.727289 108.826883
2030 -19.083004 77.805006 108.826883
2031 -19.788328 77.905824 108.826883
2032 -20.362452 78.004212 108.826883
2033 -21.001114 78.125046 108.826883
2057 -27.815498 85.664955 108.826883
2058 -27.844129 86.243816 108.826883
2059 -27.893708 86.696105 108.826883
2060 -27.954002 87.081166 108.826883
2061 -27.992890 87.543828 108.826883
2062 -27.995477 87.978761 108.826883
2063 -28.002353 88.243614 108.826883
2064 -28.019416 88.628236 108.826883
2065 -28.032661 89.213077 108.826883
2066 -28.028793 89.547997 108.826883
2067 -28.025610 89.917817 108.826883
2092 -28.265816 99.683566 108.826883
2093 -28.300749 99.880030 108.826883
2094 -28.384302 100.255649 108.826883
2095 -28.430789 100.808272 108.826883
2096 -28.429848 101.283271 108.826883
2097 -28.420035 101.452955 108.826883
2098 -28.415957 101.902925 108.826883
2099 -28.416249 102.432925 108.826883
2100 -28.403622 102.832719 108.826883
2101 -28.401714 103.352604 108.826883
2102 -28.429365 103.565719 108.826883
2126 -28.580956 113.056548 108.826883
2127 -28.609004 113.273106 108.826883
2128 -28.720890 113.641163 108.826883
2129 -28.781701 114.106732 108.826883
2130 -28.795580 114.681523 108.826883
2131 -28.797038 115.171437 108.826883
2132 -28.804010 115.491063 108.826883
2133 -28.848406 115.807927 108.826883
2134 -28.876544 116.372048 108.826883
2135 -28.870722 116.541824 108.826883
2136 -28.855056 116.911448 108.826883
2161 -30.413450 127.129496 108.826883
2162 -30.413450 127.129496 108.826883
2163 -30.413450 127.129496 108.826883
2164 -30.277092 127.058784 108.826883
2165 -30.168874 126.705363 108.826883
2166 -30.156958 126.174571 108.826883
2167 -30.244740 125.769076 108.826883
2168 -30.247658 125.574181 108.826883
2169 -30.239905 125.159318 108.826883
2170 -30.175147 124.598620 108.826883
2171 -30.030760 124.173034 108.826883
2195 -29.074988 114.799119 108.826883
2196 -29.100184 114.325779 108.826883
2197 -29.146917 114.044641 108.826883
2198 -29.189883 113.584461 108.826883
2199 -29.182662 113.236157 108.826883
2200 -29.142042 112.908710 108.826883
2201 -29.119278 112.436842 108.826883
2202 -29.094254 112.165499 108.826883
2203 -29.074807 111.725978 108.826883
2204 -29.051790 111.166674 108.826883
2205 -29.031798 110.767347 108.826883
2229 -28.281198 101.436813 108.826883
2230 -28.216272 101.312922 108.826883
2231 -28.019051 100.999893 108.826883
2232 -27.773567 100.491614 108.826883
2233 -27.630898 100.177720 108.826883
2234 -27.480227 99.895440 108.826883
2235 -27.239912 99.603677 108.826883
2236 -26.796471 99.385932 108.826883
2237 -26.090502 99.309087 108.826883
2238 -25.443830 99.340982 108.826883
2239 -24.797354 99.377313 108.826883
2264 -17.129345 100.144860 108.826883
2265 -17.087169 100.031207 108.826883
2266 -17.229210 99.646662 108.826883
2267 -17.546521 99.262842 108.826883
2268 -18.181660 98.975598 108.826883
2269 -18.886516 98.927007 108.826883
2270 -19.466490 98.924413 108.826883
2271 -20.110279 98.962952 108.826883
2272 -20.756940 98.994760 108.826883
2273 -21.401818 98.990245 108.826883
2274 -22.045828 98.955224 108.826883
2299 -28.248297 105.964717 108.826883
2300 -28.246721 106.399708 108.826883
2301 -28.248677 106.874704 108.826883
2302 -28.263025 107.044097 108.826883
2303 -28.293078 107.493085 108.826883
2304 -28.319521 108.037403 108.826883
2305 -28.332557 108.522214 108.826883
2306 -28.324390 108.932086 108.826883
2307 -28.319213 109.127017 108.826883
2308 -28.311414 109.636918 108.826883
2309 -28.323643 110.066737 108.826883
2334 -29.003315 119.485476 108.826883
2335 -29.076144 119.903650 108.826883
2336 -29.098436 120.137586 108.826883
2337 -29.146789 120.635205 108.826883
2338 -29.180951 121.164103 108.826883
2339 -29.223351 121.692368 108.826883
2340 -29.280165 122.168948 108.826883
2341 -29.353468 122.422840 108.826883
2342 -29.495542 122.801950 108.826883
2343 -29.601078 123.223768 108.826883
2344 -29.643724 123.505555 108.826883
2368 -35.607483 131.811475 108.826883
2369 -36.227066 132.007453 108.826883
2370 -36.834395 132.231933 108.826883
2371 -37.498012 132.491272 108.826883
2372 -37.986631 132.661602 108.826883
2373 -38.670205 132.870821 108.826883
2374 -39.354624 133.076972 108.826883
2375 -39.904864 133.275591 108.826883
2376 -40.513603 133.503356 108.826883
2377 -41.109999 133.761733 108.826883
2378 -41.701191 134.031873 108.826883
2404 -45.582768 135.719661 108.826883
2405 -45.454302 135.586540 108.826883
2406 -45.141347 135.277349 108.826883
2407 -44.724531 134.986592 108.826883
2408 -44.050289 134.761449 108.826883
2409 -43.352529 134.605561 108.826883
2410 -42.780193 134.484669 108.826883
2411 -42.151689 134.319270 108.826883
2412 -41.532081 134.123082 108.826883
2413 -40.916999 133.913007 108.826883
2414 -40.377020 133.688249 108.826883
2441 -30.572929 138.599108 108.826883
2442 -30.572929 138.599108 108.826883
2443 -30.572929 138.599108 108.826883
2444 -30.531648 138.576224 108.826883
2445 -30.427830 138.266476 108.826883
2446 -30.434952 137.734208 108.826883
2447 -30.511704 137.339159 108.826883
2448 -30.597500 136.948863 108.826883
2449 -30.633605 136.641013 108.826883
2450 -30.628576 136.256644 108.826883
2451 -30.566597 135.826403 108.826883
2477 -30.211590 126.126369 108.826883
2478 -30.254906 125.694427 108.826883
2479 -30.335051 125.135167 108.826883
2480 -30.388838 124.698593 108.826883
2481 -30.399539 124.238816 108.826883
2482 -30.395671 124.061391 108.826883
2483 -30.382150 123.671625 108.826883
2484 -30.368328 123.090553 108.826883
2485 -30.370396 122.795608 108.826883
2486 -30.363640 122.415686 108.826883
2487 -30.349401 121.850865 108.826883
2514 -30.176279 111.823542 108.826883
2515 -30.167305 111.531330 108.826883
2516 -30.227888 111.116122 108.826883
2517 -30.301709 110.919757 108.826883
2518 -30.408310 110.529979 108.826883
2519 -30.427335 110.041179 108.826883
2520 -30.409415 109.711986 108.826883
2521 -30.356283 109.447391 108.826883
2522 -30.319741 108.883944 108.826883
2523 -30.339325 108.447229 108.826883
2524 -30.370274 108.171465 108.826883
2550 -31.259914 97.828418 108.826883
2551 -31.331817 97.358947 108.826883
2552 -31.420616 97.052820 108.826883
2553 -31.559252 96.750610 108.826883
2554 -31.859539 96.225971 108.826883
2555 -32.259319 95.720712 108.826883
2556 -32.688406 95.256036 108.826883
2557 -33.031003 94.826154 108.826883
2558 -33.206682 94.344551 108.826883
2559 -33.207233 94.160073 108.826883
2560 -33.156332 93.705514 108.826883
2587 -33.488384 91.740903 108.826883
2588 -33.488384 91.740903 108.826883
2589 -33.488384 91.740903 108.826883
2590 -33.488384 91.740903 108.826883
2591 -33.529887 91.757504 108.826883
2592 -33.659274 92.022662 108.826883
2593 -33.682778 92.484502 108.826883
2594 -33.602901 92.704990 108.826883
2595 -33.469748 93.191145 108.826883
2596 -33.432793 93.553834 108.826883
2597 -33.503467 93.870693 108.826883
2624 -47.422878 95.879317 108.826883
2625 -47.422878 95.879317 108.826883
2626 -47.422878 95.879317 108.826883
2627 -47.422878 95.879317 108.826883
2628 -47.422878 95.879317 108.826883
2629 -47.284764 95.811840 108.826883
2630 -46.813415 95.790572 108.826883
2631 -46.243395 95.865919 108.826883
2632 -45.601951 95.932483 108.826883
2633 -44.957740 95.963614 108.826883
2634 -44.310470 95.980543 108.826883
2660 -39.064516 92.211387 108.826883
2661 -38.989376 92.117838 108.826883
2662 -38.900425 91.914778 108.826883
2663 -38.877290 91.759849 108.826883
2664 -38.884512 91.859588 108.826883
2665 -38.886317 91.884523 108.826883
2666 -38.881797 91.817174 108.826883
2667 -38.887601 91.917006 108.826883
2668 -38.888181 91.926989 108.826883
2669 -38.884226 91.859605 108.826883
2670 -38.890135 91.959430 108.826883
2697 -38.128256 90.341439 108.826883
2698 -38.128256 90.341439 108.826883
2699 -38.161210 90.278090 108.826883
2700 -38.501679 90.204464 108.826883
2701 -39.137886 90.334169 108.826883
2702 -39.701221 90.471925 108.826883
2703 -40.340316 90.574621 108.826883
2704 -40.985989 90.621209 108.826883
2705 -41.630159 90.704534 108.826883
2706 -42.240848 90.900735 108.826883
2707 -42.881283 91.212770 108.826883
2734 -48.592590 90.886418 108.826883
2735 -48.409468 90.766199 108.826883
2736 -47.975970 90.687902 108.826883
2737 -47.347953 90.844779 108.826883
2738 -46.780779 91.145837 108.826883
2739 -46.246805 91.361340 108.826883
2740 -45.539933 91.440948 108.826883
2741 -44.828427 91.477811 108.826883
2742 -44.246010 91.487211 108.826883
2743 -43.598534 91.492404 108.826883
2744 -42.953935 91.472330 108.826883
2771 -32.854572 94.948055 108.826883
2772 -32.854572 94.948055 108.826883
2773 -32.854572 94.948055 108.826883
2774 -32.854572 94.948055 108.826883
2775 -32.854572 94.948055 108.826883
2776 -32.893898 94.942262 108.826883
2777 -33.021894 95.045091 108.826883
2778 -33.007436 95.213851 108.826883
2779 -32.707072 95.412341 108.826883
2780 -32.201342 95.520419 108.826883
2781 -31.664413 95.277866 108.826883
2808 -31.314248 84.992515 108.826883
2809 -31.331318 84.642952 108.826883
2810 -31.366698 84.129230 108.826883
2811 -31.358213 83.937456 108.826883
2812 -31.328902 83.583720 108.826883
2813 -31.313267 83.058996 108.826883
2814 -31.326239 82.879465 108.826883
2815 -31.344566 82.429863 108.826883
2816 -31.345796 82.179924 108.826883
2817 -31.338276 81.810001 108.826883
2818 -31.327986 81.297604 108.826883
2846 -31.139836 70.745388 108.826883
2847 -31.153289 70.290727 108.826883
2848 -31.198287 70.086377 108.826883
2849 -31.289552 69.595539 108.826883
2850 -31.318342 69.083988 108.826883
2851 -31.316099 68.559014 108.826883
2852 -31.306288 68.019104 108.826883
2853 -31.305399 67.596650 108.826883
2854 -31.267012 67.423479 108.826883
2855 -31.216207 66.966838 108.826883
2856 -31.216787 66.501954 108.826883
2883 -30.996310 56.484445 108.826883
2884 -31.001603 56.264519 108.826883
2885 -31.002495 55.794523 108.826883
2886 -30.996862 55.307117 108.826883
2887 -30.981682 54.899944 108.826883
2888 -30.991530 54.685171 108.826883
2889 -31.001679 54.150290 108.826883
2890 -30.993278 53.550436 108.826883
2891 -30.968859 53.151319 108.826883
2892 -30.944592 52.857499 108.826883
2893 -30.947490 52.557513 108.826883
2920 -30.665622 41.709156 108.826883
2921 -30.675120 41.439323 108.826883
2922 -30.686742 40.969536 108.826883
2923 -30.669251 40.610097 108.826883
2924 -30.670582 40.330125 108.826883
2925 -30.658148 39.860332 108.826883
2926 -30.646878 39.560726 108.826883
2927 -30.651317 39.250768 108.826883
2928 -30.650809 38.750769 108.826883
2929 -30.640553 38.315992 108.826883
2930 -30.602163 38.018513 108.826883
2957 -30.669876 27.619190 108.826883
2958 -30.704892 27.341401 108.826883
2959 -30.759571 26.914915 108.826883
2960 -30.789994 26.661757 108.826883
2961 -30.824695 26.163120 108.826883
2962 -30.845286 25.693630 108.826883
2963 -30.874144 25.099370 108.826883
2964 -30.892057 24.724872 108.826883
2965 -30.943883 24.217611 108.826883
2966 -31.003442 23.909045 108.826883
2967 -31.131696 23.551452 108.826883
2994 -41.254359 16.436747 118.398355
2995 -41.122209 16.243560 118.442435
2996 -40.929761 15.755681 118.442435
2997 -40.870985 15.593527 118.442435
2998 -40.718014 15.245722 118.442435
2999 -40.432554 14.639604 118.442435
3000 -40.211995 14.179771 118.442435
3001 -40.096418 13.941335 118.442435
3002 -39.934593 13.608605 118.442435
3003 -39.657362 13.065281 118.442435
3004 -39.532229 12.846315 118.442435
3018 -37.264941 7.888283 118.657198
3019 -37.106945 7.379511 118.657198
3020 -37.127083 6.951679 118.657198
3021 -37.176478 6.353978 118.657198
3022 -37.151709 6.116453 118.657198
3023 -37.059888 5.781359 118.657198
3024 -36.855057 5.225505 118.657198
3025 -36.670046 4.843234 118.773947
3026 -36.560103 4.602144 118.773947
3027 -36.429497 4.266789 125.575199
3028 -36.206797 3.731560 125.575199
3054 -34.331845 1.258373 126.147733
3055 -34.160231 1.073168 126.147733
3056 -33.720814 0.654203 126.147733
3057 -33.269540 0.281971 126.147733
3058 -32.767605 -0.131016 126.147733
3059 -32.263501 -0.541267 126.147733
3060 -31.695781 -0.975741 126.147733
3061 -31.240297 -1.438211 126.147733
3062 -30.885903 -1.897156 126.743720
3063 -30.602650 -2.339044 126.743720
3064 -30.263441 -2.884680 138.655583
3080 -28.996563 -4.699957 142.210727
3081 -28.945863 -4.857874 142.210727
3082 -28.910713 -5.347570 142.210727
3083 -28.949045 -5.790650 142.210727
3084 -28.997915 -6.195066 142.491722
3085 -28.997696 -6.455066 142.491722
3086 -28.997279 -6.950066 143.026748
3087 -28.994535 -7.360016 143.026748
3088 -28.981272 -7.759705 144.021702
3089 -28.995637 -8.069359 144.021702
3090 -28.988973 -8.544252 145.056991
3119 -29.297344 -20.602955 156.383026
3120 -29.405723 -20.893323 156.383026
3121 -29.497136 -21.373630 157.523366
3122 -29.468131 -21.556014 157.523366
3123 -29.387181 -22.079319 158.302656
3124 -29.375075 -22.391423 158.302656
3125 -29.374117 -22.716421 158.302656
3126 -29.372438 -23.286419 159.082403
3127 -29.382724 -23.421026 159.082403
3128 -29.398242 -23.775633 160.113244
3129 -29.383426 -24.084558 160.113244
3148 -29.522139 -30.674314 167.221802
3149 -29.504103 -30.930454 167.221802
3150 -29.538381 -31.444282 167.221802
3151 -29.567963 -31.868248 168.100836
3152 -29.578014 -32.037951 168.100836
3153 -29.590883 -32.487666 168.100836
3154 -29.576361 -33.032453 169.200151
3155 -29.557027 -33.562100 169.200151
3156 -29.543701 -33.769143 169.200151
3157 -29.525562 -34.106102 170.260186
3158 -29.518299 -34.623480 170.260186
3177 -30.051113 -41.630723 177.177569
3178 -30.113126 -42.136821 178.174889
3179 -30.112694 -42.415850 178.174889
3180 -30.064346 -42.737211 178.174889
3181 -30.027586 -43.315833 179.157839
3182 -30.024819 -43.575704 179.157839
3183 -30.041077 -43.885271 179.157839
3184 -30.035659 -44.420137 180.198921
3185 -29.991586 -44.923033 180.198921
3186 -29.972179 -45.164684 181.271540
3187 -29.948960 -45.551482 181.271540
3208 -29.223944 -53.964382 189.388942
3209 -29.214041 -54.154091 189.388942
3210 -29.210203 -54.524068 190.344454
3211 -29.217228 -54.988896 190.344454
3212 -29.225022 -55.206256 191.369724
3213 -29.237684 -55.586044 191.369724
3214 -29.247641 -56.113443 191.369724
3215 -29.234032 -56.292925 192.499796
3216 -29.201563 -56.696615 192.499796
3217 -29.194797 -56.961313 193.550643
3218 -29.200643 -57.381261 193.550643
3241 -29.152022 -66.277171 202.667539
3242 -29.220575 -66.761469 202.667539
3243 -29.271099 -66.923760 202.667539
3244 -29.431561 -67.349448 202.667539
3245 -29.636170 -67.854574 203.653852
3246 -29.833794 -68.286360 203.653852
3247 -29.910928 -68.513605 204.640493
3248 -30.062082 -68.937397 204.640493
3249 -30.191859 -69.446000 205.486670
3250 -30.237009 -69.645898 205.486670
3251 -30.381403 -70.087849 205.486670
3277 -33.382771 -78.428010 213.057860
3278 -33.345482 -78.442381 213.057860
3279 -33.316102 -78.448419 213.057860
3280 -33.316102 -78.448419 213.057860
3281 -33.254143 -78.378601 213.057860
3282 -33.233152 -78.225907 213.057860
3283 -33.222144 -77.828564 213.057860
3284 -33.217599 -77.504847 213.057860
3285 -33.209661 -77.283891 213.057860
3286 -33.128624 -77.141289 213.057860
3287 -32.824058 -76.982013 213.057860
3339 -25.232378 -90.612576 224.664665
3340 -25.232378 -90.612576 224.664665
3341 -25.286353 -90.696461 224.664665
3342 -25.626436 -90.733142 224.664665
3343 -26.040729 -90.319188 224.664665
3344 -26.101702 -89.840797 224.664665
3345 -26.075931 -89.536890 224.664665
3346 -26.065901 -89.412293 224.664665
3347 -26.066804 -89.332549 224.664665
3348 -26.132901 -89.216755 224.664665
3349 -26.421665 -89.074655 224.664665
3378 -29.980261 -99.154557 234.567542
3379 -30.041372 -99.279297 234.567542
3380 -30.327394 -99.551256 235.576000
3381 -30.775554 -99.979514 235.576000
3382 -31.163267 -100.407398 235.576000
3383 -31.608279 -100.958951 236.528755
3384 -32.059398 -101.507052 236.528755
3385 -32.450307 -101.942231 237.146056
3386 -32.912902 -102.398690 237.146056
3387 -33.392183 -102.837738 238.101768
3388 -33.882386 -103.264572 238.101768
3420 -35.787211 -105.086422 239.117653
3421 -35.787211 -105.086422 239.117653
3422 -35.787211 -105.086422 239.117653
3423 -35.787211 -105.086422 239.117653
3424 -35.858083 -105.014941 239.117653
3425 -35.836833 -104.678210 239.117653
3426 -35.387968 -104.282503 239.117653
3427 -34.820265 -103.984413 239.117653
3428 -34.209646 -103.788159 239.117653
