6 -44.500000 117.000000 0.000000
7 -44.500000 117.000000 9.625487
8 -44.552964 116.931965 9.625487
9 -44.673642 116.739411 9.625487
10 -44.784641 116.380177 9.625487
11 -44.779331 115.905490 9.794386
12 -44.710708 115.728521 9.689685
13 -44.591220 115.275175 9.689685
14 -44.532917 114.763542 9.734989
15 -44.513494 114.509340 9.734989
16 -44.480996 114.100635 9.734989
17 -44.454241 113.601458 9.734989
18 -44.459953 113.386553 9.734989
19 -44.458517 112.871647 12.531960
20 -44.493000 112.397987 12.531960
21 -44.470942 111.943740 12.531960
22 -44.438725 111.728645 12.944884
23 -44.338344 111.244112 12.944884
24 -44.136276 110.687868 21.804817
25 -44.003269 110.470511 21.804817
26 -43.775725 110.099831 21.804817
27 -43.476933 109.614852 23.380548
28 -43.076219 109.063964 23.380548
29 -42.793670 108.571997 23.799370
30 -42.735789 108.461238 24.703239
31 -42.641952 108.074536 24.703239
32 -42.636301 107.759898 24.703239
33 -42.667639 107.381269 25.241435
34 -42.712501 106.858279 25.241435
35 -42.722401 106.398404 25.241435
36 -42.715658 106.236044 25.572056
37 -42.729894 105.917166 25.572056
38 -42.855114 105.650645 25.572056
39 -43.148319 105.476750 25.572056
40 -43.110251 105.489002 25.572056
41 -43.110251 105.489002 25.572056
42 -43.225578 105.612743 25.684432
43 -43.190407 105.819738 25.684432
44 -42.847664 105.963029 25.684432
45 -42.312871 105.965802 25.684432
46 -41.603152 105.952277 25.684432
47 -40.894146 106.016397 25.684432
48 -40.319766 106.126702 25.949375
49 -39.686936 106.274699 27.148666
50 -39.059637 106.444938 27.148666
51 -38.430115 106.606776 28.008035
52 -37.800154 106.766713 28.876462
53 -37.175615 106.946800 28.876462
54 -36.620043 107.129917 29.966816
55 -35.948781 107.376061 29.966816
56 -35.282146 107.634500 29.848451
57 -34.736790 107.846075 29.944783
58 -34.122280 108.049929 29.944783
59 -33.510130 108.268284 30.042138
60 -32.902699 108.499628 33.344416
61 -32.297233 108.736044 33.344416
62 -31.685004 108.954354 31.063967
63 -31.133185 109.148442 31.531731
64 -31.037802 109.204315 31.531731
65 -30.944579 109.488751 31.531731
66 -31.049368 110.027205 31.531731
67 -31.195039 110.422309 31.531731
68 -31.243601 110.682791 31.531731
69 -31.228139 111.067232 31.531731
70 -31.198860 111.310118 31.531731
71 -31.062647 111.701957 31.531731
72 -30.931234 112.121745 31.531731
73 -30.820245 112.351321 31.531731
74 -30.616463 112.866723 31.531731
75 -30.605453 112.920609 31.531731
76 -30.650580 113.008461 31.531731
77 -30.758267 113.067416 31.531731
78 -30.850165 113.070891 31.531731
79 -30.939041 113.016417 31.531731
80 -31.033896 112.671718 31.531731
81 -31.044775 112.247300 31.531731
82 -30.995323 112.002300 31.531731
83 -30.975823 111.548245 31.531731
84 -31.030095 111.351002 31.531731
85 -31.198967 110.854013 31.531731
86 -31.251015 110.660913 31.531731
87 -31.351353 110.237966 32.126781
88 -31.400325 109.770823 32.126781
89 -31.403324 109.425857 32.126781
90 -31.401171 108.995863 32.126781
91 -31.380104 108.461294 32.126781
92 -31.380684 108.061326 32.920056
93 -31.370831 107.613976 32.920056
94 -31.341132 107.355703 32.920056
95 -31.322520 106.896136 33.229054
96 -31.328010 106.428798 34.296502
97 -31.319231 106.279056 34.296502
98 -31.358386 105.761415 34.296502
99 -31.400939 105.308543 34.296502
100 -31.382528 104.773936 35.267691
101 -31.331460 104.377473 35.267691
102 -31.226275 103.853010 36.138208
103 -31.154714 103.704561 36.138208
104 -30.961849 103.314752 36.138208
105 -30.816717 102.918202 37.119403
106 -30.756874 102.675543 37.119403
107 -30.612518 101.991937 37.925850
108 -30.586307 101.743324 37.925850
109 -30.608233 101.306684 37.925850
110 -30.603278 101.061767 38.756807
111 -30.590066 100.621965 38.756807
112 -30.577605 100.207153 38.756807
113 -30.589378 99.959934 39.817711
114 -30.600230 99.505078 39.817711
115 -30.587007 99.310528 39.817711
116 -30.554390 98.841665 40.726528
117 -30.530076 98.287229 40.726528
119 -30.548406 97.460171 41.802513
119 -30.550330 97.400201 41.802513
120 -30.564041 97.223268 41.802513
121 -30.633403 96.819248 42.662045
122 -30.713769 96.250035 42.662045
123 -30.728306 95.725329 43.554679
124 -30.707383 95.541529 43.554679
125 -30.678668 95.092633 44.766618
126 -30.668664 94.619006 44.766618
127 -30.674345 94.384075 44.766618
128 -30.686291 93.879216 45.272620
130 -30.697023 93.144556 46.231267
131 -30.696676 92.649860 46.231267
132 -30.763272 92.134195 46.231267
133 -30.830043 91.765253 47.221712
134 -30.839404 91.585498 47.221712
135 -30.848230 91.070664 47.221712
136 -30.814793 90.687355 48.314906
137 -30.784173 90.323710 48.314906
138 -30.774515 89.933881 49.253732
139 -30.780605 89.628942 49.253732
140 -30.790393 89.104033 49.253732
142 -30.785731 88.144334 51.072988
143 -30.793949 87.931997 51.072988
144 -30.797352 87.781412 51.072988
145 -30.794563 87.701602 51.072988
146 -30.766067 87.622234 51.072988
147 -30.627923 87.510144 51.072988
148 -30.051221 87.449923 51.893450
149 -29.472092 87.481682 52.403150
150 -28.825424 87.466546 52.403150
151 -28.195377 87.348007 52.462654
152 -27.587407 87.132803 52.462654
155 -25.791991 86.575941 52.778501
156 -25.729778 86.557110 52.778501
157 -25.679572 86.597647 52.778501
158 -25.638220 86.688909 52.778501
159 -25.631432 86.758527 52.778501
160 -25.667495 86.872397 52.778501
161 -25.751672 86.979809 52.778501
162 -25.855368 87.043518 52.778501
163 -25.965468 87.062001 52.778501
164 -26.134885 87.032212 52.778501
165 -26.527618 86.916300 52.778501
168 -27.850455 87.746519 52.778501
169 -27.913393 87.952083 52.778501
170 -27.978351 88.368969 52.778501
171 -27.990591 88.871007 52.778501
172 -27.979993 89.180826 52.778501
173 -27.966711 89.590610 52.778501
174 -27.945901 90.015018 52.778501
175 -27.960110 90.284644 52.778501
176 -27.984356 90.728982 52.778501
177 -27.993879 91.171329 52.778501
178 -28.006516 91.398477 52.778501
181 -28.014057 92.812536 52.778501
182 -28.011761 92.827359 52.778501
183 -28.057696 92.876309 52.778501
184 -28.210463 92.931045 52.778501
185 -28.273777 92.919547 52.778501
186 -28.385425 92.822277 52.778501
187 -28.478949 92.419073 52.778501
188 -28.490725 91.965606 52.778501
189 -28.501503 91.731153 52.778501
190 -28.608741 91.248165 52.778501
191 -28.717322 90.852874 52.778501
194 -29.148728 89.858570 52.778501
195 -29.185558 89.636606 52.778501
196 -29.255410 89.141605 52.778501
197 -29.309990 88.629548 52.778501
198 -29.358706 88.177208 52.778501
199 -29.405109 87.717207 52.778501
200 -29.480066 87.489392 52.778501
201 -29.690820 86.997677 52.778501
202 -29.825906 86.605684 52.778501
203 -29.935507 86.208027 52.778501
204 -30.016494 85.966552 53.095104
207 -30.489932 84.419107 54.692688
208 -30.509672 84.362448 54.692688
209 -30.472102 84.295347 54.692688
210 -30.153347 84.182988 55.192845
211 -29.586375 84.385430 55.192845
212 -29.019495 84.702283 55.500001
213 -28.469998 85.044757 55.500001
214 -27.891936 85.452229 55.624906
215 -27.368535 85.812049 55.624906
216 -26.814391 85.984191 55.624906
217 -26.172403 86.043879 55.624906
220 -24.105612 86.089472 55.561229
221 -23.975612 86.089567 55.561229
222 -23.968099 86.096167 55.561229
223 -23.923028 86.161697 55.561229
224 -23.924521 86.201572 55.561229
225 -23.974756 86.285388 55.561229
226 -24.234291 86.391461 55.561229
227 -24.868789 86.382304 55.561229
228 -25.580512 86.314469 55.561229
229 -26.155542 86.222418 55.561229
230 -26.793332 86.097089 55.561229
234 -28.513133 84.845714 55.561229
235 -28.682341 84.648623 55.561229
236 -28.936111 84.386288 55.561229
237 -29.341970 83.911265 55.561229
238 -29.643210 83.490785 55.561229
239 -30.012626 82.955992 55.458184
240 -30.386761 82.449167 55.458184
241 -30.719832 81.999010 56.281881
242 -31.106148 81.488877 56.992018
243 -31.528621 80.924497 56.992018
244 -31.649756 80.791984 57.568135
247 -33.092050 79.328479 58.776612
248 -33.214646 79.236099 58.776612
249 -33.571274 79.213713 58.743256
250 -34.187594 79.279686 58.743256
251 -34.831130 79.350847 58.743256
252 -35.410509 79.374367 58.743256
253 -36.120148 79.354593 58.743256
254 -36.830130 79.354031 58.914261
255 -37.410128 79.353578 58.914261
256 -38.055119 79.350060 58.914261
257 -38.699353 79.321248 58.743256
262 -41.740456 79.251059 58.914261
263 -41.759147 79.243969 58.914261
264 -41.804746 79.175842 58.914261
265 -41.842442 78.884174 58.743256
266 -41.629079 78.359988 58.743256
267 -41.264603 77.827947 58.914261
268 -40.952570 77.405788 58.743256
269 -40.577733 76.877981 58.743256
270 -40.471332 76.726720 58.743256
271 -40.273712 76.425929 58.743256
272 -39.927090 75.843817 58.743256
277 -38.772879 73.752245 58.743256
278 -38.767834 73.743611 58.743256
279 -38.816674 73.656663 58.743256
280 -39.136103 73.613003 58.743256
281 -39.583162 73.973406 58.743256
282 -39.888312 74.387344 58.743256
283 -40.116538 74.778060 58.743256
284 -40.245787 75.032057 58.743256
285 -40.537308 75.509492 58.743256
286 -40.918242 75.996294 58.743256
287 -41.392107 76.333899 58.743256
293 -44.577316 75.512342 58.743256
294 -44.615957 75.442293 58.743256
295 -44.769190 75.393241 58.743256
296 -45.093421 75.578193 58.743256
297 -45.289434 76.095726 58.743256
298 -45.330269 76.332209 58.743256
299 -45.424809 76.772148 58.743256
300 -45.489000 77.029124 58.743256
301 -45.606610 77.406151 58.743256
302 -45.816222 77.962861 58.743256
303 -45.891785 78.103805 58.743256
309 -47.025490 80.155434 58.743256
310 -47.212027 80.463305 58.743256
311 -47.490859 80.997058 58.914261
312 -47.530254 81.120943 58.914261
313 -47.696579 81.565679 58.914261
314 -47.884495 81.912300 58.914261
315 -48.267648 82.430230 58.914261
316 -48.770547 82.807586 58.914261
317 -49.378682 83.026180 58.914261
318 -50.011752 83.161221 58.793283
319 -50.644337 83.299201 58.793283
325 -53.807252 84.095706 58.793283
326 -53.816517 84.091944 58.793283
327 -53.901744 84.003887 58.793283
328 -53.920686 83.901615 58.793283
329 -53.898257 83.822804 58.793283
330 -53.771287 83.734022 58.793283
331 -53.364861 83.716432 58.793283
332 -52.803419 83.748817 58.793283
333 -52.089918 83.710347 58.793283
334 -51.386151 83.585486 58.793283
335 -50.820724 83.446181 58.793283
341 -46.953430 82.351359 58.793283
342 -46.395329 82.176158 58.793283
343 -45.723498 81.946611 58.793283
344 -45.047469 81.721656 58.793283
345 -44.485657 81.558698 58.914261
346 -43.871595 81.345702 58.914261
347 -43.274838 81.095079 58.914261
348 -42.673686 80.863501 58.914261
349 -42.036292 80.775532 58.914261
350 -41.388861 80.779741 58.914261
351 -40.806416 80.787359 58.914261
357 -36.803298 80.540512 58.914261
358 -36.165152 80.418039 58.914261
359 -35.601309 80.263002 58.914261
360 -34.925495 80.077744 58.914261
361 -34.217426 80.010242 58.914261
362 -33.636381 80.067350 58.914261
363 -33.018217 80.265776 58.914261
364 -32.432601 80.546814 58.914261
365 -31.898346 80.886649 58.914261
366 -31.479564 81.342414 58.914261
367 -31.215718 81.845819 58.914261
373 -30.501555 84.353131 58.914261
374 -30.438712 84.604825 58.914261
375 -30.106254 85.033869 58.914261
376 -29.513756 85.274898 58.914261
377 -28.885546 85.441496 58.914261
378 -28.261057 85.621723 58.914261
379 -27.709017 85.799531 58.914261
380 -27.013033 85.949287 58.914261
381 -26.373042 86.047149 58.914261
382 -25.727811 86.099737 58.914261
383 -25.080692 86.120831 58.914261
390 -20.943068 86.007692 58.914261
391 -20.363217 86.007725 58.914261
392 -19.716101 86.029984 58.914261
393 -19.068849 86.045605 58.914261
394 -18.423855 86.043443 58.914261
395 -17.841361 86.044496 58.914261
396 -17.128866 86.041808 58.914261
397 -16.481490 86.032080 58.914261
398 -15.834656 86.003118 58.914261
399 -15.188342 85.964595 58.914261
400 -14.543611 85.883179 58.914261
406 -10.509931 84.923791 58.914261
407 -10.451290 84.911093 58.914261
408 -10.396496 84.968268 58.914261
409 -10.385258 85.248453 58.914261
410 -10.679066 85.496423 58.914261
411 -11.304599 85.598019 58.914261
412 -11.947083 85.596266 58.914261
413 -12.592863 85.636778 58.914261
414 -13.234709 85.738199 58.914261
415 -13.874649 85.851751 58.914261
416 -14.453207 85.918442 58.914261
422 -18.710829 86.060965 58.914261
423 -19.289898 86.124077 58.914261
424 -19.935164 86.177461 58.914261
425 -20.581250 86.220032 58.914261
426 -21.225774 86.244407 58.914261
427 -21.807945 86.263822 58.914261
428 -22.519676 86.296710 58.914261
429 -23.226651 86.361884 58.914261
430 -23.806170 86.420732 58.914261
431 -24.448241 86.482071 58.914261
432 -25.093071 86.540679 58.914261
439 -27.815378 88.125880 58.914261
440 -27.872357 88.506633 58.914261
441 -27.933566 89.012695 58.914261
442 -27.937820 89.235147 58.914261
443 -27.951583 89.699943 58.914261
444 -27.951237 90.071130 58.914261
445 -27.967692 90.320587 58.914261
446 -27.981662 90.820356 58.914261
447 -27.989470 91.310293 58.914261
448 -27.998652 91.805208 58.914261
449 -27.997726 92.065167 58.914261
455 -27.887209 94.495482 58.914261
456 -27.838729 94.957764 58.914261
457 -27.748270 95.485038 58.914261
458 -27.590347 96.015555 58.914261
459 -27.245866 96.451983 58.914261
460 -26.641026 96.830850 58.914261
461 -25.992976 97.132210 58.914261
462 -25.455026 97.362023 58.914261
463 -24.866046 97.636906 58.914261
464 -24.289076 97.936188 58.914261
465 -23.715515 98.241986 58.914261
472 -21.916552 99.109987 58.914261
473 -21.916552 99.109987 58.914261
474 -21.921013 99.101037 58.914261
475 -22.126793 99.013207 58.914261
476 -22.563163 98.992296 58.914261
477 -23.194945 99.084307 58.914261
478 -23.836878 99.167690 58.914261
479 -24.483272 99.203705 58.914261
480 -25.065720 99.209736 58.914261
481 -25.775672 99.207691 58.914261
482 -26.487653 99.234485 58.914261
488 -29.150053 101.328768 58.914261
489 -29.382897 101.663130 58.914261
490 -29.494352 101.852796 58.914261
491 -29.790329 102.351480 58.914261
492 -30.195972 102.921642 58.914261
493 -30.476680 103.279731 58.914261
494 -30.648063 103.447711 58.914261
495 -30.984123 103.824081 58.914261
496 -31.264661 104.204107 58.914261
497 -31.377825 104.443697 58.914261
498 -31.550784 104.770480 58.914261
505 -35.286318 105.081653 58.914261
506 -35.932984 105.114494 58.914261
507 -36.577562 105.137431 58.914261
508 -37.222482 105.141957 58.914261
509 -37.869874 105.130755 58.914261
510 -38.447348 105.125555 58.914261
511 -39.157225 105.133129 58.914261
512 -39.869321 105.157130 58.914261
513 -40.451200 105.184000 58.914261
514 -41.096573 105.232465 58.914261
515 -41.733222 105.361527 58.914261
522 -45.190628 104.176675 58.914261
523 -45.506358 103.688127 58.914261
524 -45.937954 103.202383 58.914261
525 -46.375504 102.728508 58.914261
526 -46.652514 102.403423 58.914261
527 -46.827815 102.147754 58.914261
528 -47.150011 101.671534 58.914261
529 -47.438843 101.269792 58.914261
530 -47.852340 100.714419 58.914261
531 -48.141521 100.279261 58.914261
532 -48.452064 99.789437 58.914261
538 -49.102357 98.649965 58.914261
545 -49.102357 98.649965 58.914261
546 -49.102357 98.649965 58.914261
547 -49.102357 98.649965 58.914261
548 -49.102357 98.649965 58.914261
549 -49.122200 98.652263 58.914261
550 -49.177324 98.742899 58.914261
551 -49.087489 99.076264 58.914261
552 -48.762959 99.583029 58.914261
553 -48.300640 100.039796 58.914261
554 -47.875786 100.441931 58.914261
555 -47.373027 100.946770 58.914261
562 -45.069474 103.910057 58.914261
563 -44.966168 104.069423 58.914261
564 -44.704492 104.459656 58.914261
565 -44.361812 104.921282 58.914261
566 -44.287820 105.009314 58.914261
567 -44.179952 105.061889 58.914261
568 -44.072145 105.122136 58.914261
569 -43.978737 105.238613 58.914261
570 -43.875601 105.477254 58.914261
571 -43.779471 105.657572 58.914261
572 -43.440907 105.834917 58.914261
579 -39.225391 105.592012 58.914261
580 -38.579385 105.550574 58.914261
581 -37.869184 105.493847 58.914261
582 -37.354912 105.467481 58.914261
583 -36.645051 105.454176 58.914261
584 -35.937560 105.451059 58.914261
585 -35.357718 105.442124 58.914261
586 -34.712620 105.386947 58.914261
587 -34.068090 105.303229 58.914261
588 -33.427946 105.190561 58.914261
589 -32.853373 105.111736 58.914261
595 -31.143083 102.811044 58.914261
596 -31.017198 102.606764 58.914261
597 -30.807020 102.166185 58.914261
598 -30.733561 101.683070 58.914261
599 -30.733729 101.358613 58.914261
600 -30.772128 101.091378 58.914261
601 -30.808928 100.527750 58.914261
602 -30.809244 99.992896 58.914261
603 -30.796335 99.633176 58.914261
604 -30.795655 99.358177 58.914261
605 -30.794382 98.843179 58.914261
612 -30.720085 96.018248 58.914261
613 -30.771686 95.461202 58.914261
614 -30.822912 95.059698 58.914261
615 -30.833738 94.635092 58.914261
616 -30.804285 94.366709 58.914261
617 -30.727126 93.872757 58.914261
618 -30.627984 93.372586 58.914261
619 -30.520114 92.961870 58.914261
620 -30.423267 92.770409 58.914261
621 -30.135469 92.302406 58.914261
622 -30.019403 91.980833 58.914261
629 -29.725250 89.112694 58.914261
630 -29.722700 88.717939 58.914261
631 -29.777838 88.523279 58.914261
632 -29.870618 88.057809 58.914261
633 -29.892625 87.796302 58.914261
634 -29.929158 87.387936 58.914261
635 -29.988252 86.936940 58.914261
636 -30.022454 86.719643 58.914261
637 -30.128116 86.205791 58.914261
638 -30.198413 86.023963 58.914261
639 -30.343105 85.651092 58.914261
646 -30.898278 82.992984 58.914261
647 -31.042142 82.609057 58.914261
648 -31.267574 82.055725 58.914261
649 -31.369965 81.884570 58.914261
650 -31.596967 81.561364 58.914261
651 -32.078882 81.073101 58.914261
652 -32.663248 80.797176 58.914261
653 -33.200878 80.573327 58.914261
654 -33.776059 80.276299 58.914261
655 -34.382404 80.067181 58.914261
656 -35.020327 79.976709 58.914261
662 -39.406606 79.905138 58.914261
663 -39.471555 79.902566 58.914261
664 -39.481832 79.919695 58.914261
665 -39.450626 79.987635 58.914261
666 -39.167829 80.092528 58.914261
667 -38.513412 80.132885 58.914261
668 -37.869398 80.066560 58.914261
669 -37.227619 80.002531 58.914261
670 -36.581228 79.966249 58.914261
671 -35.933762 79.968231 58.914261
672 -35.353970 79.953536 58.914261
679 -31.485849 81.467252 58.914261
680 -31.373670 81.736542 58.914261
681 -31.343197 82.044748 58.914261
682 -31.354970 82.564516 58.914261
683 -31.372722 82.848780 58.914261
684 -31.427554 83.204527 58.914261
685 -31.458717 83.643193 58.914261
686 -31.458791 83.873193 58.914261
687 -31.458954 84.373193 58.914261
688 -31.457677 84.753165 58.914261
689 -31.450205 85.038059 58.914261
696 -31.521035 87.986112 58.914261
697 -31.520905 88.021050 58.914261
698 -31.520905 88.021050 58.914261
699 -31.520905 88.021050 58.914261
700 -31.520905 88.021050 58.914261
701 -31.520905 88.021050 58.914261
702 -31.559892 87.943338 58.914261
703 -31.576301 87.707185 58.914261
704 -31.563745 87.302388 58.914261
705 -31.561542 87.072413 58.914261
706 -31.550301 86.582542 58.914261
713 -31.472101 83.995582 58.914261
714 -31.481863 83.740787 58.914261
715 -31.475757 83.245870 58.914261
716 -31.461053 82.766095 58.914261
717 -31.491094 82.483367 58.914261
718 -31.531216 82.080556 58.914261
719 -31.642081 81.463475 58.914261
720 -32.094114 80.936035 58.914261
721 -32.621014 80.684670 58.914261
722 -33.225765 80.460540 58.914261
723 -33.816008 80.207124 58.914261
730 -38.253937 79.942809 58.914261
731 -38.901417 79.937662 58.914261
732 -39.543711 79.923393 58.914261
733 -40.192602 79.885509 58.793283
734 -40.903915 79.844592 58.793283
735 -41.486095 79.825570 58.793283
736 -42.133492 79.814252 58.793283
737 -42.780962 79.808220 58.793283
738 -43.425919 79.800717 58.793283
739 -44.070732 79.786240 58.793283
740 -44.717896 79.765452 58.793283
747 -49.304135 79.662377 58.793283
748 -49.883454 79.682817 58.793283
749 -50.590231 79.749028 58.793283
750 -51.302462 79.751949 58.793283
751 -51.881576 79.721371 58.793283
752 -52.515860 79.586276 58.793283
753 -53.122878 79.354686 58.793283
754 -53.712557 79.081461 58.793283
755 -54.274895 78.756336 58.793283
756 -54.804186 78.387752 58.793283
757 -55.178436 78.066938 58.793283
764 -55.413213 77.686138 58.793283
765 -55.317845 77.598787 58.793283
766 -54.916890 77.474359 58.793283
767 -54.306067 77.637864 58.793283
768 -53.809293 78.053255 58.793283
769 -53.405220 78.476231 58.793283
770 -52.841778 79.011946 58.793283
771 -52.373792 79.360267 58.793283
772 -51.770246 79.581033 58.793283
773 -51.128877 79.638061 58.793283
774 -50.482861 79.598776 58.793283
781 -45.810839 78.909375 58.793283
782 -45.233267 78.860203 58.793283
783 -44.588333 78.863150 58.793283
784 -43.940979 78.851126 58.793283
785 -43.295741 78.797822 58.793283
786 -42.654541 78.708685 58.793283
787 -42.015857 78.587989 58.793283
788 -41.443774 78.478355 58.793283
789 -40.742570 78.352017 58.793283
790 -40.038771 78.226400 58.793283
791 -39.462008 78.128613 58.793283
799 -34.796480 77.358236 58.793283
800 -34.218814 77.283864 58.793283
801 -33.645720 77.166788 58.793283
802 -32.956246 76.978368 58.793283
803 -32.289714 76.720638 58.793283
804 -31.784731 76.427542 58.793283
805 -31.312797 75.982210 58.793283
806 -30.923402 75.468455 62.142177
807 -30.555758 74.950757 62.142177
808 -30.207306 74.422907 62.768226
809 -29.907094 73.956142 63.690895
816 -28.278705 71.214152 66.503309
817 -28.278705 71.214152 66.503309
818 -28.269218 71.217313 67.425887
819 -28.166519 71.343466 67.425887
820 -28.160669 71.731039 68.056228
821 -28.213793 72.158798 68.104113
822 -28.300580 72.403744 68.104113
823 -28.402617 72.841062 68.104113
824 -28.423967 73.095148 68.104113
825 -28.434709 73.539996 68.104113
826 -28.429867 73.714928 68.104113
834 -28.468669 76.824459 68.104113
835 -28.468669 76.824459 68.104113
836 -28.468669 76.824459 68.104113
837 -28.428136 76.800276 68.104113
838 -28.333593 76.508666 68.104113
839 -28.349671 75.989748 68.056228
840 -28.379146 75.809944 68.056228
841 -28.437882 75.399455 68.056228
842 -28.440251 75.054878 68.056228
843 -28.415269 74.531880 68.056228
844 -28.372009 74.001571 68.056228
852 -27.859233 71.054644 68.056228
853 -27.859233 71.054644 68.056228
854 -27.859233 71.054644 68.056228
855 -27.859233 71.054644 68.056228
856 -27.851588 71.061090 68.298244
857 -27.766018 71.243471 68.298244
858 -27.784517 71.639339 68.298244
859 -27.840546 71.948645 68.298244
860 -27.964655 72.370352 68.298244
861 -28.026167 72.841017 68.298244
862 -28.023953 73.026003 68.298244
870 -27.667147 75.848975 68.298244
871 -27.482009 76.289493 68.298244
872 -26.990777 76.679243 68.298244
873 -26.359771 76.776917 68.298244
874 -25.724920 76.685844 68.152551
875 -25.088371 76.567457 68.152551
876 -24.509749 76.502431 68.152551
877 -23.797656 76.482358 68.152551
878 -23.087697 76.489398 68.152551
879 -22.510251 76.497308 68.152551
880 -21.865311 76.506142 68.152551
888 -16.547920 77.300291 68.152551
889 -15.965526 77.309660 68.152551
890 -15.255691 77.312100 68.152551
891 -14.674444 77.276858 68.152551
892 -14.030539 77.208849 68.152551
893 -13.453298 77.131989 68.152551
894 -12.751441 77.025064 68.152551
895 -12.180308 76.971472 68.152551
896 -11.950510 76.961899 68.152551
905 -11.785638 76.955413 68.152551
906 -11.785638 76.955413 68.152551
907 -11.804543 76.926103 68.152551
908 -12.085165 76.839501 68.152551
909 -12.653759 76.903695 68.152551
910 -13.295210 76.967686 68.152551
911 -14.007403 76.960684 68.152551
912 -14.589101 76.930150 68.152551
913 -15.235831 76.932104 68.152551
914 -15.873216 77.052352 68.152551
915 -16.488881 77.226326 68.152551
924 -22.619498 76.979237 68.152551
925 -23.262448 76.937076 68.152551
926 -23.905441 76.986367 68.152551
927 -24.484763 77.011778 68.152551
928 -25.198498 76.973237 68.152551
929 -25.903415 76.855858 68.152551
930 -26.473269 76.723877 68.152551
931 -27.064662 76.531895 68.152551
932 -27.480322 76.222264 68.152551
933 -27.725896 75.674036 68.152551
934 -27.756997 75.486953 68.152551
944 -27.780867 71.699008 68.152551
945 -27.765256 71.264307 68.152551
946 -27.715564 70.757234 68.152551
947 -27.667438 70.608610 68.152551
948 -27.540068 70.242824 68.152551
949 -27.169755 69.657242 68.152551
950 -26.573197 69.271282 68.540573
951 -26.022535 69.074338 68.540573
952 -25.412018 68.851441 69.511223
953 -24.808256 68.610839 69.511223
954 -24.210208 68.356462 69.511223
963 -23.224646 67.809672 69.511223
964 -23.224646 67.809672 69.511223
965 -23.185473 67.831332 69.511223
966 -23.095605 68.056386 69.511223
967 -23.309511 68.494112 69.511223
968 -23.797475 68.806559 69.511223
969 -24.470874 69.045796 69.463733
970 -25.147531 69.276604 69.463733
971 -25.699508 69.470347 69.463733
972 -26.312214 69.687332 69.463733
973 -26.920086 69.917117 69.463733
983 -27.847781 73.253639 69.463733
984 -27.831676 73.468029 69.463733
985 -27.855095 73.951739 69.463733
986 -27.924345 74.421653 69.463733
987 -27.972698 74.879098 69.463733
988 -28.005369 75.347785 69.463733
989 -28.012471 75.737709 69.463733
990 -28.053825 76.276042 69.463733
991 -28.050060 76.466001 69.463733
992 -28.048813 76.880997 69.511223
993 -28.049952 77.330995 69.511223
1003 -28.108706 80.850503 69.511223
1004 -28.116369 80.868965 69.511223
1005 -28.238369 80.970440 69.511223
1006 -28.700605 80.950327 69.511223
1007 -29.261826 80.804814 69.511223
1008 -29.879568 80.602690 69.511223
1009 -30.494436 80.392041 69.511223
1010 -31.116527 80.203646 69.511223
1011 -31.739745 80.019021 69.511223
1012 -32.359251 79.822331 69.511223
1013 -32.915152 79.640142 69.511223
1022 -39.097248 77.876098 69.511223
1023 -39.649698 77.684063 69.511223
1024 -40.272412 77.497910 69.511223
1025 -40.901301 77.333616 69.511223
1026 -41.526958 77.157437 69.511223
1027 -42.149932 76.980993 69.511223
1028 -42.774964 76.802610 69.511223
1029 -43.331662 76.623293 69.511223
1030 -43.951810 76.273666 69.511223
1031 -44.399501 75.804656 69.511223
1032 -44.628465 75.467702 69.511223
1042 -46.660727 71.938335 69.511223
1043 -46.660727 71.938335 69.511223
1044 -46.645413 71.918607 69.511223
1045 -46.341423 71.844427 69.511223
1046 -45.950655 72.133616 69.511223
1047 -45.822530 72.459464 69.511223
1048 -45.776724 72.725370 69.511223
1049 -45.662390 73.119024 69.511223
1050 -45.580240 73.320411 69.511223
1051 -45.410549 73.774736 69.511223
1052 -45.164740 74.282837 69.511223
1062 -40.078874 77.518364 69.511223
1063 -40.078874 77.518364 69.511223
1064 -40.020906 77.438502 69.511223
1065 -40.054291 77.206583 69.511223
1066 -40.405479 77.015400 69.511223
1067 -41.097986 76.917833 69.511223
1068 -41.809954 76.891240 69.511223
1069 -42.391983 76.833399 69.463733
1070 -43.024886 76.698866 69.463733
1071 -43.632732 76.471482 69.463733
1072 -44.166246 76.104114 69.463733
1082 -46.359360 72.571902 69.463733
1083 -46.389766 72.514452 69.463733
1084 -46.383105 72.506994 69.463733
1085 -46.181387 72.449248 69.463733
1086 -45.796540 72.616410 69.463733
1087 -45.475152 73.191740 69.463733
1088 -45.426658 73.375436 69.463733
1089 -45.276994 73.762213 69.463733
1090 -45.030139 74.300833 69.463733
1091 -44.920948 74.498441 69.463733
1092 -44.711383 74.821391 69.463733
1101 -39.469820 77.739825 69.463733
1102 -38.858938 77.961866 69.463733
1103 -38.245530 78.176854 69.463733
1104 -37.630932 78.388380 69.463733
1105 -36.958628 78.631720 69.463733
1106 -36.410835 78.836915 69.463733
1107 -35.803033 79.067264 69.463733
1108 -35.200674 79.311388 69.463733
1109 -34.598008 79.554862 69.463733
1110 -34.053915 79.769666 69.463733
1111 -33.401756 80.062556 69.463733
1121 -31.397305 83.704905 69.463733
1122 -31.406859 84.162306 69.463733
1123 -31.412379 84.522189 69.463733
1124 -31.401033 84.801940 69.463733
1125 -31.409376 85.311808 69.463733
1126 -31.410604 85.519282 69.463733
1127 -31.416244 85.961715 69.463733
1128 -31.430060 86.371482 69.463733
1129 -31.452583 86.587751 69.463733
1130 -31.466596 87.052488 69.463733
1131 -31.473271 87.572442 69.463733
1141 -31.490236 91.523175 69.463733
1142 -31.492266 91.553106 69.463733
1143 -31.492266 91.553106 69.463733
1144 -31.492266 91.553106 69.463733
1145 -31.512266 91.553241 69.463733
1146 -31.549401 91.527977 69.463733
1147 -31.669516 91.318761 69.463733
1148 -31.688214 90.860963 69.463733
1149 -31.648237 90.297389 69.463733
1150 -31.597625 89.893049 69.463733
1151 -31.573241 89.699588 69.463733
1160 -31.312389 85.715173 69.611279
1161 -31.312389 85.715173 69.611279
1162 -31.312389 85.715173 69.611279
1163 -31.396620 85.772894 69.611279
1164 -31.492805 86.060668 69.611279
1165 -31.498028 86.553216 69.611279
1166 -31.461085 86.820200 69.611279
1167 -31.388472 87.080232 69.611279
1168 -31.321387 87.549237 69.611279
1169 -31.336507 87.858830 69.611279
1170 -31.355797 88.323404 69.611279
1180 -31.401074 91.827010 69.611279
1181 -31.389665 92.171769 69.611279
1182 -31.399269 92.486227 69.611279
1183 -31.449413 92.731022 69.611279
1184 -31.479362 93.194801 69.611279
1185 -31.478469 93.584745 69.611279
1186 -31.406110 94.145014 69.611279
1187 -31.383491 94.608766 69.611279
1188 -31.389583 95.013644 69.611279
1189 -31.400192 95.348153 69.611279
1190 -31.468348 95.619668 69.611279
1200 -31.477342 99.839960 69.611279
1201 -31.483260 100.249569 69.611279
1202 -31.364080 100.728363 69.611279
1203 -31.236659 100.925783 69.611279
1204 -30.998862 101.289930 69.611279
1205 -30.827855 101.656037 69.611279
1206 -30.822882 101.890203 69.611279
1207 -30.878785 102.324093 69.611279
1208 -30.927908 102.709720 69.611279
1209 -30.989872 103.043942 69.611279
1210 -31.058533 103.371770 69.611279
1220 -34.680356 107.720393 69.611279
1221 -35.133077 108.170920 69.611279
1222 -35.446645 108.576178 69.611279
1223 -35.804997 109.106423 69.611279
1224 -36.177903 109.601663 69.611279
1225 -36.561699 110.067583 69.611279
1226 -36.843972 110.524733 69.611279
1227 -36.957402 110.897213 69.611279
1228 -37.004078 111.236312 69.611279
1229 -37.007757 111.488785 69.611279
1230 -37.014823 111.973733 69.611279
1240 -37.019614 115.714598 69.611279
1241 -37.035698 115.903301 69.611279
1242 -37.157905 116.219856 69.611279
1243 -37.528681 116.686859 69.611279
1244 -38.082370 117.023687 69.611279
1245 -38.679856 117.279505 69.611279
1246 -39.201038 117.544610 69.611279
1247 -39.746000 117.898680 69.611279
1248 -40.323174 118.320612 69.611279
1249 -40.884882 118.762970 69.611279
1250 -41.339964 119.130559 69.611279
1261 -46.473199 123.567953 69.611279
1262 -46.473199 123.567953 69.611279
1263 -46.455858 123.606452 69.611279
1264 -46.174228 123.701350 69.611279
1265 -45.658006 123.466468 69.611279
1266 -45.209713 123.095205 69.611279
1267 -44.801545 122.592647 69.611279
1268 -44.401917 122.089558 69.611279
1269 -44.004508 121.644331 69.611279
1270 -43.451307 121.349008 69.611279
1271 -42.805117 121.309431 69.611279
1281 -37.377676 123.376411 69.611279
1282 -37.377676 123.376411 69.611279
1283 -37.377676 123.376411 69.611279
1284 -37.377676 123.376411 69.611279
1285 -37.377676 123.376411 69.611279
1286 -37.377676 123.376411 69.611279
1287 -37.412840 123.286229 69.611279
1288 -37.410587 123.194065 69.611279
1289 -37.403751 123.134456 69.611279
1290 -37.375244 123.094124 69.611279
1291 -37.154533 123.009150 69.611279
1302 -30.563329 123.349350 69.611279
1303 -30.519508 123.418901 69.611279
1304 -30.484910 123.789584 69.611279
1305 -30.584324 124.225727 69.611279
1306 -30.684717 124.740615 69.611279
1307 -30.713022 125.151852 69.611279
1308 -30.713694 125.596161 69.611279
1309 -30.699853 125.999627 69.611279
1310 -30.681105 126.278999 69.611279
1311 -30.660365 126.683453 69.611279
1312 -30.661660 126.923449 69.611279
1318 -30.355542 129.345987 69.611279
1319 -30.257978 129.621538 69.611279
1320 -30.204662 130.151093 69.611279
1321 -30.251763 130.303697 69.611279
1322 -30.385828 130.664304 69.611279
1323 -30.483277 131.280487 69.611279
1324 -30.485699 131.770393 69.611279
1325 -30.498248 131.974831 69.611279
1326 -30.522400 132.358919 69.611279
1327 -30.520891 132.818807 69.611279
1328 -30.525597 133.058761 69.611279
1338 -30.419558 137.026282 69.611279
1339 -30.419558 137.026282 69.611279
1340 -30.419558 137.026282 69.611279
1341 -30.544187 136.985008 69.611279
1342 -30.682900 136.692101 69.611279
1343 -30.583222 136.139871 69.611279
1344 -30.533381 135.968216 69.611279
1345 -30.533381 135.968216 69.611279
1346 -30.533381 135.968216 69.611279
1347 -30.533381 135.968216 69.611279
1348 -30.533381 135.968216 69.611279
1359 -31.060875 134.258976 69.611279
1360 -31.642621 134.231779 69.611279
1361 -32.289845 134.247793 69.611279
1362 -32.871862 134.270823 69.611279
1363 -33.585159 134.227265 69.611279
1364 -34.289607 134.139044 69.611279
1365 -34.869719 134.063606 69.611279
1366 -35.513872 133.976650 69.611279
1367 -36.156085 133.894157 69.611279
1368 -36.798253 133.795499 69.611279
1369 -37.426770 133.630372 69.611279
1380 -44.083155 134.408676 69.611279
1381 -44.083155 134.408676 69.611279
1382 -44.083155 134.408676 69.611279
1383 -44.136368 134.306070 69.611279
1384 -44.149470 134.245047 69.611279
1385 -44.110225 134.181521 69.611279
1386 -43.788504 134.039630 69.611279
1387 -43.187298 134.062013 69.611279
1388 -42.608286 134.090902 69.611279
1389 -41.898340 134.039469 69.611279
1390 -41.200698 133.884664 69.611279
1401 -34.018451 133.231728 69.611279
1402 -33.458612 133.187531 69.611279
1403 -33.036518 132.887515 69.611279
1404 -32.872962 132.502353 69.611279
1405 -32.806377 132.209847 69.611279
1406 -32.665304 131.678316 69.611279
1407 -32.465800 131.183649 69.611279
1408 -32.113298 130.723867 69.611279
1409 -31.727315 130.231333 69.611279
1410 -31.557762 129.934353 69.611279
1411 -31.463157 129.689759 69.611279
1423 -31.400567 125.026406 69.611279
1424 -31.403328 124.571817 69.611279
1425 -31.450019 124.219923 69.611279
1426 -31.491011 123.988546 69.611279
1427 -31.522340 123.605048 69.611279
1428 -31.520995 123.175239 69.611279
1429 -31.492943 122.826367 69.611279
1430 -31.475113 122.361739 69.611279
1431 -31.458633 121.826993 69.611279
1432 -31.450118 121.487133 69.611279
1433 -31.450298 121.172134 69.611279
1445 -31.311253 116.523840 69.611279
1446 -31.312302 116.213960 69.611279
1447 -31.341267 115.857678 69.611279
1448 -31.369354 115.584146 69.611279
1449 -31.388121 115.069554 69.611279
1450 -31.377162 114.647471 69.611279
1451 -31.341613 114.186561 69.611279
1452 -31.339715 113.996572 69.611279
1453 -31.317901 113.494557 69.611279
1454 -31.306247 113.152495 69.611279
1455 -31.321135 112.892958 69.611279
1467 -31.133858 107.433232 69.611279
1468 -31.151989 107.090019 69.611279
1469 -31.218656 106.777044 69.611279
1470 -31.274654 106.401442 69.611279
1471 -31.291984 106.111970 69.611279
1472 -31.303288 105.567123 69.611279
1473 -31.298827 105.082160 69.611279
1474 -31.284665 104.747650 69.611279
1475 -31.235571 104.461955 69.611279
1476 -31.215654 104.005216 69.611279
1477 -31.223412 103.575299 69.611279
1489 -30.990362 98.644980 69.611279
1490 -31.006593 98.191559 69.611279
1491 -31.068126 97.826790 69.611279
1492 -31.129348 97.584611 69.611279
1493 -31.173479 97.086965 69.611279
1494 -31.168752 96.820071 69.611279
1495 -31.131563 96.462114 69.611279
1496 -31.121287 96.017330 69.611279
1497 -31.126612 95.629909 69.611279
1498 -31.121507 95.140006 69.611279
1499 -31.127451 94.830064 69.611279
1511 -31.076700 90.330919 69.611279
1512 -31.098709 89.962058 69.611279
1513 -31.195222 89.589494 69.611279
1514 -31.238376 89.127189 69.611279
1515 -31.228612 88.597319 69.611279
1516 -31.209395 88.057661 69.611279
1517 -31.201075 87.747813 69.611279
1518 -31.200103 87.412815 69.611279
1519 -31.198847 87.052817 69.611279
1520 -31.198044 86.822818 69.611279
1521 -31.196247 86.307822 69.611279
1533 -31.648144 81.436464 69.611279
1534 -32.064328 81.031383 69.611279
1535 -32.641513 80.739334 69.611279
1536 -33.219235 80.470400 69.611279
1537 -33.777484 80.137586 69.611279
1538 -34.355786 79.841396 69.611279
1539 -34.896878 79.619594 69.611279
1540 -35.575794 79.395380 69.611279
1541 -36.254837 79.171521 69.611279
1542 -36.812179 78.993804 69.611279
1543 -37.436377 78.812553 69.611279
1555 -44.456148 75.599867 69.611279
1556 -44.647616 75.295091 69.611279
1557 -44.827650 75.042743 69.611279
1558 -45.153419 74.575147 69.611279
1559 -45.435970 74.074599 69.611279
1560 -45.598640 73.764784 69.611279
1561 -45.782060 73.466754 69.611279
1562 -46.066612 73.049639 69.611279
1563 -46.210545 72.778407 69.611279
1564 -46.336928 72.490028 69.611279
1565 -46.590767 71.999323 69.611279
1577 -49.077137 67.413164 69.611279
1578 -49.211220 67.273766 69.611279
1579 -49.482500 67.239673 69.611279
1580 -50.100936 67.309244 69.611279
1581 -50.809271 67.385148 69.611279
1582 -51.393260 67.370347 69.611279
1583 -52.034150 67.262712 69.611279
1584 -52.665171 67.119301 69.611279
1585 -53.228347 66.961013 69.611279
1586 -53.782425 66.807321 69.611279
1587 -54.033001 66.737960 69.611279
1600 -54.138619 66.707224 69.611279
1601 -54.138619 66.707224 69.611279
1602 -54.138619 66.707224 69.611279
1603 -54.138619 66.707224 69.611279
1604 -54.138619 66.707224 69.611279
1605 -54.215328 66.797900 69.611279
1606 -54.139415 67.002952 69.611279
1607 -53.682361 67.135272 69.611279
1608 -53.111931 67.152141 69.611279
1609 -52.465075 67.124377 69.611279
1610 -51.818188 67.147880 69.611279
1622 -46.938810 70.558170 69.611279
1623 -46.841877 70.750062 69.611279
1624 -46.594763 71.207581 69.611279
1625 -46.428880 71.568678 69.611279
1626 -46.343800 71.830151 69.611279
1627 -46.127139 72.318906 69.611279
1628 -45.850309 72.828566 69.611279
1629 -45.723248 73.038040 69.611279
1630 -45.488044 73.403941 69.611279
1631 -45.224625 73.834760 69.611279
1632 -45.119867 73.978025 69.611279
1644 -39.187819 77.923061 69.611279
1645 -38.568403 78.120079 69.611279
1646 -38.010886 78.297240 69.611279
1647 -37.396455 78.509075 69.611279
1648 -36.788619 78.739331 69.611279
1649 -36.180395 78.968527 69.611279
1650 -35.632137 79.172527 69.611279
1651 -34.959839 79.415855 69.611279
1652 -34.284364 79.650147 69.611279
1653 -33.741377 79.867659 69.611279
1654 -33.155090 80.147946 69.611279
1667 -31.458756 85.026242 69.611279
1668 -31.470242 85.571068 69.611279
1669 -31.489335 85.767462 69.611279
1670 -31.514539 86.191593 69.611279
1671 -31.511983 86.511505 69.611279
1672 -31.504980 86.843931 69.611279
1673 -31.500508 87.383908 69.611279
1674 -31.489620 87.876240 69.611279
1675 -31.479133 88.090800 69.611279
1676 -31.414964 88.475442 69.611279
1677 -31.373924 88.893141 69.611279
1689 -31.455863 93.639307 69.611279
1690 -31.437539 94.018616 69.611279
1691 -31.404246 94.572554 69.611279
1692 -31.417744 94.721612 69.611279
1693 -31.459789 95.158128 69.611279
1694 -31.481595 95.687678 69.611279
1695 -31.502143 96.197264 69.611279
1696 -31.488013 96.603228 69.611279
1697 -31.472727 96.780052 69.611279
1698 -31.465707 97.174879 69.611279
1699 -31.482717 97.784636 69.611279
1711 -30.973263 103.062147 69.611279
1712 -31.057047 103.590460 69.611279
1713 -31.174451 104.013460 69.611279
1714 -31.310617 104.303041 69.611279
1715 -31.529574 104.689624 69.611279
1716 -32.015398 105.067809 69.611279
1717 -32.653525 105.174457 69.611279
1718 -33.302261 105.140696 69.611279
1719 -33.946101 105.073661 69.611279
1720 -34.571705 104.901516 69.611279
1721 -35.103866 104.665610 69.611279
1734 -39.618944 103.168937 69.611279
1735 -39.612760 103.149941 69.611279
1736 -39.457664 103.045493 69.611279
1737 -39.083925 103.038694 69.611279
1738 -38.407017 103.121784 69.611279
1739 -37.702495 103.243709 69.611279
1740 -37.126697 103.331405 69.611279
1741 -36.480928 103.405276 69.611279
1742 -35.849238 103.553885 69.611279
1743 -35.249137 103.802558 69.611279
1744 -34.710721 104.162814 69.611279
1756 -30.922229 103.259458 69.611279
1757 -30.834251 102.872135 69.611279
1758 -30.673360 102.350202 69.611279
1759 -30.606769 102.232945 69.611279
1760 -30.373674 101.842303 69.611279
1761 -30.206786 101.408986 69.611279
1762 -30.177257 101.221295 69.611279
1763 -30.082527 100.761138 69.611279
1764 -29.927319 100.202348 69.611279
1765 -29.778194 99.800417 69.611279
1766 -29.752853 99.655161 69.611279
1778 -28.463204 95.202016 69.611279
1779 -28.423851 94.709110 69.611279
1780 -28.442991 94.279725 69.611279
1781 -28.452143 93.960082 69.611279
1782 -28.431670 93.568142 69.611279
1783 -28.401237 93.086603 69.611279
1784 -28.386884 92.716977 69.611279
1785 -28.385099 92.411995 69.611279
1786 -28.366654 91.882318 69.611279
1787 -28.360464 91.585031 69.611279
1788 -28.373348 91.255289 69.611279
1801 -26.145016 86.267972 69.611279
1802 -25.570750 86.170605 69.611279
1803 -24.994505 86.085658 69.611279
1804 -24.292834 85.950521 69.611279
1805 -23.597765 85.782944 69.611279
1806 -23.041674 85.603655 69.611279
1807 -22.476115 85.285826 69.611279
1808 -21.985128 84.864280 69.611279
1809 -21.509215 84.434531 69.611279
1810 -20.910831 84.056085 69.611279
1811 -20.305376 83.841750 69.611279
1823 -18.591851 83.550249 69.611279
1824 -18.591851 83.550249 69.611279
1825 -18.613312 83.496180 69.611279
1826 -18.919256 83.394063 69.611279
1827 -19.427931 83.511696 69.611279
1828 -20.047754 83.707379 69.611279
1829 -20.672456 83.877431 69.611279
1830 -21.294979 84.062706 69.611279
1831 -21.868887 84.365783 69.611279
1832 -22.365285 84.782659 69.611279
1833 -22.765993 85.205433 69.611279
1845 -27.848800 89.004897 69.611279
1846 -27.829058 89.213949 69.611279
1847 -27.852133 89.697407 69.611279
1848 -27.928222 90.176321 69.611279
1849 -27.994205 90.707005 69.611279
1850 -28.007720 90.986603 69.611279
1851 -28.008209 91.346603 69.611279
1852 -28.005580 91.806544 69.611279
1853 -28.000512 92.046487 69.611279
1854 -28.012068 92.536289 69.611279
1855 -28.030536 93.005888 69.611279
1868 -28.178874 97.788040 69.611279
1869 -28.178874 97.788040 69.611279
1870 -28.216365 97.834680 69.611279
1871 -28.251628 97.852316 69.611279
1872 -28.313288 97.849835 69.611279
1873 -28.437882 97.724201 69.611279
1874 -28.494195 97.232605 69.611279
1875 -28.468248 96.934329 69.611279
1876 -28.384174 96.646460 69.611279
1877 -28.311171 96.094551 69.611279
1878 -28.313724 95.649725 69.611279
1890 -28.225229 90.796338 69.611279
1891 -28.229972 90.556385 69.611279
1892 -28.238790 90.096470 69.611279
1893 -28.217339 89.862664 69.611279
1894 -28.180474 89.404331 69.611279
1895 -28.169735 88.939469 69.611279
1896 -28.183720 88.722419 69.611279
1897 -28.201118 88.227758 69.611279
1898 -28.191435 87.852883 69.611279
1899 -28.199127 87.675557 69.611279
1900 -28.194392 87.160710 69.611279
1912 -28.073038 82.191306 69.611279
1913 -28.071379 82.130079 69.611279
1914 -28.129970 82.078355 69.611279
1915 -28.249862 82.104139 69.611279
1916 -28.373048 82.369538 69.611279
1917 -28.432671 82.926056 69.611279
1918 -28.391346 83.239280 69.611279
1919 -28.308426 83.509211 69.611279
1920 -28.229790 84.065326 69.611279
1921 -28.227707 84.334983 69.611279
1922 -28.259474 84.663428 69.611279
1935 -28.346446 89.379091 69.611279
1936 -28.347533 89.969087 69.611279
1937 -28.362261 90.443821 69.611279
1938 -28.387123 90.968232 69.611279
1939 -28.392538 91.190642 69.611279
1940 -28.403645 91.605494 69.611279
1941 -28.417563 92.125307 69.611279
1942 -28.419760 92.615266 69.611279
1943 -28.439945 92.748728 69.611279
1944 -28.473139 93.217236 69.611279
1945 -28.469739 93.642187 69.611279
1957 -28.507016 98.304868 69.611279
1958 -28.537193 98.758793 69.611279
1959 -28.548915 99.218611 69.611279
1960 -28.547788 99.543606 69.611279
1961 -28.549914 100.003601 69.611279
1962 -28.554431 100.543546 69.611279
1963 -28.565316 100.883234 69.611279
1964 -28.554500 101.143002 69.611279
1965 -28.547127 101.642935 69.611279
1966 -28.561067 102.007669 69.611279
1967 -28.562147 102.475159 69.611279
1980 -28.661975 107.309149 69.611279
1981 -28.680186 107.462307 69.611279
1982 -28.809964 107.882483 69.611279
1983 -28.878010 108.377287 69.611279
1984 -28.888593 108.767054 69.611279
1985 -28.900710 109.106771 69.611279
1986 -28.920218 109.461232 69.611279
1987 -28.925743 109.826107 69.611279
1988 -28.918868 110.136030 69.611279
1989 -28.908878 110.635929 69.611279
1990 -28.928138 111.165409 69.611279
2002 -29.050132 116.067045 69.611279
2003 -29.047987 116.262027 69.611279
2004 -29.063883 116.716564 69.611279
2005 -29.130238 117.179219 69.611279
2006 -29.196798 117.372931 69.611279
2007 -29.290097 117.832476 69.611279
2008 -29.320281 118.316423 69.611279
2009 -29.318532 118.551416 69.611279
2010 -29.323043 119.036358 69.611279
2011 -29.337734 119.415905 69.611279
2012 -29.371911 119.668601 69.611279
2024 -30.072770 124.430414 69.611279
2025 -30.129654 124.856296 69.611279
2026 -30.166456 125.244414 69.611279
2027 -30.243828 125.544564 69.611279
2028 -30.320944 126.068575 69.611279
2029 -30.364162 126.586762 69.611279
2030 -30.434720 127.177518 69.611279
2031 -30.499298 127.464792 69.611279
2032 -30.620265 127.766434 69.611279
2033 -30.824097 128.271788 69.611279
2034 -30.915092 128.552233 69.611279
2047 -35.412982 133.308539 69.611279
2048 -35.895378 133.639471 69.611279
2049 -36.476194 134.056272 69.611279
2050 -37.014706 134.511544 69.611279
2051 -37.281887 134.911457 69.611279
2052 -37.323214 135.076016 69.611279
2053 -37.343863 135.525160 69.611279
2054 -37.310505 135.958339 69.611279
2055 -37.250127 136.225990 69.611279
2056 -37.146760 136.596753 69.611279
2057 -36.932772 137.091839 69.611279
2069 -35.336540 139.042095 69.611279
2070 -35.291316 138.953816 69.611279
2071 -35.383183 138.558947 69.611279
2072 -35.676967 138.078315 69.611279
2073 -36.087998 137.581260 69.611279
2074 -36.533756 137.111881 69.611279
2075 -36.868400 136.750822 69.611279
2076 -37.159555 136.274180 69.611279
2077 -37.239582 136.037335 69.611279
2078 -37.350555 135.606921 69.611279
2079 -37.380881 135.151379 69.611279
2091 -31.971218 130.565463 69.611279
2092 -31.678036 130.177683 69.611279
2093 -31.542375 129.899876 69.611279
2094 -31.453410 129.577256 69.611279
2095 -31.402332 129.115374 69.611279
2096 -31.397923 128.595632 69.611279
2097 -31.416837 128.221146 69.611279
2098 -31.431119 127.916512 69.611279
2099 -31.433530 127.416533 69.611279
2100 -31.417695 127.104766 69.611279
2101 -31.361101 126.840843 69.611279
2114 -31.318127 122.083541 69.611279
2115 -31.329041 121.686224 69.611279
2116 -31.319002 121.478973 69.611279
2117 -31.311993 120.989035 69.611279
2118 -31.309410 120.504042 69.611279
2119 -31.325089 120.049312 69.611279
2120 -31.325442 119.831848 69.611279
2121 -31.321929 119.441864 69.611279
2122 -31.315092 118.978167 69.611279
2123 -31.289853 118.779772 69.611279
2124 -31.260170 118.280815 69.611279
2136 -31.240510 113.521233 69.611279
2137 -31.219832 113.104395 69.611279
2138 -31.253209 112.575676 69.611279
2139 -31.302507 112.133444 69.611279
2140 -31.327937 111.641936 69.611279
2141 -31.303915 111.302846 69.611279
2142 -31.303046 111.082867 69.611279
2143 -31.284028 110.613268 69.611279
2144 -31.264815 110.158719 69.611279
2145 -31.258343 109.923813 69.611279
2146 -31.231928 109.419523 69.611279
2159 -31.129166 104.927104 69.611279
2160 -31.130722 104.427449 69.611279
2161 -31.167820 104.150506 69.611279
2162 -31.227357 103.795760 69.611279
2163 -31.253299 103.216763 69.611279
2164 -31.219492 103.030152 69.611279
2165 -31.068486 102.580092 69.611279
2166 -30.936899 102.021630 69.611279
2167 -30.931807 101.881723 69.611279
2168 -30.921778 101.456901 69.611279
2169 -30.938267 101.218095 69.611279
2181 -31.600611 96.545875 69.611279
2182 -31.723676 96.328531 69.611279
2183 -31.849710 96.079052 69.611279
2184 -31.884599 95.680453 69.611279
2185 -31.777512 95.181897 69.611279
2186 -31.706283 94.976512 69.611279
2187 -31.568769 94.614418 69.611279
2188 -31.463829 94.008361 69.611279
2189 -31.457532 93.828475 69.611279
2190 -31.454695 93.450988 69.611279
2191 -31.453759 92.880988 69.611279
2203 -31.132023 87.818723 69.611279
2204 -31.131427 87.756225 69.611279
2205 -31.131427 87.756225 69.611279
2206 -31.228441 87.785237 69.611279
2207 -31.333855 88.079913 69.611279
2208 -31.355871 88.507666 69.611279
2209 -31.290344 88.902218 69.611279
2210 -31.202828 89.168114 69.611279
2211 -31.120421 89.586786 69.611279
2212 -31.136887 89.811121 69.611279
2213 -31.178503 90.299340 69.611279
2226 -31.534256 94.890869 69.611279
2227 -31.549700 94.919465 69.611279
2228 -31.549700 94.919465 69.611279
2229 -31.549700 94.919465 69.611279
2230 -31.549700 94.919465 69.611279
2231 -31.567127 94.892053 69.611279
2232 -31.626593 94.641084 69.611279
2233 -31.593554 94.170022 69.611279
2234 -31.545006 93.910984 69.611279
2235 -31.410819 93.540317 69.611279
2236 -31.344464 93.020068 69.611279
2248 -31.068511 88.316247 69.611279
2249 -31.080034 87.816681 69.611279
2250 -31.106943 87.658960 69.611279
2251 -31.147166 87.221148 69.611279
2252 -31.145566 86.806252 69.611279
2253 -31.086090 86.542963 69.611279
2254 -31.026288 86.072140 69.611279
2255 -31.023812 85.592230 69.611279
2256 -31.036108 85.147443 69.611279
2257 -31.012208 84.643010 69.611279
2258 -31.001302 84.150660 69.611279
2270 -30.807379 79.158729 69.611279
2271 -30.807033 78.844256 69.611279
2272 -30.858927 78.336918 69.611279
2273 -30.888378 77.908049 69.611279
2274 -30.865511 77.699364 69.611279
2275 -30.830107 77.221013 69.611279
2276 -30.828689 76.846084 69.611279
2277 -30.812830 76.536493 69.611279
2278 -30.785314 76.017223 69.611279
2279 -30.775877 75.577414 69.611279
2280 -30.770389 75.167557 69.611279
2293 -30.625920 70.661974 69.611279
2294 -30.642009 70.099988 69.611279
2295 -30.664351 69.879914 69.611279
2296 -30.694913 69.541358 69.611279
2297 -30.707094 69.006605 69.611279
2298 -30.674847 68.506461 69.611279
2299 -30.654456 68.109544 69.611279
2300 -30.620702 67.463551 69.611279
2301 -30.615145 67.188617 69.611279
2302 -30.587120 66.830161 70.448919
2303 -30.535477 66.474141 70.448919
2315 -30.405352 61.105763 76.426764
2316 -30.397658 60.656134 76.426764
2317 -30.423684 60.422585 76.426764
2318 -30.454642 59.903626 77.368018
2319 -30.453112 59.488679 77.368018
2320 -30.412051 59.270065 77.368018
2321 -30.371511 58.787095 78.387820
2322 -30.359013 58.282250 78.387820
2323 -30.354640 57.822350 79.369076
2324 -30.327337 57.594358 79.369076
2325 -30.286967 57.236837 79.369076
2339 -30.130250 51.474005 85.357895
2340 -30.130250 51.474005 85.357895
2341 -29.952285 51.361452 86.411864
2342 -29.526526 51.415739 86.411864
2343 -28.937444 51.683789 87.002818
2344 -28.379564 52.016812 87.002818
2345 -27.865674 52.414488 87.002818
2346 -27.348652 52.803541 87.037523
2347 -26.712093 53.120222 87.037523
2348 -26.157938 53.299418 87.037523
2349 -25.527676 53.457852 87.037523
2364 -21.735698 54.225676 87.037523
2365 -21.735698 54.225676 87.037523
2366 -21.735698 54.225676 87.037523
2367 -21.735698 54.225676 87.037523
2368 -21.727659 54.243974 87.037523
2369 -21.731816 54.282544 87.037523
2370 -21.915614 54.406865 87.037523
2371 -22.337109 54.420565 87.037523
2372 -22.975741 54.380902 87.037523
2373 -23.620527 54.321755 87.037523
2374 -24.263028 54.265464 87.037523
2389 -33.263437 57.667673 87.037523
2390 -33.908951 57.709786 87.037523
2391 -34.480680 57.597653 87.037523
2392 -35.067193 57.318849 87.037523
2393 -35.632873 56.998709 87.037523
2394 -36.200320 56.681697 87.037523
2395 -36.717934 56.409145 87.037523
2396 -37.354548 56.083690 87.037523
2397 -37.993436 55.762720 87.037523
2398 -38.510992 55.490045 87.037523
2399 -39.088246 55.191258 87.037523
2415 -45.769341 51.844791 87.037523
2416 -45.661110 51.723830 87.037523
2417 -45.292854 51.694945 87.037523
2418 -44.684757 51.856398 87.037523
2419 -44.117675 52.171887 87.037523
2420 -43.563344 52.511302 87.037523
2421 -42.991675 52.820325 87.037523
2422 -42.466859 53.078697 87.037523
2423 -41.815976 53.374602 87.037523
2424 -41.166372 53.673307 87.037523
2425 -40.635084 53.918127 87.037523
2441 -31.694996 58.842451 87.037523
2442 -31.442818 59.318096 87.037523
2443 -31.431526 59.447466 87.037523
2444 -31.434098 59.867426 87.037523
2445 -31.456991 60.198615 87.037523
2446 -31.516288 60.765184 87.037523
2447 -31.517863 61.005178 87.037523
2448 -31.510841 61.444993 87.037523
2449 -31.457734 61.668084 87.037523
2450 -31.347582 62.062649 87.037523
2451 -31.325476 62.310639 87.037523
2467 -31.472448 68.444628 87.037523
2468 -31.484732 68.935721 87.037523
2469 -31.480432 69.138073 87.037523
2470 -31.464118 69.597770 87.037523
2471 -31.470858 70.102691 87.037523
2472 -31.467194 70.325133 87.037523
2473 -31.421036 70.752637 87.037523
2474 -31.376932 71.251913 87.037523
2475 -31.365240 71.712861 87.037523
2476 -31.356325 72.022055 87.037523
2477 -31.353588 72.401974 87.037523
2493 -31.538005 79.633246 87.037523
2494 -31.562909 80.112583 87.037523
2495 -31.549759 80.592218 87.037523
2496 -31.498946 80.754129 87.037523
2497 -31.407244 81.147952 87.037523
2498 -31.369608 81.646267 87.037523
2499 -31.397350 82.095333 87.037523
2500 -31.399709 82.565326 87.037523
2501 -31.400266 82.690325 87.037523
2502 -31.408312 83.160215 87.037523
2503 -31.413300 83.412624 87.037523
2519 -31.393445 89.605460 87.037523
2520 -31.368001 89.914374 87.037523
2521 -31.368440 90.519252 87.037523
2522 -31.392905 90.695031 87.037523
2523 -31.415884 91.086755 87.037523
2524 -31.422086 91.587962 87.037523
2525 -31.416188 91.792877 87.037523
2526 -31.406131 92.262766 87.037523
2527 -31.406291 92.670240 87.037523
2528 -31.441897 92.877107 87.037523
2529 -31.472205 93.335901 87.037523
2545 -33.661342 92.132337 87.037523
2546 -33.665616 92.097599 87.037523
2547 -33.665616 92.097599 87.037523
2548 -33.641530 92.079756 87.037523
2549 -33.592647 92.069985 87.037523
2550 -33.550094 92.095827 87.037523
2551 -33.449341 92.319064 87.037523
2552 -33.457507 92.818472 87.037523
2553 -33.475315 93.225413 87.037523
2554 -33.436799 93.467323 87.037523
2555 -33.347303 93.908271 87.037523
2571 -31.405838 90.823658 87.037523
2572 -31.398370 90.418758 87.037523
2573 -31.404741 90.163868 87.037523
2574 -31.382779 89.659477 87.037523
2575 -31.360068 89.175101 87.037523
2576 -31.352238 88.740237 87.037523
2577 -31.341897 88.495568 87.037523
2578 -31.299826 87.947195 87.037523
2579 -31.269955 87.453167 87.037523
2580 -31.242887 87.064189 87.037523
2581 -31.248867 86.829269 87.037523
2597 -31.024739 80.707834 87.037523
2598 -31.048722 80.449329 87.037523
2599 -31.129300 79.940698 87.037523
2600 -31.155668 79.604651 87.037523
2601 -31.114659 79.340339 87.037523
2602 -31.074791 78.777029 87.037523
2603 -31.059575 78.432590 87.037523
2604 -31.028286 78.154432 87.037523
2605 -31.015499 77.629644 87.037523
2606 -31.006830 77.297364 87.037523
2607 -30.982088 76.970869 87.037523
2623 -30.818449 70.714552 87.037523
2624 -30.812919 70.230233 87.037523
2625 -30.861752 69.687434 87.037523
2626 -30.881200 69.273079 87.037523
2627 -30.872097 69.021197 87.037523
2628 -30.834825 68.683414 87.037523
2629 -30.825755 68.138649 87.037523
2630 -30.816581 67.939305 87.037523
2631 -30.779744 67.581358 87.037523
2632 -30.760260 67.259478 87.037523
2633 -30.748137 66.937206 87.037523
2649 -30.574956 60.450791 87.037523
2650 -30.573514 60.088506 87.037523
2651 -30.615900 59.575263 87.037523
2652 -30.626831 59.178314 87.037523
2653 -30.601956 58.586336 87.037523
2654 -30.600616 58.358994 87.037523
2655 -30.600026 58.029034 87.037523
2656 -30.574775 57.474615 87.037523
2657 -30.563290 57.305024 87.037523
2658 -30.528873 56.921568 87.037523
2659 -30.512449 56.632385 87.037523
2676 -30.298817 50.146418 87.037523
2677 -30.310892 49.907996 87.037523
2678 -30.375040 49.622729 87.037523
2679 -30.419484 49.037585 87.825340
2680 -30.390405 48.456112 87.825340
2681 -30.345828 48.005816 87.825340
2682 -30.290115 47.458645 88.709697
2683 -30.271419 47.201891 88.709697
2684 -30.248577 46.817570 89.696211
2685 -30.224161 46.308159 89.696211
2686 -30.224143 46.040869 90.848502
2702 -29.968911 39.558381 97.993726
2703 -29.969559 39.548402 97.993726
2704 -29.913271 39.499455 97.993726
2705 -29.516337 39.482329 97.993726
2706 -29.088676 39.919681 98.755508
2707 -28.947710 40.382880 98.755508
2708 -28.870510 40.713471 98.755508
2709 -28.731902 40.973849 98.906271
2710 -28.495509 41.403013 98.906271
2711 -28.205314 41.881816 98.969341
2712 -27.827804 42.385875 98.969341
2731 -22.243211 44.216031 98.906271
2732 -22.243211 44.216031 98.906271
2733 -22.243211 44.216031 98.906271
2734 -22.243211 44.216031 98.906271
2735 -22.243211 44.216031 98.906271
2736 -22.247701 44.282336 98.906271
2737 -22.441178 44.444710 98.906271
2738 -23.021284 44.511355 98.906271
2739 -23.602957 44.464648 98.906271
2740 -24.228381 44.288954 98.906271
2741 -24.846275 44.087207 98.906271
2760 -33.459285 37.463762 99.240165
2761 -34.028888 37.368474 99.240165
2762 -34.674263 37.415168 99.872771
2763 -35.318127 37.483589 99.872771
2764 -35.962306 37.513054 99.923223
2765 -36.546710 37.490173 99.923223
2766 -37.164392 37.391352 99.923223
2767 -37.453664 37.303378 99.923223
2787 -37.678474 37.215932 99.872771
2788 -37.678474 37.215932 99.872771
2789 -37.678474 37.215932 99.872771
2790 -37.607935 37.328113 99.872771
2791 -37.694225 37.666899 99.923223
2792 -38.260321 37.915814 99.923223
2793 -38.840939 37.960305 99.923223
2794 -39.487523 38.023729 99.923223
2795 -40.127193 38.138766 99.923223
2796 -40.759052 38.290919 99.872771
2797 -41.383733 38.470504 99.872771
2818 -46.732145 42.633073 99.923223
2819 -46.556288 42.458949 99.923223
2820 -46.188994 42.076859 99.923223
2821 -45.742511 41.604486 99.923223
2822 -45.300089 41.128291 99.923223
2823 -44.896434 40.704905 99.923223
2824 -44.359805 40.138920 99.923223
2825 -43.951679 39.719916 99.923223
2826 -43.382395 39.291103 99.923223
2827 -42.785520 39.049681 99.923223
2828 -42.218802 38.915610 99.923223
2848 -31.327215 35.018683 101.634888
2849 -31.303716 34.667686 101.634888
2850 -31.350249 34.376484 101.634888
2851 -31.361116 33.967018 102.059054
2852 -31.308886 33.687168 102.059054
2853 -31.223504 33.204877 102.059054
2854 -31.191928 32.791084 102.059054
2855 -31.125965 32.576248 102.059054
2856 -30.938831 32.107212 102.059054
2857 -30.806375 31.737738 102.158360
2858 -30.708239 31.546470 102.158360
2879 -29.908829 23.004993 105.903024
2880 -29.908617 22.930752 105.903024
2881 -29.973079 22.868438 105.903024
2882 -30.083246 22.892817 105.903024
2883 -30.233947 23.209333 107.706687
2884 -30.313131 23.744317 107.706687
2885 -30.265655 24.186442 108.114987
2886 -30.187059 24.402516 108.114987
2887 -30.098547 24.801731 108.114987
2888 -30.096111 25.325629 108.114987
2889 -30.161399 25.896909 108.114987
2912 -37.473474 30.673577 108.114987
2913 -38.034619 30.829537 108.114987
2914 -38.657747 31.004701 108.114987
2915 -39.297691 31.079583 108.114987
2916 -39.945004 31.080126 108.114987
2917 -40.656316 31.039265 108.114987
2918 -41.237545 31.000832 108.114987
2919 -41.883582 30.957395 108.114987
2920 -42.530450 30.929082 108.114987
2921 -43.175039 30.906047 108.114987
2922 -43.819648 30.883628 108.114987
2946 -46.670035 30.518236 108.311821
2947 -46.670035 30.518236 108.311821
2948 -46.670035 30.518236 108.311821
2949 -46.670035 30.518236 108.311821
2950 -46.679733 30.520676 108.311821
2951 -46.738179 30.582231 108.114987
2952 -46.652706 30.736671 108.114987
2953 -46.295950 30.840709 108.114987
2954 -45.686157 30.851548 108.114987
2955 -45.049293 30.749659 108.114987
2956 -44.406895 30.670319 108.311821
2981 -30.375865 28.637573 108.311821
2982 -30.169562 28.150027 108.311821
2983 -30.050234 27.823695 108.311821
2984 -29.921521 27.547197 108.311821
2985 -29.738108 27.109049 108.311821
2986 -29.549764 26.621730 108.311821
2987 -29.311420 26.082127 108.311821
2988 -29.122960 25.705435 108.311821
2989 -29.034651 25.482273 108.311821
2990 -28.851705 25.011607 108.311821
2991 -28.687625 24.649693 108.311821
3016 -19.182759 18.800401 111.622088
3017 -19.182759 18.800401 111.622088
3018 -19.182759 18.800401 111.622088
3019 -19.182759 18.800401 111.217132
3020 -19.290382 18.846995 111.217132
3021 -19.406586 19.163557 111.217132
3022 -19.437157 19.679585 111.217132
3023 -19.394829 19.986356 111.554339
3024 -19.316157 20.342749 111.554339
3025 -19.261198 20.763885 111.554339
3026 -19.221430 21.178598 111.554339
3054 -18.110041 27.790582 111.554339
3055 -18.110041 27.790582 111.554339
3056 -18.110041 27.790582 111.554339
3057 -18.110041 27.790582 111.554339
3058 -18.110041 27.790582 111.217132
3059 -18.110041 27.790582 111.217132
3060 -18.110041 27.790582 111.217132
3061 -18.110041 27.790582 111.217132
3062 -18.119641 27.793382 111.217132
3063 -18.196637 27.780189 111.217132
3064 -18.297610 27.587082 111.217132
3094 -9.663239 21.477147 120.628730
3095 -9.636780 21.458429 120.980373
3096 -9.568963 21.210715 120.980373
3097 -9.617373 20.688981 120.980373
3098 -9.680175 20.486392 121.421788
3099 -9.797852 20.120235 121.421788
3100 -9.869289 19.590649 121.612707
3101 -9.858320 19.433616 121.612707
3102 -9.829867 18.999645 122.333849
3103 -9.817408 18.459792 122.333849
3104 -9.825494 17.957395 122.333849
3119 -9.820770 12.042026 126.378679
3120 -9.820770 12.042026 126.378679
3121 -9.820770 12.042026 127.414641
3122 -9.820770 12.042026 127.414641
3123 -9.718671 12.146222 127.937683
3124 -9.727203 12.489179 127.937683
3125 -10.071461 13.000441 127.937683
3126 -10.510018 13.479774 128.283166
3127 -10.942386 13.961198 128.283166
3128 -11.214622 14.350352 128.283166
3129 -11.527887 14.829519 128.283166
3158 -27.805555 17.641426 128.390384
3159 -28.387773 17.653777 128.390384
3160 -29.096840 17.689932 128.390384
3161 -29.809190 17.703016 128.390384
3162 -30.391648 17.699075 128.390384
3163 -31.038728 17.675850 128.390384
3164 -31.685765 17.651394 128.390384
3165 -32.333092 17.636788 128.390384
3166 -32.980411 17.621749 128.390384
3167 -33.625169 17.604070 128.390384
3168 -34.334953 17.586746 128.390384
3197 -40.220762 12.916977 128.390384
3198 -40.185730 12.808914 128.390384
3199 -40.360322 12.451170 128.390384
3200 -40.842221 12.047244 128.390384
3201 -41.429283 11.772131 128.390384
3202 -41.992238 11.635871 128.390384
3203 -42.702277 11.584831 128.390384
3204 -43.412045 11.600274 128.390384
3205 -43.994082 11.618523 128.390384
3206 -44.642158 11.572372 128.390384
3207 -45.282970 11.464221 128.283166
3238 -49.593039 10.130136 128.283166
3239 -49.515414 10.076076 128.283166
3240 -49.168653 10.031557 128.283166
3241 -48.579469 10.168173 128.283166
3242 -47.952894 10.341078 128.283166
3243 -47.388977 10.496688 128.283166
3244 -46.635826 10.699525 128.283166
3245 -46.003306 10.848566 128.283166
3246 -45.433891 10.971323 128.283166
3247 -44.795925 11.095785 128.283166
3248 -44.159454 11.227623 128.283166
3281 -25.941223 18.954230 128.283166
3282 -25.298065 19.027805 128.283166
3283 -24.654644 19.072880 128.283166
3284 -24.074092 19.120265 128.283166
3285 -23.363347 19.197574 128.283166
3286 -22.658001 19.298019 128.283166
3287 -22.085196 19.389075 128.283166
3288 -21.446997 19.498385 128.283166
3289 -20.804253 19.595138 128.283166
3290 -20.160910 19.687898 128.283166
3291 -19.522604 19.780543 128.283166
3325 -7.488395 26.586027 128.283166
3326 -7.488395 26.586027 128.283166
3327 -7.410792 26.417214 128.283166
3328 -7.507125 26.041572 128.283166
3329 -7.857232 25.453305 128.283166
3330 -8.288242 24.911429 128.283166
3331 -8.579611 24.484532 128.283166
3332 -8.876971 24.001746 128.283166
3333 -9.280484 23.526993 128.283166
3334 -9.425556 23.387632 128.283166
3335 -9.345604 23.447696 128.283166
3369 -26.305998 19.307311 128.283166
3370 -26.947719 19.247959 128.283166
3371 -27.592129 19.221273 128.283166
3372 -28.236970 19.163208 128.283166
3373 -28.880837 19.074347 128.283166
3374 -29.519865 18.955881 128.283166
3375 -30.089978 18.824867 128.283166
3376 -30.784988 18.668203 128.283166
3377 -31.486935 18.532301 128.283166
3378 -32.060857 18.419013 128.283166
3379 -32.697877 18.289786 128.283166
3413 -50.759256 7.740146 128.283166
3414 -50.814782 7.298692 128.283166
3415 -50.889075 6.794169 128.283166
3416 -50.965209 6.545925 128.283166
3417 -51.069283 6.078191 128.283166
3418 -51.106244 5.624723 128.283166
3419 -51.156208 5.426071 128.283166
3420 -51.244732 5.020762 128.283166
3421 -51.300542 4.559238 128.283166
3422 -51.371048 4.294002 128.283166
3423 -51.505829 3.854396 128.283166
3457 -51.552349 3.303157 128.283166
3458 -51.552349 3.303157 128.283166
3459 -51.552349 3.303157 128.283166
3460 -51.552349 3.303157 128.283166
3461 -51.634071 3.336199 128.283166
3462 -51.760085 3.629181 128.283166
3463 -51.815565 4.128704 128.283166
3464 -51.744863 4.557579 128.283166
3465 -51.658649 4.776165 128.283166
3466 -51.529418 5.252892 128.283166
3467 -51.506839 5.591268 128.283166
3502 -52.722805 17.350607 128.283166
3503 -52.527250 17.212441 128.283166
3504 -52.311082 16.877220 128.283166
3505 -52.151655 16.383034 128.283166
3506 -52.109614 16.182393 128.283166
3507 -52.002176 15.714617 128.283166
3508 -51.931671 15.512284 128.283166
3509 -51.766738 15.164447 128.283166
3510 -51.575328 14.665129 128.283166
3511 -51.531030 14.483251 128.283166
3512 -51.403188 14.025924 128.283166
3546 -34.432459 17.641278 128.283166
3547 -33.850658 17.667101 128.283166
3548 -33.206022 17.727647 128.283166
3549 -32.561132 17.785134 128.283166
3550 -31.979350 17.813531 128.283166
3551 -31.269739 17.837009 128.283166
3552 -30.560110 17.859942 128.283166
3553 -29.980335 17.875730 128.283166
3554 -29.333002 17.890415 128.283166
3555 -28.688178 17.905480 128.283166
3556 -28.040900 17.922296 128.283166
3591 -12.294188 12.470132 128.283166
3592 -12.294188 12.470132 128.283166
3593 -12.361729 12.456197 128.283166
3594 -12.514806 12.571827 128.283166
3595 -12.602008 13.058113 128.554155
3596 -12.544635 13.529416 128.554155
3597 -12.415097 13.978163 128.554155
3598 -12.376369 14.173522 128.554155
3599 -12.328202 14.515104 128.554155
3600 -12.294057 15.023840 128.554155
3601 -12.301431 15.363306 128.554155
3635 -33.132983 17.645640 128.554155
3636 -33.716829 17.680177 128.554155
3637 -34.361500 17.692379 128.554155
3638 -35.008465 17.667340 128.554155
3639 -35.633339 17.592595 128.554155
3640 -36.020260 17.435627 128.554155
3641 -36.383630 16.916724 128.554155
3642 -36.419802 16.733901 128.554155
3643 -36.392038 16.357534 128.554155
3644 -36.369561 15.996201 128.554155
3645 -36.421248 15.733750 128.554155
3680 -34.439501 2.174601 128.554155
3681 -34.278911 2.101176 128.554155
3682 -33.817901 2.108625 128.554155
3683 -33.257667 2.238015 128.554155
3684 -32.559336 2.364200 128.554155
3685 -31.848973 2.416749 128.554155
3686 -31.267014 2.441304 128.554155
3687 -30.619059 2.395968 129.238890
3688 -29.982450 2.266284 129.238890
3689 -29.357078 2.099149 129.238890
3690 -28.741250 1.891497 135.215867
3710 -26.324459 1.243318 136.539557
3711 -26.170947 1.155442 136.539557
3712 -25.725026 1.076880 136.539557
3713 -25.082669 1.067748 136.539557
3714 -24.436120 1.034268 136.539557
3715 -23.795296 0.961528 136.539557
3716 -23.158953 0.856739 136.539557
3717 -22.460501 0.704119 136.539557
3718 -21.892401 0.575522 136.539557
3719 -21.259371 0.439496 136.539557
3720 -20.625224 0.296866 136.539557
3758 -13.542128 -4.597090 136.539557
3759 -13.404625 -4.660472 136.539557
3760 -12.976432 -4.671931 136.539557
3761 -12.341758 -4.613059 136.539557
3762 -11.698471 -4.539428 136.539557
3763 -11.054956 -4.496764 136.539557
3764 -10.410336 -4.475166 136.539557
3765 -9.827917 -4.465658 136.539557
3766 -9.115529 -4.453038 136.539557
3767 -8.405640 -4.440461 136.539557
3768 -7.823246 -4.433902 136.539557
3807 0.437761 -5.115691 139.304884
3808 0.533224 -5.158471 139.304884
3809 0.919877 -5.200692 139.304884
3810 1.476760 -5.176702 139.304884
3811 2.188498 -5.148181 139.304884
3812 2.899891 -5.185420 139.304884
3813 3.478639 -5.251277 139.304884
3814 4.121220 -5.330895 139.304884
3815 4.762075 -5.403623 139.485952
3816 5.407149 -5.482912 139.485952
3817 5.980718 -5.597468 141.481062
3839 11.428623 -7.585992 142.241523
3840 11.428623 -7.585992 142.241523
3841 11.369262 -7.651975 142.241523
3842 10.965913 -7.682116 142.241523
3843 10.427205 -7.557164 142.241523
3844 9.826967 -7.308190 142.241523
3845 9.250062 -7.008901 142.241523
3846 8.668528 -6.718579 142.241523
3847 8.090044 -6.433421 142.241523
3848 7.434036 -6.149063 142.241523
3849 6.904799 -5.899840 142.241523
3893 -19.814618 -0.489192 142.443009
3894 -19.838915 -0.472339 142.443009
3895 -19.858517 -0.387546 142.443009
3896 -19.664159 -0.245532 142.443009
3897 -19.188125 -0.148375 142.443009
3898 -18.614750 -0.208084 142.443009
3899 -17.980058 -0.347365 142.443009
3900 -17.352293 -0.495393 142.443009
3901 -16.718504 -0.614895 142.443009
3902 -16.078768 -0.729930 142.443009
3903 -15.440187 -0.836839 142.488915
3948 7.396485 -1.084008 142.443009
3949 7.392723 -0.644095 142.443009
3950 7.377730 -0.439647 142.488915
3951 7.388824 0.079944 142.488915
3952 7.437208 0.272344 142.488915
3953 7.560037 0.621104 142.488915
3954 7.626823 0.949109 142.488915
3955 7.703210 1.259794 142.488915
3956 7.856060 1.762044 142.488915
3957 7.941065 1.980997 142.488915
3958 8.114144 2.380039 142.443009
4004 9.489849 5.629625 142.443009
4005 9.556884 5.447218 142.443009
4006 9.463871 4.972935 142.443009
4007 9.248145 4.481857 142.443009
4008 9.015465 4.076721 142.443009
4009 8.700009 3.488827 142.443009
4010 8.632125 3.300887 142.443009
4011 8.499562 2.960833 142.443009
4012 8.404188 2.640280 142.443009
4013 8.313742 2.297157 142.443009
4014 8.118573 1.735108 142.443009
4060 -13.215771 -2.085757 142.443009
4061 -13.314990 -1.924559 142.443009
4062 -13.494569 -1.556091 142.443009
4063 -13.764623 -1.198727 142.443009
4064 -14.258779 -0.936742 142.443009
4065 -14.968761 -0.870973 142.443009
4066 -15.681085 -0.886447 142.571844
4067 -16.261049 -0.891478 142.571844
4068 -16.908017 -0.871135 142.571844
4069 -17.552498 -0.809247 142.571844
4070 -18.194183 -0.722755 142.571844
4117 -31.297525 -5.241640 142.874528
4118 -31.267133 -5.253078 142.874528
4119 -31.002159 -5.260007 142.874528
4120 -30.551543 -5.012566 142.874528
4121 -30.171336 -4.572630 142.874528
4122 -29.738805 -4.016032 142.874528
4123 -29.326693 -3.523144 142.874528
4124 -28.885863 -3.045692 142.874528
4125 -28.417561 -2.594983 142.874528
4126 -27.955705 -2.137900 142.874528
4127 -27.551304 -1.715233 142.874528
4175 -2.379496 2.342158 142.874528
4176 -2.379496 2.342158 142.874528
4177 -2.446577 2.249324 142.874528
4178 -2.855675 2.198728 142.874528
4179 -3.409617 2.275069 142.874528
4180 -4.045265 2.398060 142.874528
4181 -4.689638 2.454853 142.874528
4182 -5.402121 2.456751 142.874528
4183 -5.984604 2.452324 142.874528
4184 -6.631840 2.434984 142.874528
4185 -7.276340 2.409643 142.874528
4234 -35.861291 -4.805807 142.874528
4235 -35.879083 -4.814916 142.874528
4236 -35.976644 -4.956093 142.874528
4237 -35.959409 -5.202924 142.874528
4238 -35.652897 -5.433340 142.874528
4239 -34.969071 -5.471582 142.874528
4240 -34.322302 -5.458877 142.874528
4241 -33.677562 -5.539254 142.874528
4242 -33.105533 -5.661627 142.874528
4243 -32.413310 -5.840185 142.874528
4244 -31.764411 -6.107938 142.874528
4294 -28.986284 -23.612254 160.477322
4295 -28.986284 -23.612254 160.477322
4296 -28.926950 -23.581869 160.477322
4297 -28.839277 -23.270733 160.477322
4298 -29.024069 -22.784452 161.308682
4299 -29.137474 -22.570244 161.308682
4300 -29.332947 -22.256291 161.308682
4301 -29.677793 -21.759258 161.308682
4302 -29.805046 -21.541557 161.308682
4303 -29.953827 -21.235851 161.274458
4304 -30.205228 -20.724343 161.274458
4332 -40.554694 -18.516297 161.274458
4333 -40.359980 -18.622591 161.274458
4334 -39.857017 -18.576329 161.274458
4335 -39.292497 -18.423495 161.274458
4336 -38.610752 -18.208056 161.274458
4337 -37.924039 -18.009161 161.274458
4338 -37.362319 -17.855002 161.274458
4339 -36.733297 -17.691541 161.274458
4340 -36.099286 -17.560657 161.274458
4341 -35.523693 -17.456224 161.274458
4342 -34.821694 -17.320655 161.274458
4398 -44.482067 -12.550215 161.274458
4399 -44.325122 -12.611209 161.274458
4400 -43.823991 -12.586504 161.274458
4401 -43.251396 -12.495011 161.274458
4402 -42.611173 -12.399822 161.274458
4403 -41.964520 -12.372080 161.274458
4404 -41.317233 -12.388036 161.274458
4405 -40.734801 -12.395349 161.274458
4406 -40.024774 -12.342578 161.274458
4407 -39.316812 -12.262347 161.274458
4408 -38.739126 -12.211324 161.274458
4464 -36.096257 -24.798601 161.377108
4465 -36.096257 -24.798601 161.377108
4466 -36.096257 -24.798601 161.377108
4467 -36.096257 -24.798601 161.377108
4468 -36.096257 -24.798601 161.377108
4469 -36.136872 -24.668064 161.377108
4470 -35.922089 -24.376662 161.377108
4471 -35.272843 -24.260683 161.377108
4472 -34.693102 -24.268231 161.377108
4473 -34.045767 -24.262445 161.377108
4474 -33.399093 -24.198882 161.377108
4531 -42.367572 -5.997450 161.377108
4532 -42.517967 -5.510258 161.377108
4533 -42.552859 -5.328730 161.377108
4534 -42.656372 -4.926950 161.377108
4535 -42.741325 -4.526150 161.377108
4536 -42.861743 -4.031522 161.377108
4537 -42.945183 -3.809232 161.377108
4538 -43.074799 -3.538681 161.377108
4539 -43.330952 -3.038080 161.377108
4540 -43.670232 -2.540782 161.377108
4541 -43.922988 -2.113227 161.377108
4601 -44.772155 1.951495 161.377108
4602 -44.772155 1.951495 161.377108
4603 -44.772155 1.951495 161.377108
4604 -44.772155 1.951495 161.377108
4605 -44.772155 1.951495 161.377108
4606 -44.772155 1.951495 161.377108
4607 -44.772155 1.951495 161.377108
4608 -44.787191 1.964670 161.377108
4609 -44.813566 1.976685 161.377108
4610 -44.913909 1.938240 161.377108
4611 -45.006522 1.714314 161.377108
4670 -31.142060 -18.428075 161.377108
4671 -31.152141 -18.747894 161.377108
4672 -31.156949 -19.342856 161.377108
4673 -31.151471 -19.932820 161.377108
4674 -31.151002 -20.297771 161.377108
4675 -31.144102 -20.582472 161.377108
4676 -31.120691 -20.991748 161.377108
4677 -31.120983 -21.286565 161.377108
4678 -31.129198 -21.586372 161.377108
4679 -31.116714 -22.111214 161.377108
4680 -31.152091 -22.654702 161.377108
4740 -45.221530 -22.720452 161.377108
4741 -45.047340 -22.854598 161.377108
4742 -44.698170 -22.998338 161.377108
4743 -44.151733 -23.055677 161.377108
4744 -43.440124 -23.117478 161.377108
4745 -42.738825 -23.243222 161.377108
4746 -42.161298 -23.317979 161.377108
4747 -41.514291 -23.336842 161.377108
4748 -40.866972 -23.322009 161.377108
4749 -40.219728 -23.303800 161.377108
4750 -39.574942 -23.287245 161.377108
4810 -43.967405 -12.026276 161.377108
4811 -44.677344 -12.027960 161.377108
4812 -45.319698 -12.041662 161.377108
4813 -45.962091 -12.052152 161.377108
4814 -46.542038 -12.045322 161.377108
4815 -47.253511 -12.007671 161.377108
4816 -47.834421 -11.964688 161.377108
4817 -48.477304 -11.912472 161.377108
4818 -49.122799 -11.861576 161.377108
4819 -49.703719 -11.818731 161.377108
4820 -50.415525 -11.751443 161.377108
4881 -54.405035 -10.809549 161.377108
4882 -54.203065 -10.988725 161.377108
4883 -53.904392 -11.246967 161.377108
4884 -53.502649 -11.488037 161.377108
4885 -52.807457 -11.627724 161.377108
4886 -52.095325 -11.619160 161.377108
4887 -51.513636 -11.589035 161.377108
4888 -50.866303 -11.597579 161.377108
4889 -50.222657 -11.638844 161.377108
4890 -49.641959 -11.684607 161.377108
4891 -48.930962 -11.730662 161.377108
4951 -30.019675 -26.148333 161.623671
4952 -30.065317 -26.620920 161.623671
4953 -30.144722 -26.961627 162.819811
4954 -30.222655 -27.497640 162.819811
4955 -30.203002 -27.947155 162.819811
4956 -30.165066 -28.178884 163.954539
4957 -30.121832 -28.636477 163.954539
4958 -30.117362 -29.006368 163.954539
4959 -30.135314 -29.280778 165.350691
4960 -30.149349 -29.715500 165.350691
4961 -30.144208 -29.930438 165.350691
5022 -29.302516 -43.059756 180.583087
5023 -29.302516 -43.059756 180.583087
5024 -29.302516 -43.059756 180.583087
5025 -29.302516 -43.059756 180.583087
5026 -29.302516 -43.059756 180.583087
5027 -29.302516 -43.059756 180.583087
5028 -29.509102 -42.935155 180.583087
5029 -30.022199 -43.163100 180.583087
5030 -30.298095 -43.656258 180.583087
5031 -30.336433 -43.821706 180.583087
5032 -30.447667 -44.262735 180.583087
5067 -38.136718 -52.506845 183.825818
5068 -38.080058 -52.538404 183.825818
5069 -37.711242 -52.561328 183.825818
5070 -37.158511 -52.213109 183.825818
5071 -36.952307 -51.810269 183.825818
5072 -36.811204 -51.351599 183.825818
5073 -36.589379 -50.881432 183.825818
5074 -36.318887 -50.449691 183.825818
5075 -35.915867 -49.939774 183.825818
5076 -35.486708 -49.458310 183.825818
5077 -35.093171 -49.025480 183.825818
5117 -25.104290 -33.210531 183.743547
5118 -25.104290 -33.210531 183.743547
5119 -25.071596 -33.285051 183.743547
5120 -25.175457 -33.580948 183.743547
5121 -25.666901 -33.920588 183.743547
5122 -26.289960 -34.076364 183.743547
5123 -26.534083 -34.117033 183.743547
5124 -26.621593 -34.096010 183.743547
5125 -27.022948 -34.049530 183.743547
5126 -27.301789 -34.100955 183.743547
5127 -27.509942 -34.251509 183.743547
5204 -29.355088 -64.560539 200.013828
5205 -29.355088 -64.560539 200.013828
5206 -29.345463 -64.557825 201.034951
5207 -29.215162 -64.416600 201.034951
5208 -29.224094 -63.989748 201.034951
5209 -29.292995 -63.713686 202.033293
5210 -29.423299 -63.443514 202.033293
5211 -29.528665 -62.952955 202.033293
5212 -29.504258 -62.599329 202.033293
5213 -29.420086 -62.327045 202.033293
5214 -29.285804 -61.923915 202.033293
5257 -13.576077 -53.324997 202.033293
5258 -12.961694 -53.514845 202.033293
5259 -12.497317 -54.012636 202.033293
5260 -12.264121 -54.390804 202.033293
5261 -12.167727 -54.588555 202.033293
5262 -11.967803 -55.002831 202.033293
5263 -11.812535 -55.299655 202.033293
5347 -11.683237 -55.519367 202.033293
5348 -11.683237 -55.519367 202.033293
5349 -11.746122 -55.604054 202.033293
5350 -12.102128 -55.643692 202.033293
5351 -12.698018 -55.463343 202.033293
5352 -13.198052 -55.165381 202.033293
5353 -13.800419 -54.780186 202.033293
5354 -14.412881 -54.411314 202.033293
5355 -14.893848 -54.078631 202.033293
5356 -15.418673 -53.695159 202.033293
5357 -15.953642 -53.326544 202.033293
5441 -32.530821 -76.502913 213.507029
5442 -32.532074 -76.512834 213.507029
5443 -32.624468 -76.618628 213.507029
5444 -33.013515 -76.614080 213.698132
5445 -33.597057 -76.389300 213.698132
5446 -34.079723 -76.068060 213.698132
5447 -34.674860 -75.671935 213.698132
5448 -35.289158 -75.306223 213.698132
5449 -35.805541 -75.031351 213.698132
5450 -36.384504 -74.735887 213.715726
5451 -36.966422 -74.446327 213.715726
5499 -41.716440 -72.190326 213.715726
5500 -41.542423 -72.355511 213.715726
5501 -41.268157 -72.527640 213.715726
5502 -40.720269 -72.678776 213.715726
5503 -40.138329 -72.736405 213.715726
5504 -39.433228 -72.818426 213.715726
5505 -38.729993 -72.947227 213.715726
5506 -38.161349 -73.073453 213.715726
5507 -37.537468 -73.246546 213.715726
5508 -36.919520 -73.447956 213.715726
5509 -36.312684 -73.666485 213.715726
5601 -22.964357 -43.835878 213.715726
5602 -22.964357 -43.835878 213.715726
5603 -22.924743 -43.791183 213.715726
5604 -22.897322 -43.716635 213.715726
5605 -22.897747 -43.657043 213.715726
5606 -22.909072 -43.627221 213.715726
5607 -23.048830 -43.539331 213.715726
5608 -23.408706 -43.515663 213.715726
5609 -24.022799 -43.580063 213.715726
5610 -24.663327 -43.655841 213.715726
5611 -25.311438 -43.704584 213.715726
5707 -14.304142 -65.750215 213.715726
5708 -14.304142 -65.750215 213.715726
5709 -14.304142 -65.750215 213.715726
5710 -14.304142 -65.750215 213.715726
5711 -14.293930 -65.733034 213.715726
5712 -14.301869 -65.672440 213.715726
5713 -14.461580 -65.553742 213.715726
5714 -14.856210 -65.508754 213.715726
5715 -15.553674 -65.554317 213.715726
5716 -16.257331 -65.648909 213.715726
5717 -16.837720 -65.697356 213.715726
5814 -16.621588 -46.129268 213.715726
5815 -16.621588 -46.129268 213.715726
5816 -16.660481 -46.160221 213.715726
5817 -16.934817 -46.171542 213.715726
5818 -17.483588 -46.025927 213.715726
5819 -18.038685 -45.689390 213.715726
5820 -18.582272 -45.333129 213.715726
5821 -19.144848 -45.007673 213.715726
5822 -19.703969 -44.676311 213.715726
5823 -20.195975 -44.359902 213.715726
5824 -20.848322 -44.096399 213.715726
5921 -19.100956 -62.255649 213.715726
5922 -19.100956 -62.255649 213.715726
5923 -19.100956 -62.255649 213.715726
5924 -19.100956 -62.255649 213.715726
5925 -19.100956 -62.255649 213.715726
5926 -19.110087 -62.214346 213.715726
5927 -19.260239 -62.079002 213.715726
5928 -19.734496 -62.040357 213.715726
5929 -20.311815 -62.095368 213.715726
5930 -20.963680 -62.382460 213.715726
5931 -21.567347 -62.765468 213.715726
6029 -24.986332 -90.738173 224.649709
6030 -24.986332 -90.738173 224.649709
6031 -25.054904 -90.815104 224.649709
6032 -25.415536 -90.814026 224.649709
6033 -25.777201 -90.412655 224.649709
6034 -25.928050 -90.083733 224.649709
6035 -25.966811 -89.728612 224.649709
6036 -25.973847 -89.511227 224.649709
6037 -25.980987 -89.383990 225.021714
6038 -25.993481 -89.305050 225.021714
6039 -26.029137 -89.228459 225.021714
6092 -30.258723 -101.462124 238.772301
6093 -30.263935 -101.481407 238.772301
6094 -30.388024 -101.578657 238.772301
6095 -30.810781 -101.678870 238.772301
6096 -31.443004 -101.661211 238.772301
6097 -32.025092 -101.602979 238.772301
6098 -32.733571 -101.527408 238.772301
6099 -33.439883 -101.489877 238.772301
6100 -34.019861 -101.488648 238.762836
6101 -34.662917 -101.558075 238.762836
6102 -35.300726 -101.669591 238.762836
