7 -44.500000 117.000000 0.000000
8 -44.599480 116.942307 9.625487
9 -44.886203 116.750880 9.625487
10 -45.280685 116.322610 9.625487
11 -45.554875 115.825071 9.625487
12 -45.639500 115.600486 9.689685
13 -45.779969 115.220633 9.689685
14 -45.899286 115.001054 9.689685
15 -46.123324 114.543054 12.682666
16 -46.278290 114.174319 12.682666
17 -46.337693 113.941841 13.250284
18 -46.462967 113.468301 13.250284
19 -46.528041 113.289812 13.250284
20 -46.528041 113.289812 15.008332
21 -46.528041 113.289812 15.008332
22 -46.528041 113.289812 15.008332
23 -46.522359 113.363142 15.008332
24 -46.379630 113.469750 15.008332
25 -45.882212 113.271355 15.008332
26 -45.506357 112.802044 15.008332
27 -45.335400 112.457473 15.008332
28 -45.252797 112.237496 15.008332
29 -45.025910 111.714776 19.240843
30 -44.788358 111.283726 19.240843
31 -44.380915 110.804400 22.368058
32 -43.943929 110.415794 22.368058
33 -43.317588 109.951199 22.940140
34 -42.833308 109.623103 22.940140
35 -42.292138 109.263067 23.415594
36 -41.754019 108.898486 24.749344
37 -41.227193 108.517842 24.749344
38 -40.759802 108.166038 25.627525
39 -40.135792 107.698059 26.299240
40 -39.666648 107.348618 26.299240
41 -39.194086 107.021447 27.188417
42 -38.527395 106.803774 27.188417
43 -37.882719 106.790770 27.835410
44 -37.303319 106.769447 28.954620
45 -36.535248 106.652798 28.954620
46 -35.902439 106.504526 29.739705
47 -35.344349 106.346848 29.753152
48 -34.790937 106.165201 29.753152
49 -34.167076 105.982854 29.848451
50 -33.473303 105.809992 29.848451
51 -32.847041 105.645663 29.848451
52 -32.230584 105.473723 29.848451
53 -31.788117 105.317599 29.848451
54 -31.367118 104.903698 32.631427
55 -31.180710 104.463333 32.631427
56 -31.118306 104.278593 35.811312
57 -30.946878 103.771857 36.224992
58 -30.613486 103.157604 36.224992
59 -30.231725 102.714828 36.224992
60 -29.758919 102.268849 36.944419
61 -29.240352 101.776611 36.944419
62 -28.768940 101.329124 37.848251
63 -28.305726 100.873149 39.370675
64 -28.183291 100.729376 39.370675
65 -28.176722 100.372144 39.370675
66 -28.256267 99.944711 39.370675
67 -28.362372 99.428437 40.083539
68 -28.413415 98.953778 40.083539
69 -28.425069 98.449031 41.074689
70 -28.417377 98.004138 41.074689
71 -28.386143 97.735997 41.984879
72 -28.369906 97.286352 41.984879
73 -28.369120 96.891628 42.878550
74 -28.434338 96.390988 43.712356
75 -28.449416 96.176522 43.712356
76 -28.502728 96.013019 43.712356
77 -28.598116 95.684682 43.712356
78 -28.637832 95.209496 43.712356
79 -28.625462 94.707160 44.401014
80 -28.612795 94.267376 44.401014
81 -28.609745 93.807465 45.402754
82 -28.587896 93.548391 45.402754
83 -28.572353 93.113705 45.402754
84 -28.567091 92.623797 46.301729
86 -28.579024 92.041420 47.378583
86 -28.579755 92.003927 47.378583
87 -28.637500 91.502712 47.378583
88 -28.706155 91.082038 47.378583
89 -28.761381 90.789733 48.177278
90 -28.804151 90.372106 48.177278
91 -28.781088 90.188748 49.253732
92 -28.738450 89.806305 49.253732
93 -28.724268 89.386623 49.253732
94 -28.741581 89.049576 50.262214
95 -28.751887 88.584704 50.262214
97 -28.729376 87.600199 51.204395
97 -28.729523 87.545199 51.204395
98 -28.777770 87.352112 51.204395
99 -28.910604 86.917114 52.214271
100 -28.960335 86.591734 52.214271
101 -28.954334 86.246788 52.214271
102 -28.949318 85.896884 53.035555
103 -28.956313 85.612007 53.035555
104 -28.955313 85.237010 53.035555
105 -28.933348 84.972929 53.728671
106 -28.918740 84.513188 53.728671
108 -28.937834 83.804020 54.751531
109 -28.961916 83.437509 54.751531
110 -29.021630 83.174305 55.816217
111 -29.064764 82.741712 55.816217
112 -29.055264 82.187322 55.816217
113 -29.016408 81.855041 56.839512
114 -28.899764 81.589637 56.839512
115 -28.706644 81.101523 56.839512
116 -28.632483 80.855253 57.854042
117 -28.557410 80.523650 57.854042
118 -28.419729 80.006702 57.854042
121 -28.225277 78.996137 59.600756
122 -28.167690 78.500553 59.600756
123 -28.199394 78.026665 59.600756
124 -28.247976 77.776565 60.562779
125 -28.304755 77.320418 60.562779
126 -28.316797 76.865695 60.562779
127 -28.273878 76.634738 61.688655
128 -28.222202 76.147865 61.688655
129 -28.225252 75.732878 62.596567
130 -28.241601 75.523527 62.596567
131 -28.255300 75.053768 62.596567
134 -28.222867 73.699376 64.525423
135 -28.242338 73.225533 64.525423
136 -28.284975 72.964305 65.491451
137 -28.386517 72.567733 65.491451
138 -28.431867 72.014914 65.491451
139 -28.429878 71.600088 66.458485
140 -28.413378 71.125377 66.458485
141 -28.405640 70.720498 67.376926
142 -28.388215 70.395966 67.376926
143 -28.372553 69.953772 67.376926
144 -28.370950 69.513868 68.397735
148 -28.455213 68.099408 69.269403
149 -28.455117 67.904659 70.435859
150 -28.496255 67.416389 70.435859
151 -28.527860 67.138184 70.435859
152 -28.551927 66.738973 71.354679
153 -28.554413 66.444149 71.354679
154 -28.533006 66.107337 71.354679
155 -28.519544 65.577524 72.279528
156 -28.515204 65.212610 72.279528
157 -28.529631 64.983063 72.279528
158 -28.546366 64.558413 73.356733
162 -28.529667 63.031386 75.440375
163 -28.540050 62.711735 75.440375
164 -28.614017 62.512770 75.440375
165 -28.709452 62.084221 75.440375
166 -28.740012 61.540365 75.440375
167 -28.734932 61.275665 76.414987
168 -28.688032 60.969361 76.414987
169 -28.667066 60.389891 77.260664
170 -28.666034 60.130001 77.260664
171 -28.681737 59.875486 78.366129
172 -28.698763 59.375802 78.366129
177 -28.678436 57.504088 80.277582
178 -28.686752 57.229425 80.277582
179 -28.751695 56.718540 80.277582
180 -28.801297 56.291460 81.173951
181 -28.836759 56.049099 81.173951
182 -28.890192 55.562023 82.234362
183 -28.926127 55.063497 82.234362
184 -28.934932 54.673622 82.234362
185 -28.946448 54.426400 83.213522
186 -28.951622 53.978994 83.213522
187 -28.933173 53.561968 83.213522
193 -28.951525 51.270722 86.161072
194 -28.981708 50.781903 86.161072
195 -29.015876 50.590378 86.161072
196 -29.086861 50.232655 87.255087
197 -29.122230 49.714076 87.255087
198 -29.104525 49.499969 88.471296
199 -29.160663 49.028601 88.471296
200 -29.233382 48.533947 88.471296
201 -29.290317 48.017261 89.344336
202 -29.315138 47.527894 89.344336
203 -29.329345 47.338454 90.293135
209 -29.325886 44.645500 93.387206
210 -29.342391 44.478841 93.387206
211 -29.431036 43.915809 93.387206
212 -29.480290 43.418430 93.387206
213 -29.488601 43.028529 94.371449
214 -29.491478 42.818615 94.371449
215 -29.501746 42.318738 95.321405
216 -29.503301 41.713741 95.321405
217 -29.502659 41.363742 95.321405
218 -29.493828 41.163937 96.306647
219 -29.475672 40.694304 96.306647
226 -29.501879 37.935257 99.365036
227 -29.512630 37.510635 99.365036
228 -29.592432 36.956405 100.415389
229 -29.661134 36.486439 100.415389
230 -29.687672 35.962401 101.508671
231 -29.678537 35.397506 101.508671
232 -29.643670 35.004258 102.099218
233 -29.624235 34.715212 102.099218
234 -29.614474 34.345354 102.099218
235 -29.604678 33.940526 102.134668
236 -29.602759 33.710536 102.134668
245 -29.522886 30.256202 102.206704
246 -29.547360 29.744924 102.206704
247 -29.599345 29.536368 102.206704
248 -29.646340 29.084928 102.099218
249 -29.491389 28.474755 102.099218
250 -29.186008 27.996631 102.099218
251 -29.058717 27.829611 102.099218
252 -28.774629 27.467823 102.170497
253 -28.438746 26.953988 102.170497
254 -28.271821 26.581342 102.170497
255 -28.187859 26.335279 102.170497
264 -27.774583 22.541957 106.148247
265 -27.733486 22.104745 106.148247
266 -27.928355 21.651156 106.148247
267 -28.390723 21.293838 107.865335
268 -28.972369 21.006684 107.865335
269 -29.592872 20.813585 107.865335
270 -30.214992 20.625284 107.865335
271 -30.835028 20.430394 107.865335
272 -31.436475 20.184670 107.865335
273 -32.022713 19.904057 107.865335
274 -32.597458 19.600546 107.865335
285 -37.769723 16.543843 118.556866
286 -37.887431 16.340702 118.612185
287 -37.993034 15.920573 118.612185
288 -38.005615 15.612853 118.612185
289 -37.956532 15.301749 118.612185
290 -37.925117 14.782882 118.612185
291 -37.921275 14.450535 118.612185
292 -37.939168 14.151075 118.612185
293 -37.952173 13.651274 118.612185
294 -37.947154 13.168907 118.612185
295 -37.939758 12.879153 118.626854
301 -37.939779 10.730007 118.672872
302 -37.951609 10.220780 118.672872
303 -38.014092 9.744960 118.672872
304 -38.047770 9.231771 118.672872
305 -38.012106 8.688139 118.705225
306 -37.951639 8.374451 118.705225
307 -37.848777 8.076736 118.756265
308 -37.649887 7.555934 118.756265
309 -37.559757 7.350169 118.756265
310 -37.394853 7.024550 118.773947
311 -37.206806 6.472149 118.773947
322 -35.952937 2.736022 125.853449
323 -35.691453 2.264071 125.853449
324 -35.253401 1.788938 125.853449
325 -34.681723 1.483488 125.853449
326 -34.080313 1.237090 125.853449
327 -33.502708 0.945013 125.853449
328 -32.948831 0.604948 125.853449
329 -32.367238 0.315198 125.920652
330 -31.766347 0.067424 127.458270
331 -31.175180 -0.202379 127.458270
332 -30.661021 -0.481098 135.687769
340 -28.537528 -2.862415 140.084013
341 -28.537528 -2.862415 140.084013
342 -28.537528 -2.862415 140.084013
343 -28.537528 -2.862415 140.811969
344 -28.537528 -2.862415 140.811969
345 -28.540895 -2.822628 140.811969
346 -28.588602 -2.723505 140.811969
347 -28.641833 -2.678298 140.811969
348 -28.701838 -2.667726 140.811969
349 -28.768557 -2.710295 140.811969
350 -28.864939 -2.998742 140.811969
364 -28.744526 -8.807226 146.001544
365 -28.723934 -9.141487 146.001544
366 -28.788212 -9.677058 146.001544
367 -28.840712 -9.925990 147.284387
368 -29.045666 -10.189990 147.284387
369 -29.398962 -10.536520 147.284387
370 -29.684458 -10.931869 148.102163
371 -29.809792 -11.367273 148.102163
372 -29.820628 -11.670475 148.806488
373 -29.791084 -12.034216 148.806488
374 -29.771523 -12.643886 149.469899
390 -29.648441 -18.984380 155.226450
391 -29.576375 -19.218504 156.202723
392 -29.557600 -19.764414 156.202723
393 -29.619086 -20.179433 156.202723
394 -29.678239 -20.427453 157.494542
395 -29.751652 -20.906426 157.494542
396 -29.760730 -21.091062 157.494542
397 -29.757027 -21.426042 158.013578
398 -29.749731 -21.955986 158.013578
399 -29.737507 -22.255645 158.013578
400 -29.661581 -22.602343 159.117098
410 -28.565273 -26.159175 162.811090
411 -28.580471 -26.508034 162.811090
412 -28.640049 -26.893362 162.811090
413 -28.710534 -27.169401 163.806749
414 -28.768450 -27.690756 163.806749
415 -28.770520 -27.912852 164.839834
416 -28.735401 -28.225804 164.839834
417 -28.725010 -28.565564 164.839834
418 -28.758959 -28.948407 164.839834
419 -28.843952 -29.436052 165.835373
420 -28.919697 -29.935242 165.835373
430 -30.569943 -33.510896 170.326894
431 -30.671936 -33.901335 170.326894
432 -30.688394 -34.355322 170.326894
433 -30.651203 -34.601031 171.256915
434 -30.505742 -34.924760 171.256915
435 -30.411343 -35.526929 172.007241
436 -30.508050 -35.944155 172.007241
437 -30.577466 -36.230586 172.789731
438 -30.608152 -36.621690 172.789731
439 -30.634344 -37.093248 172.789731
440 -30.722368 -37.549821 174.093225
461 -29.538074 -42.087340 178.132678
462 -29.587967 -42.548425 178.132678
463 -29.619177 -42.781137 179.201705
464 -29.647739 -43.094835 179.201705
465 -29.685752 -43.618410 180.213904
466 -29.690902 -43.860788 180.213904
467 -29.682655 -44.290671 180.213904
468 -29.666150 -44.569864 181.241527
469 -29.626879 -44.867058 181.241527
470 -29.612660 -45.401802 181.241527
471 -29.614217 -45.691751 182.223300
485 -29.603246 -50.923887 187.301605
486 -29.635016 -51.327387 187.301605
487 -29.680064 -51.744961 187.301605
488 -29.710041 -51.962909 188.266968
489 -29.749802 -52.441120 188.266968
490 -29.746315 -52.950992 189.311202
491 -29.707739 -53.464535 189.311202
492 -29.707147 -53.684519 190.245765
493 -29.700926 -54.124475 190.245765
494 -29.693997 -54.614426 190.245765
495 -29.701181 -55.099342 191.258075
510 -29.561967 -61.075220 197.341965
511 -29.593842 -61.337006 197.341965
512 -29.690897 -61.699067 197.341965
513 -29.743558 -62.250893 198.552691
514 -29.737044 -62.785783 198.552691
515 -29.715482 -63.310338 199.364418
516 -29.703485 -63.800143 199.364418
517 -29.695276 -64.310016 200.561640
518 -29.660622 -64.798731 200.561640
519 -29.647501 -65.298559 201.572943
520 -29.633331 -65.838373 201.572943
548 -29.734250 -76.789331 212.897279
549 -29.769910 -77.147431 212.897279
550 -29.768774 -77.497425 213.895422
551 -29.758554 -77.987318 213.895422
552 -29.749856 -78.209604 213.895422
553 -29.728676 -78.573979 213.895422
554 -29.717597 -79.088855 214.905774
555 -29.716386 -79.356238 214.905774
556 -29.732645 -79.608213 215.916214
557 -29.740743 -80.102996 215.916214
558 -29.724981 -80.592676 215.916214
577 -29.528348 -88.045611 224.150243
578 -29.611045 -88.609321 224.150243
579 -29.667068 -88.800235 225.522619
580 -29.875238 -89.238052 225.522619
581 -30.013667 -89.783918 225.522619
582 -29.998076 -89.910082 226.321125
583 -29.915031 -90.150874 226.321125
584 -29.860540 -90.398314 227.182595
586 -29.936440 -90.938780 227.182595
587 -29.979550 -91.077799 227.743126
588 -30.112473 -91.457166 227.743126
610 -31.317234 -100.629709 236.280282
611 -31.355584 -101.072495 237.224307
612 -31.311108 -101.635282 237.224307
613 -31.266880 -102.072943 238.100256
614 -31.255865 -102.282653 238.100256
615 -31.225000 -102.801734 239.122002
616 -31.211815 -103.078757 239.122002
617 -31.230847 -103.395685 239.122002
618 -31.241730 -103.895488 239.663789
619 -31.230959 -104.240211 239.663789
620 -31.173178 -104.514123 239.663789
662 -29.072656 -116.839513 239.642091
663 -29.072656 -116.839513 239.642091
664 -29.009197 -116.811514 239.642091
665 -28.917377 -116.657127 239.642091
666 -28.956255 -116.383461 239.642091
667 -29.323328 -116.144439 239.642091
668 -29.941965 -116.117336 239.642091
669 -30.173487 -116.163740 239.652857
