-112        -48.5       235.039587      228     93
-116        -46.5       238.877339      228     105
-116        -45.5       238.808808      228     234
-111        -44.5       233.754359      228     114
-111        -47.5       233.964333      228     311
-113        -46.5       235.884923      228     116
-110        -46.5       232.892702      228     128
-113        -49.5       236.118415      228     355
-109        -46.5       231.895340      228     234
-117        -44.5       239.742513      228     300
