7 -20.000000 105.000000 -0.008551
8 -20.006571 104.981123 19.700254
9 -20.185912 104.858299 19.700254
10 -20.693944 104.768207 19.742847
11 -21.331693 104.826825 19.742847
12 -21.972568 104.919084 19.742847
13 -22.617251 104.978211 20.554805
14 -23.259263 105.001780 21.622673
15 -23.906747 105.004505 21.622673
16 -24.554238 105.001094 22.661421
17 -25.201728 104.997511 23.593643
18 -25.846719 104.993942 23.593643
19 -26.496367 105.004227 24.724482
20 -27.125653 105.162215 24.724482
21 -27.736755 105.383350 25.743737
22 -28.334909 105.637578 26.754065
23 -28.923739 105.912854 26.754065
24 -29.516873 106.178663 27.795323
25 -30.101891 106.461709 28.750304
26 -30.686542 106.745415 28.750304
27 -31.280123 106.997734 29.662434
28 -31.883413 107.232844 29.662434
29 -32.489512 107.460648 30.632336
30 -32.857471 107.589863 31.214420
31 -32.857471 107.589863 31.214420
32 -32.812103 107.676744 31.469668
33 -32.651642 107.726328 31.469668
34 -32.454994 107.535619 31.469668
35 -32.358402 107.122240 31.469668
36 -32.356503 106.877260 31.469668
37 -32.338295 106.382622 31.469668
38 -32.293324 105.900054 31.469668
39 -32.213767 105.544267 31.469668
40 -32.077943 105.282744 31.469668
41 -31.809981 104.878879 31.469668
42 -31.780850 104.859559 31.524276
43 -31.495271 104.824506 31.524276
44 -31.016199 105.130483 31.524276
45 -30.800224 105.474516 31.524276
46 -30.691328 105.748665 31.524276
47 -30.462709 106.253863 31.469668
48 -30.092080 106.762336 31.469668
49 -29.642754 107.231796 31.469668
50 -29.170089 107.677967 31.469668
51 -28.692233 108.118594 31.469668
52 -28.228915 108.567128 31.469668
53 -28.187443 108.623346 31.469668
54 -28.182334 108.631942 31.469668
55 -28.203959 108.733378 31.469668
56 -28.260200 108.799471 31.469668
57 -28.339434 108.841278 31.469668
58 -28.404667 108.844657 31.469668
59 -28.497472 108.779368 31.469668
60 -28.564479 108.461017 31.469668
61 -28.559320 108.021240 31.469668
62 -28.495955 107.795156 31.469668
63 -28.429605 107.401113 31.469668
64 -28.429500 107.391113 31.469668
65 -28.448803 107.385973 31.469668
66 -28.611325 107.473383 31.469668
67 -28.699313 107.886677 31.469668
68 -28.679874 108.320323 31.469668
69 -28.585719 108.744261 31.469668
70 -28.553043 109.206436 31.469668
71 -28.619198 109.665660 31.469668
72 -28.747028 110.112492 31.469668
73 -28.855953 110.336752 31.469668
74 -29.076063 110.774489 31.524276
75 -29.229305 111.220646 31.524276
76 -29.310210 111.713987 31.524276
77 -29.364216 112.213481 31.524276
78 -29.463294 112.670299 31.524276
79 -29.510103 112.812806 31.524276
80 -29.645438 113.236718 31.524276
81 -29.715596 113.481876 31.469668
82 -29.841070 113.914019 31.469668
83 -29.925409 114.094530 31.469668
84 -30.152073 114.488979 31.469668
85 -30.310020 114.869639 31.469668
86 -30.406638 115.158874 31.469668
87 -30.575554 115.618660 31.735469
88 -30.675155 115.990368 31.735469
89 -30.808744 116.264546 32.066493
90 -31.043403 116.756355 32.066493
91 -31.180404 117.163918 32.066493
92 -31.271711 117.341740 32.828341
93 -31.463902 117.791559 32.828341
94 -31.639063 118.320506 32.828341
95 -31.867953 118.766391 33.902507
96 -32.159121 119.273339 34.820970
97 -32.216540 119.335881 34.820970
98 -32.404284 119.437550 34.820970
99 -32.905123 119.474081 35.508027
100 -33.551225 119.431626 35.508027
101 -34.195759 119.418808 35.508027
102 -34.841256 119.467381 35.508027
103 -35.486250 119.547197 35.508027
104 -36.124790 119.638253 35.508027
105 -36.769131 119.723814 35.508027
106 -37.411003 119.808953 35.508027
107 -38.369316 119.958733 35.508027
108 -38.625519 120.003001 35.508027
109 -38.648863 120.021743 35.508027
110 -38.675694 120.113884 35.508027
111 -38.553924 120.234005 35.508027
112 -38.112902 120.341658 35.508027
113 -37.473828 120.337513 35.508027
114 -36.828823 120.280747 35.508027
115 -36.183225 120.231478 35.508027
116 -35.538787 120.205351 35.508027
117 -34.891344 120.197771 35.508027
119 -33.661888 120.229720 35.508027
119 -33.596934 120.232179 35.508027
120 -32.949730 120.285639 35.508027
121 -32.351708 120.528799 35.508027
122 -31.833842 120.921071 35.508027
123 -31.330846 121.332755 35.508027
124 -30.818076 121.732064 35.508027
125 -30.277561 122.092984 36.801358
126 -29.724726 122.434822 37.678906
127 -29.170339 122.774161 37.678906
128 -28.617673 123.116297 38.310573
129 -27.957494 123.531685 38.784791
130 -27.511435 123.788563 38.784791
131 -26.882981 123.932876 38.888816
132 -26.239762 123.890812 38.836323
133 -25.593888 123.851095 38.836323
134 -24.945891 123.895230 38.836323
135 -24.308084 124.019568 38.836323
136 -23.671718 124.151955 38.836323
137 -23.053013 124.255685 38.836323
138 -22.660360 124.298636 38.836323
140 -22.371996 124.329395 38.836323
140 -22.362052 124.330456 38.836323
141 -22.344787 124.340534 38.836323
142 -22.230588 124.503750 38.836323
143 -22.279095 124.979816 38.836323
144 -22.750777 125.410654 38.836323
145 -23.358909 125.638031 38.836323
146 -23.973949 125.848266 38.836323
147 -24.579328 126.084833 38.836323
148 -25.172722 126.349040 38.836323
149 -25.730063 126.683209 38.836323
151 -26.729624 127.407733 38.836323
151 -26.780357 127.448367 38.836323
152 -27.251986 127.887340 38.836323
153 -27.577628 128.317028 38.836323
154 -27.733961 128.835569 38.836323
155 -27.744973 129.275373 38.836323
156 -27.730592 129.474850 38.836323
157 -27.738521 129.949529 38.836323
158 -27.780843 130.093129 38.836323
159 -27.905753 130.525078 40.447744
160 -27.957523 130.858331 40.447744
162 -28.050621 131.642254 40.555394
162 -28.050621 131.642254 40.555394
163 -28.080745 131.729648 40.555394
164 -28.125753 131.798326 40.650953
165 -28.336198 131.888036 40.650953
166 -28.862878 131.882172 40.650953
167 -29.510091 131.865172 40.650953
168 -30.157007 131.883848 40.650953
169 -30.801662 131.944232 41.314646
170 -31.445130 132.015886 41.314646
171 -32.088325 132.109395 42.003095
173 -33.498050 132.299341 42.865604
173 -33.498050 132.299341 42.865604
174 -34.012493 132.374733 42.865604
175 -34.654461 132.476568 42.865604
176 -35.295923 132.564692 43.156691
177 -35.939095 132.639405 43.449511
178 -36.581670 132.718966 43.449511
179 -37.224033 132.800341 43.596559
180 -37.869537 132.876626 44.055646
181 -38.512012 132.957040 44.055646
182 -39.153925 133.058382 45.653696
184 -40.657078 133.454148 46.900959
185 -40.719254 133.473099 46.900959
186 -40.719254 133.473099 46.900959
187 -40.625021 133.573925 46.900959
188 -40.241635 133.633952 46.900959
189 -39.806699 133.540731 46.900959
190 -39.261317 133.297136 46.900959
191 -38.638579 133.133204 46.900959
192 -37.994119 133.076229 46.900959
193 -37.346984 133.093686 46.900959
194 -36.702924 133.128505 46.900959
196 -35.149462 133.196984 46.900959
197 -34.568096 133.230840 46.900959
198 -33.933303 133.366850 46.900959
199 -33.310645 133.553167 46.900959
200 -32.684244 133.726607 46.900959
201 -32.063131 133.918175 46.900959
202 -31.436585 134.091051 46.900959
203 -30.814310 134.277644 46.900959
204 -30.259881 134.599733 46.900959
205 -29.898115 135.096240 46.900959
206 -29.740492 135.551709 46.900959
209 -29.426301 136.496664 46.900959
210 -29.403152 136.552018 46.900959
211 -29.403152 136.552018 46.900959
212 -29.471045 136.633936 46.900959
213 -29.536498 136.654160 46.900959
214 -29.625638 136.615168 46.900959
215 -29.717684 136.360389 46.900959
216 -29.721425 135.835987 46.900959
217 -29.687875 135.594430 46.900959
218 -29.617561 135.175985 46.900959
219 -29.609416 134.666388 46.900959
222 -29.658198 133.813071 46.900959
223 -29.697938 133.395005 46.900959
224 -29.757447 133.126561 46.900959
225 -29.811293 132.644843 46.900959
226 -29.816287 132.094867 46.900959
227 -29.816792 131.649983 46.900959
228 -29.811794 131.485069 46.900959
229 -29.849442 131.021847 46.900959
230 -29.889364 130.543554 46.900959
231 -29.918714 130.383734 46.900959
232 -30.024097 129.930853 46.900959
234 -30.253165 128.991867 46.900959
235 -30.343946 128.524101 46.900959
236 -30.375439 128.010337 46.900959
237 -30.385062 127.530492 46.900959
238 -30.434241 127.018225 46.900959
239 -30.493776 126.817929 46.900959
240 -30.644744 126.394207 46.900959
241 -30.698300 126.165931 46.900959
242 -30.774647 125.819640 46.900959
243 -30.922228 125.310700 46.900959
244 -31.024607 124.847196 46.900959
247 -31.279654 123.923419 46.900959
248 -31.407704 123.545659 46.900959
249 -31.482277 123.036189 46.900959
250 -31.511366 122.891619 46.900959
251 -31.592661 122.444529 46.900959
252 -31.913246 121.897369 46.900959
253 -32.402445 121.473860 46.900959
254 -32.916339 121.075849 46.900959
255 -33.430645 120.678385 46.900959
256 -33.950427 120.288103 46.900959
257 -34.470006 119.897545 46.900959
259 -35.845061 118.807140 46.900959
260 -36.350364 118.398391 46.900959
261 -36.818134 117.950858 46.900959
262 -37.232902 117.477096 46.900959
263 -37.588637 117.022243 46.900959
264 -37.904086 116.532837 46.900959
265 -38.031263 116.335416 46.900959
266 -38.261209 115.990034 46.900959
267 -38.598846 115.458191 46.900959
268 -38.933128 115.012519 46.900959
269 -39.312778 114.494329 46.900959
272 -39.917441 113.615837 46.900959
273 -39.960520 113.526884 46.900959
274 -39.945215 113.205447 46.900959
275 -39.612788 112.714686 46.900959
276 -39.122114 112.288412 46.900959
277 -38.636263 111.856723 46.900959
278 -38.183035 111.394399 46.900959
279 -37.752534 110.907492 46.900959
280 -37.530134 110.624659 46.900959
281 -37.372572 110.369375 46.900959
282 -37.065174 109.889436 46.900959
285 -36.002115 108.666448 46.900959
286 -35.898135 108.546651 46.900959
287 -35.945666 108.255854 46.900959
288 -36.429167 107.965030 46.900959
289 -37.072190 107.891018 46.900959
290 -37.718641 107.854920 46.900959
291 -38.362737 107.768917 46.900959
292 -38.999944 107.641702 46.900959
293 -39.621254 107.451476 46.900959
294 -40.228859 107.220907 46.900959
295 -40.828566 106.970214 46.900959
298 -42.547552 106.203429 46.900959
299 -43.141258 105.945981 46.900959
300 -43.716030 105.707771 46.900959
301 -44.188948 105.334183 46.900959
302 -44.446405 104.846777 46.900959
303 -44.540236 104.386406 46.900959
304 -44.632638 103.879813 46.900959
305 -44.681072 103.722344 46.900959
306 -44.836192 103.278726 46.900959
307 -44.871541 103.132985 46.900959
308 -45.027774 102.711072 46.900959
310 -45.220401 101.675894 46.900959
311 -45.223963 101.646106 46.900959
312 -45.223963 101.646106 46.900959
313 -45.173267 101.610090 46.900959
314 -45.125821 101.594781 46.900959
315 -45.066022 101.608258 46.900959
316 -44.934671 101.771707 46.900959
317 -44.877098 102.259257 46.900959
318 -44.882129 102.733472 46.900959
319 -44.844945 103.200438 46.900959
320 -44.742955 103.653240 46.900959
323 -44.397379 104.752674 46.900959
324 -44.290216 105.163927 46.900959
325 -44.115404 105.647387 46.900959
326 -43.843892 106.153498 46.900959
327 -43.472978 106.680420 46.900959
328 -43.063534 107.132459 46.900959
329 -42.722813 107.562365 46.900959
330 -42.558683 108.034361 46.900959
331 -42.550883 108.270496 46.900959
332 -42.604801 108.691994 46.900959
333 -42.782614 109.246334 46.900959
336 -44.044171 110.544816 46.900959
337 -44.182581 110.706863 46.900959
338 -44.187358 110.828978 46.900959
339 -44.012935 110.966995 46.900959
340 -43.800285 110.964870 46.900959
341 -43.848407 110.977797 46.900959
342 -43.798555 110.940102 46.900959
343 -43.529541 110.767466 46.900959
344 -42.982191 110.604477 46.900959
345 -42.350597 110.727908 46.900959
346 -41.793449 111.059615 46.900959
349 -40.679050 112.262252 46.900959
350 -40.537768 112.745948 46.900959
351 -40.555523 113.236563 46.900959
352 -40.602180 113.430977 46.900959
353 -40.665234 113.901354 46.900959
354 -40.670096 114.316321 46.900959
355 -40.654108 114.498090 46.900959
356 -40.655015 114.962899 46.900959
357 -40.668505 115.305990 46.900959
358 -40.631392 115.608715 46.900959
359 -40.619783 116.132874 46.900959
362 -41.014278 117.298029 46.900959
363 -41.270437 117.793177 46.900959
364 -41.524843 118.286396 46.900959
365 -41.613585 118.425501 46.900959
366 -41.866723 118.827423 46.900959
367 -41.991459 119.032412 46.900959
368 -42.216830 119.392683 46.900959
369 -42.560125 119.923910 46.900959
370 -42.889363 120.358014 46.900959
371 -43.298624 120.850016 46.900959
372 -43.736062 121.320253 46.900959
375 -44.591247 122.371050 46.900959
376 -44.753738 122.686285 46.900959
377 -44.810791 123.203417 46.900959
378 -44.703749 123.675883 46.900959
379 -44.606519 124.032793 46.900959
380 -44.546741 124.301212 46.900959
381 -44.442152 124.820774 46.900959
382 -44.382380 124.963609 46.900959
383 -44.267700 125.272544 46.900959
384 -44.225088 125.538779 46.900959
387 -44.098339 125.853620 46.900959
388 -44.066467 125.859980 46.900959
389 -43.978886 125.782301 46.900959
390 -43.972946 125.560945 46.900959
391 -43.952588 125.622674 46.900959
392 -43.923404 125.697128 46.900959
393 -43.954866 125.623575 46.900959
394 -44.122850 125.260620 46.900959
395 -44.236031 124.888326 46.900959
396 -44.253082 124.588866 46.900959
397 -44.258489 124.063915 46.900959
400 -44.258563 122.569054 46.900959
401 -44.271903 122.379523 46.900959
402 -44.288168 121.944984 46.900959
403 -44.235024 121.752700 46.900959
404 -44.037545 121.293877 46.900959
405 -43.674917 120.761633 46.900959
406 -43.211243 120.307326 46.900959
407 -42.733048 119.867410 46.900959
408 -42.304575 119.385893 46.900959
409 -42.155614 119.163831 46.900959
410 -41.910468 118.780532 46.900959
413 -41.082540 117.648044 46.900959
414 -40.790370 117.185517 46.900959
415 -40.562259 116.699135 46.900959
416 -40.358243 116.220929 46.900959
417 -40.119367 115.759124 46.900959
418 -39.901813 115.356721 46.900959
419 -39.800818 115.111726 46.900959
420 -39.569029 114.618673 46.900959
421 -39.286562 114.126814 46.900959
422 -38.995854 113.701752 46.900959
423 -38.863197 113.532678 46.900959
426 -38.060373 112.212504 46.900959
427 -37.935916 111.906891 46.900959
428 -37.734730 111.466044 46.900959
429 -37.462103 110.968372 46.900959
430 -37.293629 110.661890 46.900959
431 -37.105160 110.397194 46.900959
432 -36.827650 109.899395 46.900959
433 -36.521033 109.414001 46.900959
434 -36.131468 108.906310 46.900959
435 -35.703206 108.424331 46.900959
436 -35.233704 107.974937 46.900959
439 -33.749409 106.710529 46.900959
440 -33.257119 106.286090 46.900959
441 -32.766036 105.860252 46.900959
442 -32.273174 105.436494 46.900959
443 -31.764923 105.031348 46.900959
444 -31.298349 104.579360 46.900959
445 -30.936250 104.139559 46.900959
446 -30.534459 103.628623 46.900959
447 -30.187140 103.167334 46.900959
448 -29.945487 102.839263 46.900959
449 -29.804387 102.629888 46.900959
452 -28.752663 101.142779 46.900959
453 -28.673325 101.039798 46.900959
454 -28.702402 100.980031 46.900959
455 -28.990656 100.898634 46.900959
456 -29.450879 101.228953 46.900959
457 -29.616545 101.711567 46.900959
458 -29.749361 102.167347 46.900959
459 -29.980744 102.647879 46.900959
460 -30.350981 103.169730 46.900959
461 -30.763864 103.656726 46.900959
462 -31.001414 103.920294 46.900959
465 -32.211652 105.023538 46.900959
466 -32.330952 105.075142 46.900959
467 -32.330952 105.075142 46.900959
468 -32.330952 105.075142 46.900959
469 -32.330952 105.075142 46.900959
470 -32.290236 105.018201 46.900959
471 -32.194296 104.883961 46.900959
472 -32.174071 104.855397 46.900959
473 -32.113609 104.820169 46.900959
474 -31.781549 104.668785 46.900959
475 -31.263348 104.331330 46.900959
479 -29.941763 102.753617 46.900959
480 -29.574393 102.301590 46.900959
481 -29.180895 101.796864 46.900959
482 -28.799885 101.352955 46.900959
483 -28.380169 100.863249 46.900959
484 -28.006173 100.413542 46.900959
485 -27.547705 99.871490 46.900959
486 -27.097182 99.403062 46.900959
487 -26.616776 98.966219 46.900959
488 -26.061664 98.629180 46.900959
489 -25.490995 98.318057 46.900959
492 -23.600744 97.178663 46.900959
493 -23.495462 97.102402 46.900959
494 -23.466799 97.111015 46.900959
495 -23.347047 97.263432 46.900959
496 -23.430086 97.708704 46.900959
497 -23.907965 98.136682 46.900959
498 -24.509000 98.382167 46.900959
499 -25.123339 98.594492 46.900959
500 -25.730393 98.826700 46.900959
501 -26.337647 99.058179 46.900959
502 -26.962849 99.235699 46.900959
506 -28.714251 100.676341 46.900959
507 -29.109549 101.169429 46.900959
508 -29.382980 101.551654 46.900959
509 -29.531221 101.783272 46.900959
510 -29.805781 102.198148 46.900959
511 -30.158758 102.734896 46.900959
512 -30.533755 103.234880 46.900959
513 -30.870961 103.659814 46.900959
514 -31.023786 103.831694 46.900959
515 -31.314187 104.207361 46.900959
516 -31.676128 104.672881 46.900959
519 -33.818340 105.115904 46.900959
520 -34.358071 104.895487 46.900959
521 -34.870547 104.498156 46.900959
522 -35.311648 104.024467 46.900959
523 -35.736370 103.546010 46.900959
524 -36.180224 103.071154 46.900959
525 -36.628215 102.600238 46.900959
526 -37.090220 102.143026 46.900959
527 -37.557601 101.691323 46.900959
528 -38.035869 101.251171 46.900959
529 -38.523694 100.821610 46.900959
533 -40.249072 99.244665 46.900959
534 -40.566940 98.898859 46.900959
538 -40.819738 98.558933 46.900959
539 -40.819738 98.558933 46.900959
540 -40.671799 98.492973 46.900959
541 -40.233783 98.641163 46.900959
542 -39.768503 99.087550 46.900959
543 -39.356562 99.576864 46.900959
544 -39.197506 99.742735 46.900959
545 -38.857318 100.074214 46.900959
546 -38.423224 100.551181 46.860004
547 -37.979732 101.026369 46.860004
548 -37.525998 101.484783 46.860004
551 -35.788428 103.047870 46.860004
552 -35.343243 103.485710 46.860004
553 -35.002967 103.985099 46.860004
554 -34.808810 104.418501 46.860004
555 -34.726564 104.606247 46.860004
556 -34.533992 105.018417 46.860004
557 -34.269733 105.506335 46.860004
558 -33.953471 106.030824 46.860004
559 -33.841387 106.208377 46.860004
560 -33.583190 106.583003 46.860004
561 -33.239909 107.114066 46.860004
565 -32.435932 108.220910 46.860004
566 -32.247425 108.533449 46.860004
567 -31.898346 109.020962 46.860004
568 -31.588246 109.471875 46.860004
569 -31.425557 109.948267 46.860004
570 -31.404672 110.176913 46.860004
571 -31.407241 110.591905 46.860004
572 -31.410631 111.116894 46.860004
573 -31.402762 111.606758 46.860004
574 -31.407452 111.836510 46.860004
575 -31.418848 112.251327 46.860004
579 -31.463611 113.930504 46.860004
580 -31.449113 114.255148 46.860004
581 -31.450103 114.730015 46.860004
582 -31.458682 115.089837 46.860004
583 -31.448926 115.359642 46.860004
584 -31.459973 115.829423 46.860004
585 -31.477786 116.299004 46.860004
586 -31.487964 116.823904 46.860004
587 -31.468268 117.297975 46.860004
588 -31.431450 117.630870 46.860004
589 -31.397023 117.953878 46.860004
593 -31.459304 119.421127 46.860004
594 -31.518366 119.932712 46.860004
595 -31.554897 120.401241 46.860004
596 -31.557969 120.841230 46.860004
597 -31.574239 121.075621 46.860004
598 -31.584360 121.530495 46.860004
599 -31.572788 121.710122 46.860004
600 -31.542430 122.184060 46.860004
601 -31.464975 122.647563 46.860004
602 -31.388962 123.080817 46.860004
603 -31.378732 123.315594 46.860004
606 -31.387093 125.100143 46.860004
607 -31.396541 125.595053 46.860004
608 -31.401958 126.014974 46.860004
609 -31.399578 126.277459 46.860004
610 -31.406473 126.742322 46.860004
611 -31.405369 126.962138 46.860004
612 -31.398709 127.352045 46.860004
613 -31.412462 127.646321 46.860004
614 -31.456518 128.008451 46.860004
615 -31.472979 128.503080 46.860004
616 -31.476645 129.028067 46.860004
620 -32.024477 130.917589 46.860004
621 -32.525782 131.330775 46.860004
622 -33.052330 131.711787 46.860004
623 -33.591323 132.075079 46.860004
624 -34.135013 132.431306 46.860004
625 -34.681091 132.783862 46.860004
626 -35.224514 133.140487 46.860004
627 -35.759923 133.508954 46.860004
628 -36.274134 133.906367 46.860004
629 -36.759985 134.333987 46.860004
630 -37.126476 134.762462 46.860004
634 -37.192620 136.715704 46.860004
635 -37.162596 136.767652 46.860004
636 -37.162596 136.767652 46.860004
637 -37.088124 136.652861 46.860004
638 -37.108149 136.215347 46.860004
639 -37.226308 135.727346 46.860004
640 -37.342086 135.238546 46.860004
641 -37.329435 134.675763 46.860004
642 -37.002190 134.122311 46.860004
643 -36.509823 133.698953 46.860004
644 -35.974910 133.329745 46.860004
647 -33.854608 131.940420 46.860004
648 -33.318389 131.573055 46.860004
649 -32.787814 131.197613 46.860004
650 -32.265922 130.810773 46.860004
651 -31.820044 130.353827 46.860004
652 -31.551934 129.825922 46.860004
653 -31.427318 129.345960 46.860004
654 -31.296037 128.872646 46.860004
655 -31.168502 128.398276 46.860004
656 -31.049853 127.921735 46.860004
657 -31.024522 127.743526 46.860004
661 -30.960046 125.940872 46.860004
662 -30.966030 125.646623 46.860004
663 -31.021362 125.285908 46.860004
664 -31.057754 124.752328 46.860004
665 -31.036640 124.273246 46.860004
666 -30.979049 123.741358 46.860004
667 -30.948863 123.262497 46.860004
668 -30.942933 122.782607 46.860004
669 -30.930825 122.247781 46.860004
670 -30.906928 121.778466 46.860004
671 -30.880055 121.244172 46.860004
675 -30.825294 119.330554 46.900959
676 -30.850026 118.796529 46.900959
677 -30.907350 118.319992 46.900959
678 -30.952779 117.787088 46.900959
679 -30.962846 117.252232 46.900959
680 -30.954460 116.772385 46.900959
681 -30.937789 116.367806 46.900959
682 -30.938440 116.082806 46.900959
683 -30.941923 115.607861 46.900959
684 -30.949069 115.372977 46.900959
685 -30.949997 114.923040 46.900959
689 -30.892845 113.607150 46.900959
690 -30.919142 113.083383 46.900959
691 -30.999844 112.650882 46.900959
692 -31.069846 112.236967 46.900959
693 -31.089478 111.962679 46.900959
694 -31.104831 111.437945 46.900959
695 -31.104925 111.042985 46.900959
696 -31.085417 110.768680 46.900959
697 -31.070029 110.243929 46.900959
698 -31.063396 109.763985 46.900959
699 -31.069389 109.239068 46.900959
702 -31.023180 107.915984 46.900959
703 -31.051435 107.562504 46.900959
704 -31.143384 107.066039 46.900959
705 -31.195296 106.898972 46.900959
706 -31.289381 106.429275 46.900959
707 -31.271188 105.945237 46.900959
708 -31.232971 105.416627 46.900959
709 -31.195926 104.938137 46.900959
710 -31.201243 104.453319 46.900959
711 -31.198753 103.973473 46.900959
712 -31.198707 103.733611 46.900959
716 -30.914624 102.388118 46.900959
717 -30.857032 102.026544 46.900959
718 -30.883387 101.702710 46.900959
719 -30.913205 101.158528 46.900959
720 -30.919422 100.933665 46.900959
721 -30.937857 100.534145 46.900959
722 -30.974806 100.048131 46.900959
723 -31.000663 99.809569 46.900959
724 -31.043632 99.386792 46.900959
725 -31.081308 98.853135 46.900959
726 -31.123540 98.370126 46.900959
730 -31.710458 96.512598 46.900959
731 -32.198495 96.207810 46.900959
732 -32.838506 96.126674 46.900959
733 -33.482631 96.157834 46.900959
734 -34.127099 96.158777 46.900959
735 -34.773060 96.114622 46.900959
736 -35.419606 96.048970 46.860004
737 -36.054661 95.911766 46.860004
738 -36.685636 95.778761 46.860004
739 -37.148335 95.740518 46.860004
740 -37.378322 95.742696 46.860004
744 -37.530816 95.741685 46.860004
745 -37.521130 95.898566 46.860004
746 -37.224106 96.122745 46.860004
747 -36.621458 96.152646 46.860004
748 -35.974785 96.120121 46.860004
749 -35.328519 96.080300 46.860004
750 -34.683125 96.004577 46.860004
751 -34.047401 95.869982 46.860004
752 -33.423571 95.696950 46.860004
753 -32.808888 95.493500 46.860004
754 -32.190057 95.311705 46.860004
758 -31.023067 94.031018 46.860004
759 -30.940018 93.559580 46.860004
760 -30.961281 93.085154 46.860004
761 -30.961570 92.545169 46.860004
762 -30.938603 92.065952 46.860004
763 -30.832119 91.541779 46.860004
764 -30.677742 91.024616 46.860004
765 -30.599890 90.829580 46.860004
766 -30.425153 90.414904 46.860004
767 -30.282813 90.002951 46.860004
768 -30.214513 89.736625 46.860004
772 -29.957008 88.096095 46.860004
773 -29.921451 87.788272 46.860004
774 -29.783478 87.311175 46.860004
775 -29.508236 86.772460 46.860004
776 -29.318121 86.393793 46.860004
777 -29.260975 86.168476 46.860004
778 -29.125876 85.666472 46.860004
779 -29.002260 85.323309 46.860004
780 -28.841995 85.029193 46.860004
781 -28.634953 84.580847 46.860004
782 -28.512710 84.044942 46.860004
787 -27.977591 82.418611 46.900959
788 -27.946981 82.258204 46.900959
789 -28.159836 81.915681 46.900959
790 -28.668367 81.530162 46.900959
791 -29.248719 81.244447 46.900959
792 -29.866918 81.044094 46.900959
793 -30.493132 80.869904 46.900959
794 -31.098524 80.635025 46.900959
795 -31.671670 80.328857 46.900959
796 -32.225788 79.989133 46.900959
797 -32.773856 79.639675 46.900959
802 -35.688560 77.684110 47.735313
803 -36.199401 77.312064 47.735313
804 -36.585393 76.833405 47.735313
805 -36.862063 76.361209 48.080143
806 -37.020020 76.039342 48.080143
807 -37.203135 75.758869 48.080142
808 -37.523296 75.263491 48.080142
809 -37.793070 74.787108 48.080142
810 -38.036676 74.359251 48.080142
811 -38.167600 74.167138 48.080142
812 -38.476826 73.736723 48.080142
816 -39.387074 72.320830 48.080142
817 -39.445010 72.246399 48.080142
818 -39.636549 72.197857 48.080142
819 -39.874305 72.450007 48.080142
820 -39.972496 72.909324 48.080142
821 -39.952559 73.105515 48.080142
822 -39.918399 73.583836 48.080142
823 -39.994936 74.081661 48.080142
824 -40.142041 74.490832 48.080142
825 -40.232778 74.685740 48.080142
826 -40.462048 75.141265 48.080142
832 -43.068369 78.288390 48.080142
833 -43.576699 78.693335 48.080142
834 -44.099976 79.078922 48.080142
835 -44.622458 79.465581 48.080142
836 -45.132775 79.868129 48.080142
837 -45.635192 80.280523 48.080142
838 -46.133925 80.697373 48.080142
839 -46.626897 81.121000 48.080142
840 -47.121656 81.542553 48.080142
841 -47.624249 81.954693 48.080142
842 -48.152327 82.333117 48.080142
850 -52.295930 84.483424 48.080142
851 -52.295930 84.483424 48.080142
852 -52.329078 84.449678 48.080142
853 -52.388542 84.182883 48.080142
854 -52.134181 83.866485 48.080142
855 -51.522874 83.733800 48.080142
856 -50.873035 83.724458 48.080142
857 -50.356838 83.687843 48.080142
858 -49.581302 83.608667 48.080142
859 -48.945490 83.474577 48.080142
860 -48.328682 83.270637 48.080142
867 -43.999178 81.332878 51.117317
868 -43.854221 81.239549 51.117317
869 -43.779423 80.857294 51.117317
870 -43.859317 80.359616 51.395137
871 -43.969506 80.024863 51.395137
872 -44.091026 79.832638 51.395137
873 -44.281130 79.425910 51.726397
874 -44.344674 78.967960 51.726397
875 -44.312253 78.745367 51.673011
876 -44.287491 78.266475 51.673011
877 -44.313026 77.907724 51.673011
885 -44.974444 75.053021 51.507864
886 -44.974444 75.053021 51.507864
887 -44.966962 75.046387 51.507864
888 -44.722129 74.999279 51.507864
889 -44.404190 75.166164 51.673011
890 -44.256789 75.373132 51.673011
891 -43.993634 75.855618 51.673011
892 -43.550580 76.327081 51.673011
893 -42.981361 76.637201 51.673011
894 -42.371314 76.861436 51.673011
895 -41.756898 77.073501 51.507864
903 -36.803602 78.642542 51.507864
904 -36.194083 78.868297 51.507864
905 -35.585951 79.097769 51.507864
906 -34.976430 79.323306 51.507864
907 -34.362964 79.538119 51.507864
908 -33.755310 79.768837 51.507864
909 -33.152500 80.011839 51.507864
910 -32.556916 80.272138 51.507864
911 -31.979330 80.570005 51.507864
912 -31.438021 80.928680 51.507864
913 -30.958987 81.367221 51.507864
921 -28.260314 84.386739 51.621121
922 -28.040785 84.708781 51.621121
923 -27.721981 85.162228 51.621121
924 -27.279481 85.618356 51.621121
925 -26.701342 85.904705 51.621121
926 -26.072515 86.053065 51.621121
927 -25.426490 86.090642 51.621121
928 -24.776989 86.070111 51.621121
929 -24.131457 86.019680 51.621121
930 -23.488677 85.966474 51.621121
931 -22.843322 85.914518 51.621121
939 -19.468549 85.397414 51.621121
940 -19.496260 85.426259 51.621121
941 -19.496260 85.426259 51.621121
942 -19.496260 85.426259 51.621121
943 -19.513429 85.436469 51.621121
944 -19.570107 85.563829 51.621121
945 -19.439235 85.735814 51.621121
946 -18.948945 85.848964 51.621121
947 -18.300650 85.850990 51.621121
948 -17.658920 85.786178 51.621121
949 -17.012070 85.773450 51.621121
958 -11.564636 85.358503 51.621121
959 -11.438853 85.325663 51.621121
960 -11.438853 85.325663 51.621121
961 -11.438853 85.325663 51.621121
962 -11.430582 85.383289 51.621121
963 -11.547221 85.546624 51.621121
964 -12.041761 85.658446 51.621121
965 -12.688597 85.686379 51.621121
966 -13.335500 85.745613 51.621121
967 -13.971881 85.864441 51.621121
968 -14.609509 85.975684 51.621121
976 -20.230656 85.907350 51.621121
977 -20.745034 85.928971 51.621121
978 -21.390288 85.982856 51.621121
979 -22.036367 86.025307 51.621121
980 -22.683507 86.046045 51.621121
981 -23.328402 86.040419 51.621121
982 -23.975469 86.016779 51.621121
983 -24.620229 86.002432 51.621121
984 -25.267705 86.007852 51.785906
985 -25.916703 86.043002 51.785906
986 -26.563942 86.045130 51.785906
995 -30.365762 82.886246 51.785906
996 -30.434707 82.817310 51.785906
997 -30.558738 82.645805 51.785906
998 -30.670963 82.195808 51.785906
999 -30.647799 81.902836 51.785906
1000 -30.519649 81.593398 51.785906
1001 -30.387736 81.174272 51.785906
1002 -30.363657 80.995893 51.785906
1003 -30.278291 80.549089 51.785906
1004 -30.179707 80.146093 51.785906
1005 -30.077642 79.901540 51.785906
1014 -29.310005 76.690415 51.785906
1015 -29.310005 76.690415 51.785906
1016 -29.329316 76.685310 51.785906
1017 -29.383762 76.700455 51.785906
1018 -29.400561 76.796371 51.785906
1019 -29.232238 76.940421 51.785906
1020 -28.762415 76.980904 51.785906
1021 -28.118507 76.929433 51.785906
1022 -27.476851 76.863920 51.785906
1023 -26.830441 76.829586 51.785906
1024 -26.182971 76.831647 51.785906
1033 -20.367786 77.151842 51.785906
1034 -19.724509 77.225543 51.785906
1035 -19.080089 77.287575 51.785906
1036 -18.434671 77.337480 51.785906
1037 -17.790938 77.406259 51.785906
1038 -17.144000 77.430343 51.785906
1039 -16.494051 77.438096 51.785906
1040 -15.846781 77.425046 51.785906
1041 -15.202970 77.386662 51.785906
1042 -14.558326 77.326693 51.785906
1043 -13.915337 77.250462 51.785906
1052 -10.346028 76.805979 51.785906
1053 -10.308779 76.741365 51.785906
1054 -10.368359 76.381096 51.785906
1055 -10.674087 75.850241 51.785906
1056 -11.119566 75.380659 51.785906
1057 -11.565896 74.918515 51.785906
1058 -11.802326 74.647573 51.785906
1059 -11.974678 74.372074 51.785906
1060 -12.293774 73.881801 51.785906
1061 -12.617520 73.425570 51.785906
1062 -12.831089 73.136067 51.785906
1073 -15.537982 69.052633 51.785906
1074 -15.555326 69.009039 51.785906
1075 -15.607699 68.963644 51.785906
1076 -15.687879 68.969068 51.785906
1077 -15.811967 69.168860 51.785906
1078 -15.898548 69.651785 51.785906
1079 -15.828141 70.194040 51.785906
1080 -15.722301 70.705600 51.785906
1081 -15.679532 71.226014 51.785906
1082 -15.678235 71.743468 51.785906
1083 -15.700051 72.216675 51.785906
1093 -16.543638 77.235473 51.785906
1094 -17.159839 77.420043 51.785906
1095 -17.805166 77.463991 51.785906
1096 -18.452200 77.442091 51.785906
1097 -19.095543 77.395970 51.785906
1098 -19.741496 77.351572 51.785906
1099 -20.388529 77.327399 51.785906
1100 -21.032632 77.293986 51.785906
1101 -21.680595 77.242592 51.785906
1102 -22.325858 77.188890 51.785906
1103 -22.970589 77.129069 51.785906
1114 -27.635151 75.071672 51.785906
1115 -27.676721 74.850994 51.785906
1116 -27.748243 74.396961 51.785906
1117 -27.759484 73.897223 51.785906
1118 -27.756316 73.417236 51.785906
1119 -27.739344 72.932559 51.785906
1120 -27.747250 72.397623 51.785906
1121 -27.748627 71.917626 52.218197
1122 -27.738709 71.387843 52.218197
1123 -27.746412 70.908097 53.158820
1124 -27.669205 70.374942 53.158820
1134 -24.411774 67.121430 56.325662
1135 -24.411774 67.121430 56.325662
1136 -24.423409 67.093887 56.325662
1137 -24.628640 67.003108 56.325662
1138 -25.151085 67.006897 56.325662
1139 -25.792907 67.109337 56.325662
1140 -26.437538 67.166146 56.325662
1141 -27.061346 67.117605 56.325662
1142 -27.498788 66.892636 56.325662
1143 -27.816462 66.396167 56.325662
1144 -27.962056 65.884240 56.325662
1156 -28.254317 60.142953 63.119729
1157 -28.403002 59.589974 63.119729
1158 -28.850346 59.134389 64.300701
1159 -29.462497 58.918055 64.300701
1160 -30.086467 58.736252 65.517175
1161 -30.717108 58.578937 65.517175
1162 -31.330002 58.364135 66.682083
1163 -31.919798 58.091204 66.682083
1164 -32.495155 57.788898 67.234665
1165 -32.996683 57.488000 67.234665
1166 -33.580108 57.074897 67.591865
1178 -37.327667 53.778778 67.627954
1179 -37.311540 53.766967 67.627954
1180 -37.046551 53.708228 67.627954
1181 -36.534376 53.921661 67.627954
1182 -36.150087 54.420246 67.627954
1183 -35.874344 54.872838 67.627954
1184 -35.534600 55.395443 67.627954
1185 -35.118641 55.890708 67.627954
1186 -34.646666 56.337573 67.627954
1187 -34.160903 56.769420 67.627954
1188 -33.665275 57.189944 67.627954
1202 -31.311902 62.633346 67.627954
1203 -31.306054 62.685520 67.627954
1204 -31.306054 62.685520 67.627954
1205 -31.306054 62.685520 67.627954
1206 -31.306054 62.685520 67.627954
1207 -31.379599 62.626016 67.627954
1208 -31.488840 62.287134 67.627954
1209 -31.267121 61.721551 67.627954
1210 -30.963094 61.272777 67.627954
1211 -30.571963 60.763139 67.627954
1212 -30.472848 60.628141 67.627954
1225 -28.055623 55.313990 69.393517
1226 -27.927963 54.988148 69.393517
1227 -27.822329 54.649288 69.393517
1228 -27.613473 54.164144 70.318847
1229 -27.173484 53.690745 70.318847
1230 -26.584516 53.285755 70.318847
1231 -26.141943 53.012772 71.248440
1232 -25.601012 52.652686 71.248440
1233 -25.081351 52.262319 71.248440
1234 -24.672492 51.917430 71.984028
1249 -24.325128 51.582668 71.984028
1250 -24.325128 51.582668 71.984028
1251 -24.361946 51.549287 71.984028
1252 -24.684656 51.551940 71.984028
1253 -25.162981 51.908034 71.984028
1254 -25.524024 52.356574 71.984028
1255 -25.629051 52.502545 71.984028
1256 -25.849632 52.934360 71.984028
1257 -26.188723 53.458664 71.984028
1258 -26.611835 53.931532 71.984028
1259 -27.055042 54.296934 71.984028
1273 -28.219165 59.304571 71.984028
1274 -28.260706 59.576254 71.984028
1275 -28.303119 60.074404 71.984028
1276 -28.314941 60.384007 71.984028
1277 -28.303602 60.708801 71.984028
1278 -28.306607 61.053628 71.984028
1279 -28.353085 61.324614 71.984028
1280 -28.405327 61.831770 71.984028
1281 -28.421237 62.141250 71.984028
1282 -28.416467 62.466209 71.984028
1283 -28.433367 62.775398 71.984028
1297 -29.594177 68.290852 71.984028
1298 -29.617118 68.393269 71.984028
1299 -29.677567 68.803527 71.984028
1300 -29.693910 69.042738 71.984028
1301 -29.699883 69.407682 71.984028
1302 -29.741188 69.930934 71.984028
1303 -29.782892 70.146213 71.984028
1304 -29.914462 70.539763 71.984028
1305 -29.997903 70.866427 71.984028
1306 -30.068173 71.224595 71.984028
1307 -30.195145 71.733919 71.984028
1322 -32.696952 76.982806 71.984028
1323 -33.261389 77.291418 71.984028
1324 -33.890018 77.437856 71.984028
1325 -34.536588 77.468936 71.984028
1326 -35.184069 77.473750 71.984028
1327 -35.831392 77.487458 71.984028
1328 -36.475584 77.518913 71.984028
1329 -37.121024 77.569709 71.984028
1330 -37.762887 77.632935 71.984028
1331 -38.406683 77.702094 71.984028
1332 -39.049359 77.780746 71.984028
1346 -48.313830 78.744638 71.984028
1347 -48.951652 78.854230 71.984028
1348 -49.576831 79.031380 71.984028
1349 -50.190648 79.244673 71.984028
1350 -50.788750 79.472179 71.984028
1351 -51.418503 79.619130 71.984028
1352 -52.064158 79.649422 71.984028
1353 -52.696683 79.510067 71.984028
1354 -53.282575 79.230467 71.984028
1355 -53.821401 78.868644 71.984028
1356 -54.263089 78.396195 71.984028
1371 -55.518283 76.766183 71.984028
1372 -55.518283 76.766183 71.984028
1373 -55.518283 76.766183 71.984028
1374 -55.518283 76.766183 71.984028
1375 -55.614858 76.783875 71.984028
1376 -55.690343 77.015587 71.984028
1377 -55.402462 77.459467 71.984028
1378 -54.868148 77.828039 71.984028
1379 -54.273972 78.076930 71.984028
1380 -54.068392 78.155262 71.984028
1381 -53.657694 78.371361 71.984028
1396 -47.813397 79.624994 71.984028
1397 -47.232183 79.660402 71.984028
1398 -46.591551 79.735311 71.984028
1399 -45.946640 79.792010 71.984028
1400 -45.302592 79.827024 71.984028
1401 -44.655942 79.859994 71.984028
1402 -44.008722 79.878808 71.984028
1403 -43.361457 79.896251 71.984028
1404 -42.714192 79.913695 71.984028
1405 -42.066886 79.929257 71.984028
1406 -41.419445 79.937597 71.984028
1421 -31.814771 80.749638 71.984028
1422 -31.356700 81.112449 71.984028
1423 -30.904438 81.575352 71.984028
1424 -30.527482 82.009525 71.984028
1425 -30.097550 82.469961 71.984028
1426 -29.689648 82.936799 71.984028
1427 -29.321177 83.378190 71.984028
1428 -29.223003 83.528942 71.984028
1429 -28.945044 83.926227 71.984028
1430 -28.538759 84.423889 71.984028
1431 -28.116455 84.901417 71.984028
1446 -19.511205 83.410091 71.984028
1447 -19.313697 83.371962 71.984028
1448 -19.023940 83.423801 71.984028
1463 -18.706694 83.534813 71.984028
1464 -18.706694 83.534813 71.984028
1465 -18.664803 83.550612 71.984028
1466 -18.574361 83.678890 71.984028
1467 -18.640145 83.841037 71.984028
1468 -19.041642 83.974471 71.984028
1469 -19.669550 83.886450 71.984028
1470 -20.307143 83.777591 71.984028
1471 -20.953810 83.793382 71.984028
1472 -21.567949 83.990353 71.984028
1473 -22.072732 84.396868 71.984028
1488 -27.757765 84.047583 71.984028
1489 -27.786644 83.613759 71.984028
1490 -27.828047 83.175711 71.984028
1491 -27.866757 82.943936 71.984028
1492 -27.903728 82.540748 71.984028
1493 -27.891504 82.323599 71.984028
1494 -27.876703 81.853832 71.984028
1495 -27.870306 81.358960 71.984028
1496 -27.881067 80.884082 71.984028
1497 -27.901203 80.454583 71.984028
1498 -27.888353 80.219935 71.984028
1513 -28.572681 73.099029 71.984028
1514 -28.656464 72.626416 71.984028
1515 -28.743273 72.108743 71.984028
1516 -28.795477 71.631639 71.984028
1517 -28.815194 71.147160 71.984028
1518 -28.867905 70.928604 71.984028
1519 -28.954443 70.487151 71.984028
1520 -29.008541 69.939840 71.984028
1521 -29.081103 69.465500 71.984028
1522 -29.228694 68.946135 71.984028
1523 -29.309812 68.802699 71.984028
1538 -30.956492 62.384990 71.984028
1539 -31.061522 62.130954 71.984028
1540 -31.196483 61.619651 71.984028
1541 -31.204948 61.395028 71.984028
1542 -31.203823 60.935033 71.984028
1543 -31.227772 60.711559 71.984028
1544 -31.273877 60.254018 71.984028
1545 -31.297742 59.834827 71.984028
1546 -31.387626 59.580368 71.984028
1547 -31.618271 59.065827 71.984028
1548 -32.062564 58.595565 71.984028
1563 -40.650782 53.997626 71.984028
1564 -41.233778 53.710968 71.984028
1565 -41.828313 53.454499 71.984028
1566 -42.410805 53.166222 71.984028
1567 -42.978526 52.849774 71.984028
1568 -43.533376 52.511253 71.984028
1569 -44.079382 52.158653 71.984028
1570 -44.594852 51.763068 71.984028
1571 -45.078966 51.329429 71.984028
1572 -45.537294 50.868679 71.984028
1573 -45.974715 50.387922 71.984028
1588 -46.613752 49.363585 71.984028
1589 -46.569744 49.345894 71.984028
1590 -46.279333 49.352751 71.984028
1591 -45.817074 49.672064 71.984028
1592 -45.371375 50.129313 71.984028
1593 -45.141657 50.456629 71.984028
1594 -44.970427 50.671811 71.984028
1595 -44.654523 51.121495 71.984028
1596 -44.371591 51.589967 71.984028
1597 -43.916680 52.050235 71.984028
1598 -43.363904 52.391145 71.984028
1613 -34.561896 57.000408 71.984028
1614 -33.992740 57.314342 71.984028
1615 -33.423693 57.628449 71.984028
1616 -32.858412 57.949309 71.984028
1617 -32.301329 58.284079 71.984028
1618 -31.805804 58.670323 71.984028
1619 -31.520664 59.088779 71.984028
1620 -31.363572 59.585968 71.984028
1621 -31.370973 59.798906 71.984028
1622 -31.447940 60.206302 71.984028
1623 -31.469660 60.445298 71.984028
1639 -31.363683 66.134550 71.984028
1640 -31.373397 66.504418 71.984028
1641 -31.376487 66.701883 71.984028
1642 -31.377721 67.136882 71.984028
1643 -31.359713 67.336061 71.984028
1644 -31.319567 67.824373 71.984028
1645 -31.335196 67.960923 71.984028
1646 -31.363531 68.389868 71.984028
1647 -31.355004 68.591977 71.984028
1648 -31.336123 69.041559 71.984028
1649 -31.317917 69.571244 71.984028
1664 -31.368036 74.456103 71.984028
1665 -31.409246 74.946557 71.984028
1666 -31.427960 75.191954 71.984028
1667 -31.430250 75.506940 71.984028
1668 -31.452607 76.021407 71.984028
1669 -31.475217 76.380665 71.984028
1670 -31.473559 76.635649 71.984028
1671 -31.487393 77.070382 71.984028
1672 -31.508182 77.384651 71.984028
1673 -31.525907 77.749209 71.984028
1674 -31.546852 78.148626 71.984028
1689 -31.446927 84.082553 71.984028
1690 -31.446157 84.587543 71.984028
1691 -31.466121 85.112140 71.984028
1692 -31.475694 85.541969 71.984028
1693 -31.472394 85.759278 71.984028
1694 -31.458902 86.173971 71.984028
1695 -31.479148 86.633400 71.984028
1696 -31.481770 86.848378 71.984028
1697 -31.495832 87.353182 71.984028
1698 -31.496894 87.838110 71.984028
1699 -31.485304 88.342936 71.984028
1715 -31.382613 94.827256 71.984028
1716 -31.425690 95.083625 71.984028
1717 -31.460797 95.466876 71.984028
1718 -31.465298 95.739339 71.984028
1719 -31.470085 96.124288 71.984028
1720 -31.463677 96.376704 71.984028
1721 -31.457759 96.829120 71.984028
1722 -31.464277 97.054026 71.984028
1723 -31.471538 97.533964 71.984028
1724 -31.473192 97.868861 71.984028
1725 -31.458501 98.193511 71.984028
1740 -31.354631 104.327607 71.984028
1741 -31.525584 104.743841 71.984028
1742 -31.856118 105.290871 71.984028
1743 -32.268509 105.786156 71.984028
1744 -32.730624 106.243176 71.984028
1745 -33.199254 106.693601 71.984028
1746 -33.662049 107.146447 71.984028
1747 -34.123484 107.604237 71.984028
1748 -34.579689 108.056652 71.984028
1749 -35.039398 108.512617 71.984028
1750 -35.525776 108.939960 71.984028
1766 -36.942200 114.805691 71.984028
1767 -36.974242 115.000563 71.984028
1768 -37.060504 115.467616 71.984028
1769 -37.096348 115.910959 71.984028
1770 -37.105252 116.363371 71.984028
1771 -37.097296 116.578202 71.984028
1772 -37.095501 117.068190 71.984028
1773 -37.100315 117.483149 71.984028
1774 -37.140413 117.694320 71.984028
1775 -37.179440 118.152305 71.984028
1776 -37.183249 118.642149 71.984028
1791 -38.942106 123.775765 71.984028
1792 -39.524597 123.774689 71.984028
1793 -40.039489 123.764294 71.984028
1794 -40.184435 123.760354 71.984028
1809 -40.492677 123.696813 71.984028
1810 -40.344527 123.634370 71.984028
1811 -40.011061 123.650256 71.984028
1812 -39.423165 123.769777 71.984028
1813 -38.779532 123.852986 71.984028
1814 -38.141738 123.759378 71.984028
1815 -37.659914 123.350268 71.984028
1816 -37.412861 122.849274 71.984028
1817 -37.327581 122.417849 71.984028
1818 -37.346852 122.183780 71.984028
1819 -37.386492 121.670354 71.984028
1835 -37.297627 115.949488 71.984028
1836 -37.302316 115.674531 71.984028
1837 -37.310311 115.289629 71.984028
1838 -37.326315 115.015096 71.984028
1839 -37.334027 114.630385 71.984028
1840 -37.276966 114.361465 71.984028
1841 -37.231083 113.979479 71.984028
1842 -37.223126 113.707095 71.984028
1843 -37.216016 113.322191 71.984028
1844 -37.219656 113.069736 71.984028
1845 -37.210847 112.569816 71.984028
1860 -32.971883 105.753269 71.984028
1861 -32.602914 105.386857 71.984028
1862 -32.144787 104.929295 71.984028
1863 -31.920064 104.667639 71.984028
1864 -31.941831 104.688284 71.984028
1865 -31.999875 104.743337 71.984028
1866 -31.994858 104.741705 71.984028
1867 -31.953925 104.712970 71.984028
1868 -31.962153 104.731200 71.984028
1869 -31.982769 104.752994 71.984028
1870 -31.897713 104.691485 71.984028
1886 -30.921123 98.862301 71.984028
1887 -30.917767 98.422314 71.984028
1888 -30.932786 98.207840 71.984028
1889 -30.950237 97.763211 71.984028
1890 -30.945994 97.548253 71.984028
1891 -30.937214 97.103339 71.984028
1892 -30.940913 96.920877 71.984028
1893 -30.944747 96.485920 71.984028
1894 -30.932741 96.072390 71.984028
1895 -30.896166 95.832711 71.984028
1896 -30.872256 95.375982 71.984028
1911 -30.794186 89.780511 71.984028
1912 -30.792642 89.458118 71.984028
1913 -30.802898 89.133310 71.984028
1914 -30.803721 88.743351 71.984028
1915 -30.784671 88.469013 71.984028
1916 -30.769801 87.954254 71.984028
1917 -30.767919 87.474351 71.984028
1918 -30.779351 87.164673 71.984028
1919 -30.800498 86.840470 71.984028
1920 -30.793933 86.495686 71.984028
1921 -30.743862 86.225349 71.984028
1936 -30.673376 80.958609 71.984028
1937 -30.648001 80.645240 71.984028
1938 -30.715064 80.135081 71.984028
1939 -30.765038 79.900972 71.984028
1940 -30.858637 79.589963 71.984028
1941 -30.908975 79.043234 71.984028
1942 -30.886732 78.589020 71.984028
1943 -30.858198 78.351378 71.984028
1944 -30.781061 77.995079 71.984028
1945 -30.760707 77.711010 71.984028
1946 -30.757531 77.346029 71.984028
1962 -30.745933 72.370913 71.984028
1963 -30.778647 71.887773 71.984028
1964 -30.846500 71.468248 71.984028
1965 -30.852817 71.253357 71.984028
1966 -30.843904 70.818505 71.984028
1967 -30.806524 70.606868 71.984028
1968 -30.768953 70.173781 71.984028
1969 -30.771387 69.958795 71.984028
1970 -30.776311 69.523823 71.984028
1971 -30.787028 69.309091 71.984028
1972 -30.791430 68.874213 71.984028
1987 -30.640798 63.896295 71.984028
1988 -30.677582 63.473094 71.984028
1989 -30.705193 63.239758 71.984028
1990 -30.742490 62.816610 71.984028
1991 -30.739776 62.281716 71.984028
1992 -30.710948 61.802702 71.984028
1993 -30.680823 61.323740 71.984028
1994 -30.654914 60.789372 71.984028
1995 -30.616920 60.320999 71.984028
1996 -30.584092 59.787053 71.984028
1997 -30.579674 59.307150 71.984028
2013 -30.432482 52.687328 71.984028
2014 -30.430703 52.312674 71.984028
2015 -30.462697 52.100847 71.984028
2016 -30.532667 51.737864 72.550260
2017 -30.542380 51.278439 72.550260
2018 -30.507462 51.066389 72.550260
2019 -30.460821 50.563667 73.700070
2020 -30.431054 50.039565 73.700070
2021 -30.427397 49.559642 73.700070
2022 -30.415356 49.029785 74.752527
2023 -30.389111 48.545540 74.752527
2038 -30.253057 41.925767 81.860004
2039 -30.246271 41.906964 81.860004
2040 -30.117220 41.824744 81.860004
2041 -29.711301 41.883733 83.274127
2042 -29.128219 42.146828 83.274127
2043 -28.553522 42.450485 83.274127
2044 -27.991850 42.766892 83.897678
2045 -27.482603 43.142918 83.897678
2046 -26.909439 43.445071 83.897678
2047 -26.280947 43.608714 83.897678
2048 -25.641940 43.727731 83.897678
2065 -21.596205 44.760353 83.897678
2066 -21.596205 44.760353 83.897678
2067 -21.640492 44.703801 83.897678
2068 -21.961576 44.635166 83.897678
2069 -22.544278 44.687359 83.897678
2070 -23.184061 44.786997 83.897678
2071 -23.826030 44.847214 83.897678
2072 -24.475384 44.838549 83.928662
2073 -25.120985 44.790812 83.928662
2074 -25.762433 44.754545 83.928662
2075 -26.409705 44.746382 83.928662
2092 -37.693247 44.256955 83.928662
2093 -38.245129 44.148511 83.928662
2094 -38.875301 43.989276 83.928662
2095 -39.502902 43.820141 83.928662
2096 -40.124809 43.631287 83.928662
2097 -40.743336 43.431518 83.928662
2098 -41.357522 43.218845 83.928662
2099 -41.970370 43.002292 83.928662
2100 -42.570631 42.766494 83.928662
2101 -43.177198 42.532933 83.928662
2102 -43.782559 42.296243 83.928662
2120 -46.825414 40.563292 83.928662
2121 -46.635851 40.371035 83.928662
2122 -46.354126 40.132577 83.928662
2123 -45.816121 39.938620 83.928662
2124 -45.179348 39.821672 83.928662
2125 -44.547266 39.670307 83.928662
2126 -43.916952 39.522171 83.928662
2127 -43.278900 39.398386 83.928662
2128 -42.638907 39.300325 83.928662
2129 -41.995497 39.208070 83.928662
2130 -41.354587 39.116033 83.928662
2149 -37.651051 38.460137 83.928662
2150 -37.460972 38.376126 83.928662
2151 -36.955608 38.406507 83.928662
2152 -36.322361 38.541526 83.928662
2153 -35.681505 38.632180 83.928662
2154 -35.038783 38.686185 83.928662
2155 -34.393180 38.657199 83.928662
2156 -33.754737 38.537175 83.928662
2157 -33.147296 38.321926 83.928662
2158 -32.529439 38.140187 83.928662
2159 -31.887721 38.085240 83.928662
2178 -22.274837 38.970165 87.184060
2179 -22.274837 38.970165 87.184060
2180 -22.310803 38.919792 87.184060
2181 -22.590863 38.856175 87.184060
2182 -23.123415 38.902000 87.184060
2183 -23.763577 39.013341 87.184060
2184 -24.393451 39.162507 87.184060
2185 -24.894818 39.290652 87.159281
2186 -25.532745 39.371942 87.159281
2187 -26.168617 39.301521 87.159281
2188 -26.792272 39.156287 87.184060
2207 -28.194551 31.751227 89.326034
2208 -28.201812 31.732604 89.326034
2209 -28.400117 31.608394 89.326034
2210 -28.933904 31.655632 89.326034
2211 -29.557804 31.808881 89.326034
2212 -30.192656 31.934993 89.326034
2213 -30.836944 31.997032 89.326034
2214 -31.484277 31.997839 89.326034
2215 -32.131326 31.973761 89.326034
2216 -32.775829 31.948436 89.326034
2217 -33.422876 31.924268 89.326034
2237 -39.892511 30.644312 92.984409
2238 -39.892511 30.644312 92.984409
2239 -39.892511 30.644312 93.175213
2240 -39.892511 30.644312 93.175213
2241 -39.972702 30.647870 93.175213
2242 -40.099186 30.847555 93.175213
2243 -39.943281 31.210553 93.175213
2244 -39.353013 31.408891 93.175213
2245 -38.712523 31.416907 93.175213
2246 -38.074651 31.306030 93.175213
2247 -37.431588 31.211582 93.175213
2268 -28.747713 25.825922 93.366056
2269 -28.756672 25.794775 93.366056
2270 -28.990927 25.642915 93.366056
2271 -29.520207 25.685986 93.366056
2272 -30.086197 25.812531 93.366056
2273 -30.786668 25.941489 93.366056
2274 -31.432127 25.987616 93.366056
2275 -32.077039 25.980440 93.366056
2276 -32.726653 25.958704 93.175213
2277 -33.371072 25.877888 93.175213
2278 -33.997956 25.716697 93.175213
2301 -35.485463 25.238994 93.175213
2302 -35.485463 25.238994 93.175213
2303 -35.485463 25.238994 93.175213
2304 -35.485463 25.238994 93.175213
2305 -35.485463 25.238994 93.175213
2306 -35.485463 25.238994 93.175213
2307 -35.400316 25.378436 93.175213
2308 -34.964058 25.493735 93.175213
2309 -34.322550 25.521599 93.175213
2310 -33.672831 25.503398 93.175213
2311 -33.025942 25.475814 93.175213
2334 -34.297374 17.864664 101.196148
2335 -34.277186 17.833180 101.196148
2336 -34.023845 17.733143 101.196148
2337 -33.479419 17.753909 101.196148
2338 -32.833316 17.824807 101.196148
2339 -32.191324 17.886402 101.196148
2340 -31.545761 17.936434 101.196148
2341 -30.899202 17.971237 101.196148
2342 -30.255018 18.003663 101.028810
2343 -29.607898 18.025230 101.028810
2344 -28.960511 18.037277 101.028810
2368 -19.252249 19.041751 101.140004
2369 -19.252249 19.041751 101.140004
2370 -19.195971 19.067682 101.140004
2371 -19.102198 19.269319 101.140004
2372 -19.119588 19.733529 101.140004
2373 -19.185725 20.148107 101.140004
2374 -19.241948 20.564299 101.140004
2375 -19.244680 20.838828 101.140004
2376 -19.183377 21.360112 101.140004
2377 -19.112574 21.794271 101.140004
2378 -19.092914 22.308819 101.140004
2404 -18.285239 29.869170 101.140004
2405 -18.209274 29.661572 101.140004
2406 -18.211138 29.211903 101.140004
2407 -18.269305 28.745519 101.140004
2408 -18.309484 28.534313 101.140004
2409 -18.357226 28.072020 101.140004
2410 -18.357159 27.657091 101.140004
2411 -18.345032 27.052373 101.140004
2412 -18.354143 26.522451 101.140004
2413 -18.372014 26.358429 101.140004
2414 -18.421337 25.891057 101.140004
2441 -28.615161 19.108873 101.140004
2442 -29.256989 19.027826 101.140004
2443 -29.902987 18.983764 101.290969
2444 -30.546641 18.914542 101.290969
2445 -31.186461 18.800413 101.290969
2446 -31.820797 18.658707 101.290969
2447 -32.453333 18.509131 101.290969
2448 -33.083621 18.350314 101.290969
2449 -33.712208 18.184941 101.290969
2450 -34.339164 18.013630 101.290969
2451 -34.970000 17.857038 101.290969
2479 -41.535529 11.502443 108.519586
2480 -41.535529 11.502443 108.519586
2481 -41.535529 11.502443 108.519586
2482 -41.535529 11.502443 109.924431
2483 -41.588960 11.538319 109.924431
2484 -41.651733 11.849544 109.924431
2485 -41.335143 12.326128 109.924431
2486 -40.837973 12.741808 109.924431
2487 -40.299005 13.105095 109.924431
2488 -39.765689 13.476534 109.924431
2489 -39.255615 13.879189 109.924431
2505 -30.631958 18.315053 109.924431
2506 -30.118212 18.376573 109.924431
2507 -29.475585 18.431732 109.924431
2508 -28.830848 18.491479 109.924431
2509 -28.184794 18.562720 109.924431
2510 -27.543692 18.653381 109.924431
2511 -26.902096 18.740576 109.924431
2512 -26.258734 18.833199 109.924431
2513 -25.618810 18.931798 109.924431
2514 -24.976911 19.034096 109.924431
2515 -24.335402 19.138791 109.924431
2544 -6.819402 22.499632 109.924431
2545 -6.819402 22.499632 109.924431
2546 -6.743967 22.436011 109.924431
2547 -6.686026 22.043298 109.924431
2548 -6.736354 21.642431 109.924431
2549 -6.863326 21.410140 109.924431
2550 -7.038833 21.024065 109.924431
2551 -7.135224 20.509168 109.924431
2552 -7.147417 20.016900 109.924431
2553 -7.147085 19.519516 109.924431
2554 -7.179474 19.063244 109.924431
2571 -8.597974 12.472232 109.924431
2572 -8.682967 12.406482 109.924431
2573 -9.041327 12.483821 110.000457
2574 -9.470229 12.936789 110.000457
2575 -9.644973 13.198436 110.000457
2576 -9.803270 13.516143 111.761266
2577 -10.092743 14.041182 111.761266
2578 -10.489975 14.539810 111.761266
2579 -10.944886 15.004015 111.761266
2580 -11.410293 15.454159 111.761266
2581 -11.871736 15.908317 111.761266
2614 -32.474679 17.661468 111.761266
2615 -33.119501 17.719708 111.761266
2616 -33.766601 17.736512 111.761266
2617 -34.416053 17.711947 111.761266
2618 -35.059991 17.674990 111.761266
2619 -35.681466 17.568799 111.761266
2620 -36.174696 17.203467 111.761266
2621 -36.367972 16.714865 111.761266
2622 -36.411096 16.219449 111.761266
2623 -36.391706 15.722424 111.761266
2624 -36.367502 15.265873 111.761266
2656 -35.257312 2.593368 111.761266
2657 -34.832281 2.191447 112.518890
2658 -34.354716 1.750712 112.518890
2659 -33.854235 1.336008 112.518890
2660 -33.353594 0.921483 112.518890
2661 -32.869517 0.502831 112.518890
2662 -32.538080 0.221119 112.518890
2696 -32.257903 -0.016358 119.095678
2697 -32.016723 -0.276257 119.095678
2698 -31.704547 -0.770046 119.095678
2699 -31.475569 -1.214405 119.095678
2700 -31.299407 -1.712719 119.095678
2701 -31.246069 -2.188872 119.095678
2702 -31.249927 -2.658713 125.902266
2703 -31.237802 -2.932784 125.902266
2704 -31.162891 -3.279761 125.902266
2705 -31.013836 -3.788184 127.116091
2706 -30.881690 -4.249482 127.116091
2725 -29.302315 -8.683762 134.141197
2726 -29.302315 -8.683762 134.141197
2727 -29.302315 -8.683762 134.141197
2728 -29.302315 -8.683762 134.141197
2729 -29.433408 -8.591933 134.141197
2730 -29.503923 -8.178814 134.160876
2731 -29.417941 -7.665902 134.160876
2732 -29.198830 -7.211644 134.160876
2733 -29.023993 -6.908629 134.160876
2734 -28.878670 -6.618024 134.160876
2735 -28.643710 -6.132305 134.160876
2755 -23.460824 -0.006298 134.180851
2756 -22.835729 0.171249 134.180851
2757 -22.212430 0.355575 134.180851
2758 -21.592607 0.551323 134.180851
2759 -20.973864 0.750425 134.180851
2760 -20.352996 0.942808 134.180851
2761 -19.735903 1.146481 134.180851
2762 -19.126870 1.373569 134.180851
2763 -18.514692 1.591864 134.180851
2764 -17.897686 1.796301 134.180851
2765 -17.283807 2.009900 134.180851
2802 -6.655376 14.722053 134.180851
2803 -6.655376 14.722053 134.180851
2804 -6.756583 14.822033 134.180851
2805 -7.187301 14.830815 134.180851
2806 -7.564823 14.431756 134.180851
2807 -7.658747 13.997320 134.180851
2808 -7.703927 13.726209 134.180851
2809 -7.820999 13.255636 134.180851
2810 -7.984066 12.751497 134.180851
2811 -8.060246 12.605157 134.180851
2812 -8.282249 12.185233 134.180851
2849 -12.780942 -2.554292 134.180851
2850 -12.615174 -2.934715 134.180851
2851 -12.449392 -3.458563 134.180851
2852 -12.310205 -3.891695 134.180851
2853 -12.247467 -4.097283 134.180851
2854 -12.064650 -4.578719 134.180851
2855 -11.992365 -4.726515 134.180851
2856 -11.780097 -5.082740 134.180851
2857 -11.594296 -5.599433 134.180851
2858 -11.485416 -6.056600 134.180851
2859 -11.336988 -6.549644 134.180851
2899 -10.047900 -10.948230 134.180851
2900 -10.047900 -10.948230 134.180851
2901 -10.047900 -10.948230 134.180851
2902 -10.047900 -10.948230 134.180851
2903 -10.072563 -10.931326 134.180851
2904 -10.136653 -10.664469 134.180851
2905 -9.945013 -10.149915 134.180851
2906 -9.539923 -9.645316 134.180851
2907 -9.061347 -9.209320 134.180851
2908 -8.576468 -8.776469 134.180851
2909 -8.165179 -8.364238 134.180851
2949 4.221924 -4.385813 134.180851
2950 4.411017 -4.578537 134.180851
2951 4.830220 -4.971881 134.180851
2952 5.362189 -5.343923 134.180851
2953 5.923770 -5.671131 134.180851
2954 6.451629 -6.050067 134.180851
2955 6.948807 -6.468557 134.180851
2956 7.416785 -6.919567 134.180851
2957 7.871076 -7.380941 134.180851
2958 8.321096 -7.839505 134.180851
2959 8.774083 -8.305661 134.180851
2982 9.894699 -9.423784 134.180851
2983 9.894699 -9.423784 134.180851
2984 9.840566 -9.462969 134.180851
2985 9.492780 -9.413225 134.180851
2986 9.015459 -9.018148 134.180851
2987 8.616184 -8.519601 134.180851
2988 8.364063 -8.088093 134.180851
2989 8.035614 -7.616921 134.180851
2990 7.610313 -7.132439 134.180851
2991 7.156218 -6.677994 134.180851
2992 6.689294 -6.225806 134.180851
3036 -8.294646 5.784428 134.180851
3037 -8.294646 5.784428 134.180851
3038 -8.201414 5.828613 134.180851
3039 -7.871766 5.695479 134.180851
3040 -7.650394 5.211718 134.180851
3041 -7.644920 4.997525 134.180851
3042 -7.640804 4.492635 134.180851
3043 -7.551135 3.986758 134.180851
3044 -7.476704 3.788134 134.180851
3045 -7.316004 3.427304 134.180851
3046 -7.033636 2.881205 134.180851
3091 7.462192 0.548975 134.180851
3092 7.538584 0.843239 134.180851
3093 7.703080 1.168999 134.180851
3094 7.914923 1.565984 134.180851
3095 8.036036 1.773164 134.180851
3096 8.274171 2.189860 134.180851
3097 8.478044 2.656775 134.180851
3098 8.558618 2.903785 134.180851
3099 8.675003 3.249630 134.180851
3100 8.786145 3.522481 134.180851
3101 8.967901 3.838955 134.180851
3147 9.968949 5.508815 134.180851
3148 10.018562 5.313737 134.180851
3149 9.924145 4.818892 134.180851
3150 9.632895 4.282845 134.180851
3151 9.280915 3.789248 134.180851
3152 9.004482 3.333324 134.180851
3153 8.844923 3.002558 134.180851
3154 8.666401 2.719092 134.180851
3155 8.439873 2.269102 134.180851
3156 8.245890 1.781645 134.180851
3157 7.926182 1.239524 134.180851
3203 -6.835688 3.181216 134.180851
3204 -7.099908 3.628973 134.180851
3205 -7.167006 3.779700 134.180851
3206 -7.337145 4.180037 134.180851
3207 -7.609858 4.716732 134.180851
3208 -7.747404 4.924683 134.180851
3209 -7.975187 5.196828 134.180851
3210 -8.288601 5.707524 134.180851
3211 -8.352319 5.875816 134.180851
3212 -8.536013 6.324562 134.180851
3213 -8.816181 6.837667 134.180851
3260 -25.023951 20.900393 134.180851
3261 -25.571272 21.106885 134.180851
3262 -26.193075 21.295096 134.180851
3263 -26.817631 21.463451 134.180851
3264 -27.370480 21.799511 134.180851
3265 -27.763580 22.272837 134.180851
3266 -28.074701 22.772421 134.180851
3267 -28.310326 23.268218 134.180851
3268 -28.443618 23.729238 134.180851
3269 -28.579474 24.194533 134.180851
3270 -28.741475 24.608738 134.180851
3316 -43.715139 24.070672 134.180851
3317 -43.715139 24.070672 134.180851
3318 -43.642812 24.027475 134.180851
3319 -43.399903 24.037267 134.180851
3320 -43.158893 24.373501 134.180851
3321 -43.123785 24.604908 134.180851
3322 -43.092300 25.028733 134.180851
3323 -43.042381 25.561300 134.180851
3324 -42.916044 26.049706 134.180851
3325 -42.687635 26.510629 134.180851
3326 -42.397566 26.971767 134.180851
3373 -31.516914 21.864612 134.180851
3374 -31.648679 21.652228 134.180851
3375 -32.007839 21.223077 134.180851
3376 -32.467009 20.763132 134.180851
3377 -32.945906 20.323698 134.180851
3378 -33.434103 19.894579 134.180851
3379 -33.918489 19.461158 134.180851
3380 -34.401329 19.025998 134.180851
3381 -34.884649 18.591374 134.180851
3382 -35.368403 18.157233 134.180851
3383 -35.837775 17.733302 134.180851
3430 -31.338424 -1.922422 134.180851
3431 -31.214420 -2.430443 134.180851
3432 -31.220461 -2.909983 134.180851
3433 -31.243317 -3.090766 134.180851
3434 -31.285187 -3.488389 134.180851
3435 -31.299938 -4.043004 134.180851
3436 -31.248205 -4.530061 134.180851
3437 -31.218550 -5.053975 134.180851
3438 -31.228985 -5.553866 134.180851
3439 -31.221807 -6.043744 134.180851
3440 -31.228063 -6.453690 134.180851
3486 -34.957342 -11.781752 136.131777
3487 -34.955886 -11.811616 136.131777
3488 -35.043571 -11.916365 136.131777
3489 -35.451317 -11.982583 136.131777
3490 -36.089544 -11.947533 136.131777
3491 -36.733142 -11.876576 136.131777
3492 -37.376018 -11.824938 136.131777
3493 -38.023279 -11.812854 136.131777
3494 -38.670578 -11.828615 136.131777
3495 -39.317805 -11.847442 136.131777
3496 -39.962419 -11.869593 136.131777
3543 -51.279142 -12.139552 136.131777
3544 -51.064747 -12.224182 136.131777
3545 -50.567274 -12.204355 136.131777
3546 -49.928922 -12.095973 136.131777
3547 -49.288706 -12.018833 136.131777
3548 -48.642164 -11.984731 136.131777
3549 -47.995200 -11.958384 136.131777
3550 -47.348196 -11.933166 136.131777
3551 -46.698379 -11.918070 136.131777
3552 -46.053510 -11.905101 136.131777
3553 -45.406501 -11.880058 136.131777
3602 -45.913630 -0.202400 136.131777
3603 -45.708276 -0.453952 136.131777
3604 -45.375722 -0.919931 136.131777
3605 -45.040754 -1.390162 136.131777
3606 -44.946432 -1.543439 136.131777
3607 -44.754214 -1.922454 136.131777
3608 -44.514264 -2.411768 136.131777
3609 -44.298103 -2.843074 136.131777
3610 -44.167068 -3.025800 136.131777
3611 -43.851715 -3.445512 136.131777
3612 -43.474398 -3.959314 136.131777
3661 -30.935958 -3.084593 136.131777
3662 -31.014914 -2.603565 136.131777
3663 -31.049489 -2.366155 136.131777
3664 -31.067923 -1.941654 136.131777
3665 -31.121357 -1.420610 136.131777
3666 -31.423321 -0.864079 136.131777
3667 -31.925023 -0.456676 136.131777
3668 -32.456700 -0.082764 136.131777
3669 -32.977248 0.306444 136.131777
3670 -33.485216 0.711956 136.131777
3671 -33.985335 1.127135 136.131777
3721 -52.443372 12.222472 136.131777
3722 -52.443372 12.222472 136.131777
3723 -52.443372 12.222472 136.131777
3724 -52.443372 12.222472 136.131777
3725 -52.533952 12.266721 136.131777
3726 -52.566453 12.339405 136.131777
3727 -52.565443 12.388714 136.131777
3728 -52.408845 12.592743 136.131777
3729 -52.045310 12.691213 136.131777
3730 -51.779882 12.740308 136.131777
3731 -51.648700 12.772169 136.131777
3782 -50.429438 18.360809 136.131777
3783 -50.368199 18.099649 136.131777
3784 -50.435727 17.730944 136.131777
3785 -50.563755 17.493495 136.131777
3786 -50.733058 17.040737 136.131777
3787 -50.762634 16.798432 136.131777
3788 -50.756854 16.373475 136.131777
3789 -50.743638 15.893694 136.131777
3790 -50.717389 15.384505 136.131777
3791 -50.702089 15.172585 136.131777
3792 -50.688344 14.823017 136.131777
3844 -24.047400 18.325375 136.131777
3845 -23.465969 18.389893 136.131777
3846 -22.823437 18.445093 136.131777
3847 -22.176661 18.475679 136.131777
3848 -21.529998 18.508514 136.131777
3849 -20.883469 18.543966 136.131777
3850 -20.239281 18.576290 136.131777
3851 -19.592541 18.607623 136.131777
3852 -18.947906 18.629304 136.131777
3853 -18.303502 18.656685 136.131777
3854 -17.657096 18.694168 136.131777
3905 9.821508 20.842629 136.131777
3906 9.821508 20.842629 136.131777
3907 9.742096 20.738807 136.131777
3908 9.340395 20.694217 136.131777
3909 8.714759 20.790072 136.131777
3910 8.084121 20.925287 136.131777
3911 7.444088 21.022613 136.131777
3912 6.802079 21.084019 136.131777
3913 6.154208 21.136534 136.131777
3914 5.511044 21.210959 136.131777
3915 4.865610 21.287812 136.131777
3944 1.249356 27.654819 136.131777
3945 1.463202 27.451640 136.131777
3946 1.810224 27.150141 136.131777
3947 2.350876 26.878598 136.131777
3948 2.977181 26.704950 136.131777
3949 3.598624 26.514440 136.131777
3950 4.219599 26.331256 136.131777
3951 4.858375 26.230800 136.131777
3952 5.504496 26.188617 136.131777
3953 6.151006 26.152825 136.131777
3954 6.798532 26.098070 136.131777
4009 16.497713 21.065498 136.131777
4010 16.667966 20.943782 136.131777
4011 17.105991 20.834813 136.131777
4012 17.732833 20.938183 136.131777
4013 18.361020 21.094674 136.131777
4014 19.001403 21.188152 136.131777
4015 19.645404 21.221431 136.131777
4016 20.292873 21.227269 136.131777
4017 20.940254 21.239600 136.131777
4018 21.587616 21.252961 136.131777
4019 22.234986 21.265912 136.131777
4075 29.844577 21.432126 136.131777
4076 29.844577 21.432126 136.131777
4077 29.720258 21.295711 136.131777
4078 29.232908 21.233737 136.131777
4079 28.594541 21.274149 136.131777
4080 27.947763 21.296804 136.131777
4081 27.302555 21.245191 136.131777
4082 26.659650 21.149559 136.131777
4083 26.019213 21.038490 136.131777
4084 25.381146 20.928383 136.131777
4085 24.742400 20.822365 136.131777
4116 20.816853 10.455781 136.131777
4117 20.892337 10.285063 136.131777
4118 20.779345 9.868923 136.131777
4119 20.652592 9.578523 136.131777
4120 20.481760 9.240040 136.131777
4121 20.411178 8.737633 136.131777
4122 20.444354 8.560977 136.131777
4123 20.554216 8.088609 136.131777
4124 20.626294 7.614250 136.131777
4125 20.734528 7.110964 136.131777
4126 20.865090 6.654582 136.131777
4189 27.303421 1.253490 136.131777
4190 27.311262 1.259696 136.131777
4191 27.390440 1.431623 136.131777
4192 27.294139 1.897457 136.131777
4193 26.844150 2.357867 136.131777
4194 26.335811 2.762948 136.131777
4195 26.098115 2.961872 136.131777
4196 25.850646 3.187618 136.131777
4197 25.508492 3.652367 136.131777
4198 25.390873 3.897862 136.131777
4199 25.255333 4.258195 136.131777
4264 31.494638 27.903374 136.131777
4265 31.483220 27.931095 136.131777
4266 31.445643 27.990018 136.131777
4267 31.445643 27.990018 136.131777
4268 31.445643 27.990018 136.131777
4269 31.445643 27.990018 136.131777
4270 31.533598 27.866703 136.131777
4271 31.588585 27.450868 136.131777
4272 31.562792 27.051978 136.131777
4273 31.457036 26.817726 136.131777
4274 31.319994 26.395356 136.131777
4339 21.482255 1.345299 136.131777
4340 21.443946 0.937669 136.131777
4341 21.457688 0.691413 136.131777
4342 21.511327 0.345783 136.131777
4343 21.533149 -0.233637 136.131777
4344 21.527957 -0.413563 136.131777
4345 21.514493 -0.898375 136.131777
4346 21.519332 -1.368270 136.131777
4347 21.515604 -1.883196 136.131777
4348 21.521684 -2.063094 136.131777
4349 21.534188 -2.547916 136.131777
4415 23.121829 -9.173941 136.131777
4416 23.286711 -9.286516 136.131777
4417 23.639165 -9.368755 136.131777
4418 24.241216 -9.234475 136.131777
4419 24.847184 -9.006409 136.131777
4420 25.460763 -8.808667 136.131777
4421 26.096263 -8.686459 136.131777
4422 26.739268 -8.610400 136.131777
4423 27.384355 -8.555704 136.131777
4424 28.030640 -8.516070 136.131777
4425 28.674890 -8.485412 136.131777
4492 38.662844 -8.644882 136.131777
4493 38.662844 -8.644882 136.131777
4494 38.598069 -8.712581 136.131777
4495 38.215962 -8.756748 136.131777
4496 37.591704 -8.677235 136.131777
4497 36.959731 -8.536450 136.131777
4498 36.336176 -8.371599 136.131777
4499 35.702775 -8.251585 136.131777
4500 35.053877 -8.225007 136.131777
4501 34.407034 -8.253335 136.131777
4502 33.760534 -8.289308 136.131777
4570 20.616208 11.728775 136.131777
4571 20.622123 12.233663 136.131777
4572 20.629456 12.615980 136.131777
4573 20.670566 12.875070 136.131777
4574 20.805085 13.366961 136.131777
4575 20.916493 13.750378 136.131777
4576 21.243630 14.289748 136.131777
4577 21.709958 14.739627 136.131777
4578 22.329234 15.094863 136.131777
4579 22.925496 15.353248 136.131777
4580 23.521121 15.612884 136.131777
4648 36.670181 16.850633 136.131777
4649 36.669043 16.840698 136.131777
4650 36.560636 16.718836 136.131777
4651 36.150020 16.672174 136.131777
4652 35.510925 16.702011 136.131777
4653 34.861744 16.692523 136.131777
4654 34.218663 16.600116 136.131777
4655 33.618317 16.413409 136.131777
4656 33.137230 16.048111 136.131777
4657 33.019647 15.826997 136.131777
4658 32.939751 15.496689 136.131777
4727 32.537034 4.980231 136.131777
4728 32.537034 4.980231 136.131777
4729 32.615953 5.050370 136.131777
4730 32.673404 5.435133 136.131777
4731 32.632872 5.902514 136.131777
4732 32.573504 6.221824 136.131777
4733 32.496200 6.532002 136.131777
4734 32.457129 7.060086 136.131777
4735 32.463965 7.259793 136.131777
4736 32.489695 7.653931 136.131777
4737 32.496327 7.908800 136.131777
4807 39.858221 25.123836 136.131777
4808 39.903133 24.942250 136.131777
4809 39.659957 24.529861 136.131777
4810 39.507465 24.425605 136.131777
4811 39.123160 24.258574 136.131777
4812 38.501450 24.147349 136.131777
4813 37.875827 24.007232 136.131777
4814 37.435338 23.779636 136.131777
4815 37.206668 23.585604 136.131777
4816 37.015941 23.432280 136.131777
4817 36.595694 23.297108 136.131777
4888 17.024705 28.654363 136.131777
4889 17.045846 28.477997 136.131777
4890 16.747656 28.129728 136.131777
4891 16.183211 27.812972 136.131777
4892 15.573314 27.590600 136.131777
4893 14.951580 27.409874 136.131777
4894 14.485303 27.212433 136.131777
4895 14.059097 26.830764 136.131777
4896 13.825907 26.499794 136.131777
4897 13.467857 26.203795 136.131777
4898 12.842807 26.073152 136.131777
4970 -12.269425 4.625362 136.131777
4971 -12.433581 4.250082 136.131777
4972 -12.858532 3.780364 136.131777
4973 -13.438662 3.490008 136.131777
4974 -14.053433 3.279359 136.131777
4975 -14.677210 3.096676 136.131777
4976 -15.301820 2.916957 136.131777
4977 -15.926130 2.736257 136.131777
4978 -16.544497 2.536091 136.131777
4979 -17.159204 2.324922 136.131777
4980 -17.778496 2.127549 136.131777
5052 -27.906917 -23.241276 145.770302
5053 -27.942702 -23.275877 145.770302
5054 -28.250584 -23.286978 145.770302
5055 -28.641961 -22.877054 147.548842
5056 -28.756006 -22.549292 147.548842
5057 -28.804729 -22.243154 147.548842
5058 -28.903061 -21.819707 147.548842
5059 -28.972587 -21.648273 148.696001
5060 -29.138447 -21.257043 148.696001
5061 -29.456112 -20.719653 148.696001
5062 -29.835566 -20.218322 148.696001
5101 -39.437090 -18.579191 148.671251
5102 -39.191558 -18.666766 148.671251
5103 -38.634440 -18.638690 148.671251
5104 -37.991989 -18.539926 148.671251
5105 -37.348818 -18.466498 148.671251
5106 -36.704668 -18.434390 148.671251
5107 -36.057359 -18.419208 148.671251
5108 -35.409914 -18.411190 148.671251
5109 -34.762500 -18.400821 148.671251
5110 -34.116117 -18.337058 148.671251
5111 -33.483503 -18.200269 148.671251
5187 -39.956992 -24.763164 149.405291
5188 -39.743489 -24.857521 149.405291
5189 -39.345689 -24.868943 149.405291
5190 -38.714735 -24.762202 149.405291
5191 -38.075659 -24.658351 149.405291
5192 -37.432357 -24.585112 149.405291
5193 -36.789759 -24.529497 149.405291
5194 -36.144707 -24.473367 149.405291
5195 -35.502977 -24.408527 149.405291
5196 -34.857064 -24.335836 149.405291
5197 -34.214220 -24.258337 149.405291
5274 -19.093884 -18.750718 149.405291
5275 -19.084791 -18.808907 149.405291
5276 -19.186791 -18.917442 149.405291
5277 -19.589828 -18.978167 149.405291
5278 -20.221585 -18.960455 149.405291
5279 -20.868924 -18.948843 149.405291
5280 -21.516533 -19.000281 149.405291
5281 -22.157562 -19.106706 149.405291
5282 -22.786313 -19.271063 149.405291
5283 -23.406798 -19.464466 149.405291
5284 -24.019465 -19.681476 149.405291
5363 -29.270947 -42.121706 167.528687
5364 -29.248420 -42.366216 167.528687
5365 -29.450476 -42.860295 167.528687
5366 -29.837135 -43.372645 167.528687
5367 -30.247338 -43.857363 167.528687
5368 -30.535236 -44.215850 167.528687
5369 -30.684206 -44.446992 167.581923
5370 -30.965843 -44.913528 167.581923
5371 -31.146447 -45.224797 167.581923
5372 -31.319456 -45.499846 167.581923
5373 -31.647175 -46.001638 169.304994
5417 -37.163185 -52.180930 173.924412
5418 -36.992871 -52.226435 173.924412
5419 -36.693880 -52.184523 173.924412
5420 -36.448840 -51.943467 173.924412
5421 -36.296801 -51.417741 173.924412
5422 -36.204024 -50.957020 173.924412
5423 -36.066147 -50.503320 173.924412
5424 -35.853184 -50.034949 173.924412
5425 -35.563094 -49.562513 173.924412
5426 -35.411415 -49.342383 173.924412
5427 -35.273607 -49.164529 173.924412
5476 -25.183921 -33.851648 174.011784
5477 -25.143892 -33.944610 174.011784
5478 -25.217904 -34.119787 174.011784
5479 -25.595960 -34.261255 174.011784
5480 -26.156621 -34.266821 174.011784
5481 -26.435577 -34.195586 174.011784
5482 -26.388495 -34.212304 174.011784
5483 -26.362036 -34.226519 174.011784
5484 -26.550474 -34.094948 174.011784
5485 -27.017543 -33.927792 174.011784
5486 -27.518684 -34.041257 174.011784
5583 -45.645411 -57.767295 176.485753
5584 -45.573350 -57.814354 176.485753
5585 -45.272340 -57.876159 176.485753
5586 -44.714424 -57.703679 176.485753
5587 -44.178477 -57.336820 176.485753
5588 -43.662866 -56.941042 176.485753
5589 -43.141529 -56.552856 176.485753
5590 -42.601392 -56.191384 176.485753
5591 -42.049441 -55.848220 176.485753
5592 -41.500249 -55.500649 176.485753
5593 -40.970211 -55.124661 176.485753
5691 -19.205402 -43.370249 176.441552
5692 -19.179640 -43.445528 176.441552
5693 -19.316479 -43.790273 176.441552
5694 -19.876003 -44.017828 176.441552
5695 -20.518093 -44.023508 176.441552
5696 -21.164898 -43.961181 176.441552
5697 -21.807238 -43.879642 176.441552
5698 -22.452479 -43.827738 176.441552
5699 -23.097398 -43.824488 176.441552
5700 -23.744681 -43.840771 176.441552
5701 -24.391389 -43.872711 176.441552
5802 -21.499146 -52.583816 176.441552
5803 -21.499146 -52.583816 176.441552
5804 -21.499146 -52.583816 176.441552
5805 -21.499146 -52.583816 176.441552
5806 -21.544998 -52.567833 176.441552
5807 -21.567074 -52.469838 176.441552
5808 -21.438716 -52.360601 176.441552
5809 -20.987806 -52.276150 176.441552
5810 -20.345322 -52.325084 176.441552
5811 -19.706096 -52.442708 176.441552
5812 -19.069442 -52.573701 176.441552
5915 -11.656083 -54.952952 176.441552
5916 -11.656083 -54.952952 176.441552
5917 -11.656083 -54.952952 176.441552
5918 -11.656083 -54.952952 176.441552
5919 -11.694588 -54.943078 176.441552
5920 -11.804511 -54.756489 176.441552
5921 -11.781583 -54.297972 176.441552
5922 -11.541175 -53.744641 176.441552
5923 -11.236787 -53.341725 176.441552
5924 -11.074038 -53.158596 176.441552
5925 -10.779030 -52.756284 176.441552
6030 -7.988009 -47.379489 176.441552
6031 -7.929556 -47.599109 176.441552
6032 -8.149853 -48.073932 176.441552
6033 -8.558633 -48.577810 176.441552
6034 -9.011868 -49.043680 176.441552
6035 -9.445574 -49.524228 176.441552
6036 -9.572019 -49.691825 176.441552
6037 -9.858538 -50.045222 176.441552
6038 -10.202049 -50.551485 176.441552
6039 -10.439580 -51.019673 176.441552
6040 -10.776057 -51.470769 176.441552
6147 -53.746227 -44.878913 176.441552
6148 -53.689432 -44.945087 176.441552
6149 -53.631545 -45.241536 176.441552
6150 -53.643492 -45.732989 176.441552
6151 -53.680873 -45.975946 176.441552
6152 -53.745612 -46.395677 176.441552
6153 -53.761654 -46.709906 176.441552
6154 -53.734855 -46.983587 176.441552
6155 -53.717986 -47.528259 176.441552
6156 -53.719769 -47.770681 176.441552
6157 -53.733125 -48.195471 176.441552
6266 -54.973830 -60.643345 176.485753
6267 -54.759777 -60.846325 176.485753
6268 -54.301047 -61.199908 176.485753
6269 -53.722619 -61.494898 176.485753
6270 -53.119522 -61.737242 176.485753
6271 -52.525490 -61.994419 176.485753
6272 -51.967164 -62.321708 176.485753
6273 -51.394831 -62.602526 176.485753
6274 -50.764826 -62.746416 176.485753
6275 -50.118190 -62.768111 176.485753
6276 -49.473759 -62.741600 176.485753
6387 -28.661269 -66.927678 192.217849
6388 -28.488421 -67.003510 192.217849
6389 -28.043748 -66.966483 192.217849
6390 -27.454744 -66.698149 192.217849
6391 -26.877220 -66.417227 192.217849
6392 -26.255598 -66.229322 192.217849
6393 -25.621311 -66.113424 192.388413
6394 -24.975320 -66.041681 192.388413
6395 -24.336138 -65.938909 192.388413
6396 -23.725609 -65.866123 192.388413
6397 -23.366681 -65.838364 192.388413
6454 -23.091253 -65.817063 192.388413
6455 -22.880043 -65.909719 192.388413
6456 -22.353469 -65.897111 192.388413
6457 -21.714850 -65.790274 192.388413
6458 -21.074458 -65.695291 192.388413
6459 -20.558790 -65.652687 192.388413
6460 -19.781802 -65.625188 192.388413
6461 -19.134400 -65.613956 192.388413
6462 -18.489513 -65.601920 192.388413
6463 -17.842125 -65.589837 192.388413
6464 -17.194718 -65.579705 192.388413
6578 -9.431181 -65.803426 192.388413
6579 -9.431181 -65.803426 192.388413
6580 -9.574354 -65.895406 192.388413
6581 -10.040891 -65.829915 192.388413
6582 -10.647460 -65.609003 192.388413
6583 -11.227083 -65.314972 192.388413
6584 -11.826383 -65.070881 192.388413
6585 -12.451102 -64.913383 192.388413
6586 -13.099202 -64.909936 192.388413
6587 -13.731515 -65.032149 192.388413
6588 -14.162509 -65.161525 192.388413
6704 -32.628657 -76.609151 201.552627
6705 -32.555464 -76.551249 201.552627
6706 -32.524927 -76.142626 201.552627
6707 -32.964022 -75.820220 201.552627
6708 -33.667978 -75.741155 201.552627
6710 -34.441600 -75.668068 201.793215
6711 -35.078803 -75.541007 201.793215
6712 -35.832726 -75.341320 201.793215
6713 -36.513719 -75.123681 201.793215
6714 -37.240936 -74.841900 201.793215
6715 -37.840019 -74.589740 201.793215
6838 -41.969443 -73.033835 201.793215
6839 -41.655809 -73.320606 201.793215
6840 -41.004262 -73.724573 201.793215
6841 -40.389253 -73.926244 201.793215
6842 -39.760726 -74.091774 201.793215
6843 -39.079505 -74.308361 201.793215
6844 -38.350336 -74.585041 201.793215
6845 -37.628469 -74.880389 201.793215
6846 -37.036107 -75.147947 201.793215
6847 -36.446593 -75.421726 201.793215
6848 -35.801791 -75.730570 201.793215
6976 -30.503429 -92.148842 217.511613
6977 -30.514149 -92.165696 217.511613
6978 -30.869404 -92.261868 217.511613
6979 -31.523571 -92.152373 217.511613
6980 -32.015872 -91.842256 217.511613
6982 -32.162239 -91.737491 217.511613
6983 -32.668670 -91.459664 217.511613
6985 -33.601274 -91.324454 217.511613
6986 -34.373040 -91.254791 217.511613
6987 -35.141235 -91.120583 217.511613
6988 -35.841636 -90.976909 217.511613
