7 -38.000000 85.000000 -0.091162
8 -38.000000 84.870000 20.010498
9 -38.004798 84.590108 20.010498
10 -38.071202 84.104704 20.010498
11 -38.124046 83.758821 20.010498
12 -38.183190 83.472551 20.969025
13 -38.212598 83.134136 20.969025
14 -38.191812 82.839870 20.969025
15 -38.178177 82.460178 20.969025
16 -38.189986 82.215464 21.965883
17 -38.199703 81.810604 21.965883
18 -38.193127 81.565692 21.965883
19 -38.182657 81.160835 22.996087
20 -38.183776 81.075843 22.996087
21 -38.266267 80.991540 22.996087
22 -38.679288 80.955347 22.996087
23 -39.306248 81.043264 23.334524
24 -39.949194 81.134023 23.334524
25 -40.596967 81.090117 23.363648
26 -41.223384 80.937780 23.363648
27 -41.858051 80.812557 23.363648
28 -42.503744 80.768333 23.214220
29 -43.151208 80.761932 23.214220
30 -43.796190 80.757712 23.881793
31 -44.316187 80.759444 25.292292
32 -44.402490 80.722825 25.292292
33 -44.548173 80.431539 25.457809
34 -44.521213 79.942791 25.457809
35 -44.462152 79.466547 25.457809
36 -44.422880 79.123965 25.457809
37 -44.413580 78.854139 25.457809
38 -44.392713 78.354575 25.457809
39 -44.383462 77.874800 25.457809
40 -44.395013 77.530096 25.457809
41 -44.426469 77.236788 25.457809
42 -44.458384 76.858180 25.457809
43 -44.456667 76.613186 25.457809
44 -44.525489 76.105518 25.457809
45 -44.789191 75.618366 25.457809
46 -45.199964 75.124784 25.457809
47 -45.625059 74.646521 25.457809
48 -45.903885 74.291951 25.276472
49 -46.032539 74.083473 25.276472
50 -46.317148 73.648314 25.276472
51 -46.531393 73.225397 25.276472
52 -46.653302 72.921708 25.276472
53 -46.803786 72.667978 25.276472
54 -46.858603 72.621191 25.276472
55 -46.981247 72.625016 25.276472
56 -47.111884 72.854958 25.276472
57 -47.160021 73.330396 25.276472
58 -47.173516 73.789374 25.276472
59 -47.202129 74.129215 25.276472
60 -47.308260 74.404169 25.276472
61 -47.449358 74.756855 25.276472
62 -47.516011 74.992592 25.276472
63 -47.658658 75.471801 25.276472
64 -47.785666 75.939792 25.374397
65 -47.783738 76.017884 25.374397
66 -47.587829 76.189659 25.374397
67 -47.066719 76.318273 25.374397
68 -46.420174 76.320670 25.374397
69 -45.775786 76.296468 25.374397
70 -45.129168 76.328015 25.374397
71 -44.486519 76.405696 25.374397
72 -43.847226 76.508388 25.374397
73 -43.208345 76.613671 25.374397
74 -42.568611 76.713637 25.374397
75 -41.925968 76.811153 25.276472
76 -41.909308 76.822198 25.276472
77 -41.818511 76.984798 25.276472
78 -41.918167 77.239678 25.276472
79 -42.434971 77.415707 25.276472
80 -43.079738 77.408602 25.276472
81 -43.724461 77.405194 25.276472
82 -44.369731 77.480608 25.374397
83 -45.006295 77.611549 25.374397
84 -45.635726 77.773524 25.374397
85 -46.261093 77.950629 25.374397
86 -46.875735 78.137725 25.276472
87 -46.938224 78.155617 25.276472
88 -46.977271 78.120935 25.276472
89 -47.044255 77.879232 25.276472
90 -47.037378 77.399315 25.276472
91 -47.021176 77.039797 25.276472
92 -46.985806 76.747068 25.276472
93 -46.986401 76.367227 25.276472
94 -47.040485 76.174809 25.276472
95 -47.109078 75.766071 25.276472
96 -47.130413 75.449334 25.276472
97 -47.144040 75.154678 25.276472
98 -47.184322 74.817559 25.276472
99 -47.296126 74.544587 25.276472
100 -47.433865 74.085868 25.276472
101 -47.484852 73.604030 25.276472
102 -47.510977 73.129810 25.276472
103 -47.558347 72.773175 25.276472
104 -47.668073 72.499370 25.276472
105 -47.807856 72.046081 25.276472
106 -47.897758 71.579715 25.276472
107 -47.987675 71.205413 25.276472
108 -48.035407 70.965228 25.276472
109 -48.154614 70.490106 25.276472
110 -48.211799 70.104460 25.276472
111 -48.226120 69.859958 25.276472
112 -48.292165 69.359351 25.276472
113 -48.379613 68.877383 25.276472
114 -48.488417 68.487420 25.276472
115 -48.602499 68.270619 29.410543
116 -48.842135 67.797954 29.410543
117 -49.186843 67.268308 29.410543
118 -49.597455 66.780734 30.304126
119 -50.009034 66.314066 30.304126
120 -50.069552 66.234457 30.304126
121 -50.069552 66.234457 30.304126
122 -49.955243 66.165967 30.304126
123 -49.593533 66.228217 30.304126
124 -49.350983 66.562960 30.304126
125 -49.320914 66.806096 30.304126
126 -49.237942 67.202297 30.304126
127 -49.137824 67.425735 30.304126
128 -48.896178 67.874826 30.304126
129 -48.707310 68.336965 30.304126
130 -48.629276 68.672662 30.304126
131 -48.606357 68.966738 30.304126
132 -48.610487 69.416450 30.304126
133 -48.638887 69.875496 30.304126
134 -48.643823 70.345387 30.304126
135 -48.647796 70.815293 30.304126
136 -48.635274 71.268946 30.304126
137 -48.533413 71.598260 30.304126
138 -48.405908 71.864248 30.304126
139 -48.248817 72.332196 30.304126
140 -48.204984 72.824593 30.304126
141 -48.221470 73.294084 30.304126
142 -48.243629 73.768429 30.304126
143 -48.253468 74.238241 30.304126
144 -48.260394 74.708111 30.304126
145 -48.257153 75.163023 30.304126
146 -48.262892 75.622903 30.304126
147 -48.262364 76.087789 30.304126
148 -48.271567 76.432537 30.304126
149 -48.334843 76.705250 30.304126
150 -48.410543 77.184224 30.304126
151 -48.543730 77.664860 30.304126
152 -48.894945 78.183500 30.304126
153 -49.403655 78.586544 30.304126
154 -49.968678 78.907200 30.304126
155 -50.528411 79.227473 30.304126
156 -51.104520 79.509777 30.304126
157 -51.731177 79.648960 30.304126
158 -52.378796 79.622620 30.304126
159 -53.006522 79.457528 30.304126
160 -53.611444 79.219843 30.304126
161 -54.209681 78.965786 30.304126
162 -54.785894 78.679294 30.304126
163 -55.197843 78.362428 30.304126
164 -55.233761 78.324140 30.304126
165 -55.233761 78.324140 30.304126
166 -55.127392 78.221784 30.304126
167 -54.716467 78.232534 30.304126
168 -54.141095 78.505974 30.304126
169 -53.571430 78.818957 30.304126
170 -53.025631 79.170766 30.304126
171 -52.497188 79.530434 30.304126
172 -51.885175 79.725112 30.304126
173 -51.239268 79.755139 30.304126
174 -50.466956 79.692221 30.304126
175 -49.952779 79.633904 30.304126
176 -49.307097 79.585743 30.304126
177 -48.661591 79.535344 30.304126
178 -48.015634 79.463226 30.304126
179 -47.374472 79.372928 30.304126
180 -46.733958 79.278113 30.304126
181 -46.094993 79.173365 30.304126
182 -45.458352 79.055485 30.304126
183 -44.822451 78.947656 30.304126
184 -44.180273 78.847192 30.304126
185 -43.410303 78.722588 30.304126
186 -42.899925 78.637574 30.304126
187 -42.254669 78.584479 30.304126
188 -41.609044 78.535446 30.304126
189 -40.963732 78.482258 30.304126
190 -40.318602 78.403382 30.304126
191 -39.677271 78.314229 30.304126
192 -39.037051 78.217486 30.304126
193 -38.394619 78.118609 30.304126
194 -37.755890 78.012595 30.304126
195 -37.119044 77.895700 30.304126
196 -36.352022 77.768970 30.304126
197 -35.841172 77.686294 30.304126
198 -35.206246 77.559631 30.304126
199 -34.569286 77.430111 30.304126
200 -33.936465 77.281922 30.304126
201 -33.315627 77.089892 30.304126
202 -32.708575 76.857795 30.304126
203 -32.112945 76.597816 30.304126
204 -31.567436 76.247336 30.304126
205 -31.105758 75.790633 30.304126
206 -30.759279 75.393178 30.304126
208 -30.496109 74.991868 30.621888
208 -30.428835 74.886542 30.621888
209 -30.399625 74.680929 30.621888
210 -30.433067 74.227419 30.621888
211 -30.481892 73.729839 31.434059
212 -30.504351 73.244352 31.434059
213 -30.490614 72.773393 31.434059
214 -30.472446 72.266247 32.445956
215 -30.473330 71.785130 32.445956
216 -30.469471 71.299056 33.521636
217 -30.449932 70.818296 33.521636
219 -30.451527 69.985302 35.260460
219 -30.450369 69.970347 35.260460
220 -30.450369 69.970347 35.260460
221 -30.537778 69.907168 35.260460
222 -30.675274 69.966050 35.260460
223 -30.783699 70.332096 36.084624
224 -30.776377 70.845534 36.084624
225 -30.704689 71.221215 36.332080
226 -30.626633 71.453425 36.332080
227 -30.516676 71.925098 36.332080
228 -30.466027 72.392069 36.332080
230 -30.327660 73.223500 36.140006
231 -30.322124 73.240101 36.140006
232 -30.322124 73.240101 36.140006
233 -30.374554 73.312104 36.140006
234 -30.382120 73.318643 36.140006
235 -30.382120 73.318643 36.140006
236 -30.382120 73.318643 36.332080
237 -30.363282 73.312000 36.332080
238 -30.242571 73.106381 36.332080
239 -30.221245 72.607499 36.332080
240 -30.295120 72.123368 36.140006
242 -30.393578 71.336115 36.140006
243 -30.408231 71.079238 36.140006
244 -30.444738 70.804267 36.140006
245 -30.463875 70.294787 36.140006
246 -30.448318 70.015827 36.140006
247 -30.388890 69.691399 36.140006
248 -30.349828 69.215885 36.140006
249 -30.344373 68.743505 36.140006
250 -30.353577 68.266171 36.140006
251 -30.338940 67.774120 37.101214
252 -30.302973 67.282997 37.101214
255 -30.295254 66.538426 38.172504
256 -30.300218 66.299547 38.927883
257 -30.372344 65.941932 38.927883
258 -30.386370 65.658273 38.927883
259 -30.317325 65.299925 39.897119
260 -30.271520 64.747118 39.897119
261 -30.274058 64.537339 39.897119
262 -30.292193 64.147799 40.820829
263 -30.284080 63.637917 40.820829
264 -30.250849 63.141628 40.820829
265 -30.227490 62.649723 41.839934
267 -30.195581 61.853719 42.857206
268 -30.211583 61.474106 42.857206
269 -30.231181 61.270183 43.832637
270 -30.258059 60.876227 43.832637
271 -30.257076 60.321351 43.832637
272 -30.221253 59.842775 44.763602
273 -30.216789 59.652950 44.763602
274 -30.195754 59.208497 45.698360
275 -30.168400 59.020782 45.698360
276 -30.128595 58.577863 45.698360
277 -30.130261 58.373070 45.698360
280 -30.084803 57.387534 47.696751
281 -30.085170 57.103773 47.696751
282 -30.160605 56.746755 47.696751
283 -30.193067 56.463789 47.696751
284 -30.202840 56.098945 48.560273
285 -30.201400 55.814003 48.560273
286 -30.187113 55.449283 48.560273
287 -30.179577 55.164437 49.506566
288 -30.182383 54.799448 49.506566
289 -30.187373 54.514534 49.506566
290 -30.197663 54.149716 50.562635
293 -30.115622 52.824218 51.510194
294 -30.126847 52.394364 51.510194
295 -30.117208 52.197105 52.529802
296 -30.107503 51.762214 52.529802
297 -30.088072 51.563166 52.529802
298 -30.069795 51.073556 53.585260
299 -30.079389 50.923864 53.585260
300 -30.098213 50.474287 53.585260
301 -30.096041 50.274334 54.604946
302 -30.079644 49.824653 54.604946
303 -30.056521 49.626181 54.604946
306 -30.037848 48.407813 56.504337
307 -30.071759 48.044651 56.504337
308 -30.122061 47.769528 56.504337
309 -30.192452 47.437278 56.504337
310 -30.211752 47.153502 57.623087
311 -30.186537 46.789383 57.623087
312 -30.179208 46.524530 57.623087
313 -30.182776 46.139547 58.580032
314 -30.188215 45.854641 58.580032
315 -30.198009 45.489810 58.580032
316 -30.184035 45.205632 59.539064
321 -30.130708 43.909984 60.557577
322 -30.159301 43.546265 60.557577
323 -30.200293 43.264271 60.557577
324 -30.245887 42.902300 61.636516
325 -30.265511 42.347780 61.636516
326 -30.240421 41.878530 61.636516
327 -30.202290 41.425195 62.594729
328 -30.197429 41.205465 62.594729
329 -30.196959 40.790516 63.613365
330 -30.178780 40.551743 63.613365
331 -30.127294 40.190718 63.613365
335 -30.101570 38.641203 65.652572
336 -30.106541 38.416259 65.652572
337 -30.133788 38.012197 66.696478
338 -30.151793 37.767918 66.696478
339 -30.158977 37.363016 66.696478
340 -30.119138 37.121365 66.696478
341 -30.081838 36.718282 67.688257
342 -30.080369 36.473286 67.688257
343 -30.076270 36.068322 67.688257
344 -30.045324 35.825312 68.737909
345 -30.025333 35.420920 68.737909
351 -29.981514 33.698267 69.164298
352 -29.996184 33.413840 69.164298
353 -30.032234 33.050655 69.164298
354 -30.034812 32.766239 69.196099
355 -29.976705 32.405908 69.196099
356 -29.925021 31.853428 69.196099
357 -29.854970 31.388830 69.196099
358 -29.791063 31.179767 69.196099
359 -29.582654 30.826737 69.196099
360 -29.334129 30.289634 69.228464
361 -29.237054 29.848347 69.228464
366 -28.899993 27.648127 69.228464
367 -28.931320 27.117125 69.228464
368 -29.207123 26.594195 69.228464
369 -29.444288 26.265919 69.261390
370 -29.624885 26.020139 69.363536
371 -29.946659 25.574226 69.363536
372 -30.189427 25.115004 69.363536
373 -30.305420 24.849513 69.544951
374 -30.445188 24.523429 69.544951
375 -30.653316 24.009211 69.700073
376 -30.747982 23.729948 69.700073
382 -31.506180 21.491059 77.191322
383 -31.689977 21.176125 77.191322
384 -32.148342 20.763650 77.191322
385 -32.699205 20.419618 77.191322
386 -33.261352 20.093298 77.191322
387 -33.812423 19.748811 77.460314
388 -34.337653 19.366067 77.460314
389 -34.841418 18.955390 77.811697
390 -35.331662 18.528596 77.668657
391 -35.827537 18.108374 77.668657
392 -36.316469 17.680182 81.073425
399 -38.278386 14.725405 85.916822
400 -38.336900 14.667454 85.916822
401 -38.430283 14.474992 85.916822
402 -38.461143 13.968743 85.916822
403 -38.396374 13.518640 85.916822
404 -38.365175 13.301028 85.916822
405 -38.301367 12.891203 85.916822
406 -38.237902 12.655086 85.916822
407 -38.109773 12.313342 85.916822
408 -37.920441 11.781030 85.916822
409 -37.733498 11.344439 85.916822
414 -37.408412 10.023913 85.916822
415 -37.408412 10.023913 85.916822
416 -37.493557 9.970430 85.916822
417 -37.882424 9.962907 85.916822
418 -38.505815 10.034416 85.916822
419 -39.151464 10.081122 85.916822
420 -39.796330 10.079651 85.916822
421 -40.442554 10.039871 85.916822
422 -41.086858 9.975834 85.916822
423 -41.729144 9.894057 85.916822
424 -42.367897 9.804533 85.916822
430 -46.867718 9.241520 85.931253
431 -46.898245 9.252461 85.931253
432 -47.048093 9.490904 85.931253
433 -47.094567 9.755180 86.228187
434 -46.894716 10.047192 85.931253
435 -46.305580 10.225422 85.931253
436 -45.666444 10.343656 85.931253
437 -45.027141 10.460981 85.931253
438 -44.391254 10.595274 85.931253
439 -43.772857 10.794101 85.931253
440 -43.173796 11.046137 85.931253
448 -39.711855 13.923116 88.510453
449 -39.629057 13.956424 88.510453
450 -39.393003 13.862117 88.510453
451 -39.209702 13.406782 88.510453
452 -39.184042 13.261755 88.510453
453 -39.175524 12.867064 88.967973
454 -39.169114 12.312137 88.967973
455 -39.124790 11.839219 88.967973
456 -39.075146 11.657588 88.967973
457 -38.816293 11.296772 88.510453
458 -38.397430 10.813072 88.510453
465 -38.304107 8.236565 88.834342
466 -38.304107 8.236565 88.834342
467 -38.304107 8.236565 88.834342
468 -38.304107 8.236565 88.834342
469 -38.184504 8.341322 88.834342
470 -38.136335 8.740008 88.834342
471 -38.182715 9.210997 88.834342
472 -38.229741 9.560150 88.834342
473 -38.236712 9.860061 88.834342
474 -38.236519 10.310004 88.834342
475 -38.197062 10.762823 88.834342
483 -37.357464 14.071968 88.834342
484 -37.349052 14.221732 88.834342
485 -37.297641 14.668514 88.834342
486 -37.242661 14.860169 88.834342
487 -37.092859 15.289792 88.834342
488 -37.023988 15.482821 88.834342
489 -36.847509 15.896771 88.834342
490 -36.661058 16.392802 88.834342
491 -36.599305 16.529425 88.834342
492 -36.414055 16.939344 88.834342
493 -36.182818 17.465010 88.834342
501 -32.234981 20.802063 88.967973
502 -31.892479 21.172309 88.967973
503 -31.623312 21.607906 88.967973
504 -31.549266 21.797765 88.967973
505 -31.472049 22.139129 88.967973
506 -31.372299 22.649396 88.967973
507 -31.359148 22.838666 88.967973
508 -31.351246 23.283586 88.967973
509 -31.359770 23.473281 88.967973
510 -31.362115 23.913089 88.967973
511 -31.319317 24.386064 88.967973
519 -31.365858 27.865110 88.967973
520 -31.352009 27.879511 88.967973
521 -31.098458 27.912524 88.967973
522 -30.712839 27.536309 88.967973
523 -30.571746 27.097259 88.967973
524 -30.460259 26.620784 88.967973
525 -30.169869 26.132640 88.510453
526 -29.938893 25.746942 88.967973
527 -29.831524 25.504698 88.967973
528 -29.601679 25.021658 88.967973
529 -29.324834 24.537949 88.967973
537 -27.079094 21.519360 88.967973
538 -26.609179 21.319754 88.967973
539 -25.972668 21.221836 88.967973
540 -25.326455 21.181176 88.967973
541 -24.680529 21.136153 88.967973
542 -24.036777 21.069808 88.967973
543 -23.398862 20.946586 88.967973
544 -22.792115 20.721789 88.967973
545 -22.183879 20.492972 88.967973
546 -21.564357 20.313948 88.967973
547 -20.934415 20.164587 88.834342
556 -15.474660 19.466571 88.967973
557 -15.474660 19.466571 88.967973
558 -15.474660 19.466571 88.967973
559 -15.596340 19.366412 88.967973
560 -16.012146 19.383832 88.967973
561 -16.630223 19.529040 88.967973
562 -17.261773 19.671826 89.183072
563 -17.894587 19.796545 89.183072
564 -18.533265 19.902782 89.183072
565 -19.175998 19.981039 89.183072
566 -19.820656 20.063951 89.183072
571 -23.405608 20.637869 89.183072
572 -23.972081 20.783702 89.183072
573 -24.593054 20.966863 89.183072
574 -25.227490 21.107763 89.183072
575 -25.861806 21.249549 89.183072
576 -26.500010 21.372508 89.183072
577 -27.119767 21.541524 89.183072
578 -27.566600 21.985258 89.183072
579 -27.691595 22.421957 89.183072
580 -27.725142 22.930722 89.183072
581 -27.723941 23.405626 89.183072
591 -27.889392 27.316116 89.183072
592 -27.889392 27.316116 89.183072
593 -27.889392 27.316116 89.183072
594 -27.949005 27.317433 89.183072
595 -28.070882 27.221785 89.183072
596 -28.137305 26.820799 89.183072
597 -28.126027 26.602288 89.183072
598 -28.031080 26.193227 89.183072
599 -27.996321 25.956037 89.183072
600 -27.965641 25.592335 89.183072
601 -27.951913 25.307746 89.183072
610 -27.778736 22.196099 89.183072
611 -27.580358 21.787901 89.183072
612 -27.099882 21.397454 89.183072
613 -26.473411 21.256584 89.183072
614 -25.826871 21.223004 89.183072
615 -25.177906 21.188236 89.183072
616 -24.536683 21.119348 89.183072
617 -23.897781 21.000760 89.183072
618 -23.272724 20.823016 89.183072
619 -22.665593 20.620595 89.183072
620 -22.037817 20.493235 89.183072
629 -19.010927 23.293721 89.183072
630 -19.010927 23.293721 89.183072
631 -19.010927 23.293721 89.183072
632 -18.976607 23.242186 89.183072
633 -18.977208 22.904757 89.183072
634 -19.048925 22.453541 89.183072
635 -19.142043 22.299760 89.183072
636 -19.386494 21.910101 89.183072
637 -19.735649 21.374347 89.183072
638 -20.243841 20.978568 89.183072
639 -20.831697 20.701465 89.183072
648 -26.602613 21.374364 89.183072
649 -27.197390 21.626731 89.183072
650 -27.580351 22.091183 89.183072
651 -27.745105 22.427619 89.183072
652 -27.758944 22.719659 89.183072
653 -27.750454 23.169495 89.183072
654 -27.726810 23.623847 89.183072
655 -27.709091 24.078360 89.183072
656 -27.705740 24.548265 89.183072
657 -27.699186 25.068215 89.183072
658 -27.719612 25.537575 89.183072
667 -28.297556 30.006417 89.183072
668 -28.327937 30.425105 89.183072
669 -28.375776 30.877532 89.183072
670 -28.400954 31.351741 89.183072
671 -28.401871 31.821702 89.183072
672 -28.413274 32.296490 89.183072
673 -28.413085 32.726452 89.183072
674 -28.410168 33.251443 89.183072
675 -28.422776 33.681220 89.183072
676 -28.435418 34.206063 89.183072
677 -28.458107 34.680447 89.183072
687 -28.513775 39.028232 89.183072
688 -28.513862 39.398232 89.183072
689 -28.506616 39.828086 89.183072
690 -28.523641 40.332776 89.183072
691 -28.554367 40.801714 89.183072
692 -28.556957 41.231706 89.183072
693 -28.559998 41.736697 89.183072
694 -28.550917 42.206562 89.183072
695 -28.562426 42.636408 89.183072
696 -28.577078 43.146196 89.183072
697 -28.572524 43.336017 89.183072
706 -28.654578 47.547992 89.183072
707 -28.670524 47.799670 89.183072
708 -28.761111 48.037830 89.183072
709 -28.872989 48.503308 89.183072
710 -28.895430 48.862317 89.183072
711 -28.879073 49.156863 89.183072
712 -28.863879 49.606495 89.183072
713 -28.874245 50.111372 89.183072
714 -28.897972 50.580682 89.183072
715 -28.911459 51.050313 89.183072
716 -28.906733 51.520231 89.183072
726 -28.951669 56.002656 89.183072
727 -28.964548 56.202241 89.183072
728 -28.981552 56.681874 89.183072
729 -28.970895 57.131742 89.183072
730 -28.989906 57.586344 89.183072
731 -28.989807 58.006316 89.183072
732 -28.984962 58.491247 89.183072
733 -28.992487 59.016192 89.183072
734 -29.011623 59.435680 89.183072
735 -29.015692 59.935629 89.183072
736 -29.043010 60.354682 89.183072
746 -29.100068 64.389776 89.183072
747 -29.120976 64.754138 89.183072
748 -29.125942 65.039022 89.183072
749 -29.123262 65.403977 89.183072
750 -29.135452 65.688476 89.183072
751 -29.170359 66.051681 89.183072
752 -29.176350 66.336538 89.183072
753 -29.169712 66.701478 89.183072
754 -29.161731 66.986324 89.183072
755 -29.149335 67.351090 89.183072
756 -29.149146 67.636032 89.183072
765 -29.223412 70.811033 89.183072
766 -29.217862 71.185959 89.183072
767 -29.249007 71.436517 89.183072
768 -29.277013 71.925529 89.183072
769 -29.285457 72.435451 89.183072
770 -29.287933 72.780382 89.183072
771 -29.270965 73.032311 89.183072
772 -29.251649 73.521893 89.183072
773 -29.247042 74.031863 89.183072
774 -29.249478 74.376792 89.183072
775 -29.269422 74.628494 89.183072
785 -29.329611 78.021852 89.183072
786 -29.357559 78.373166 89.183072
787 -29.418821 78.560729 89.183072
788 -29.523284 78.982089 89.183072
789 -29.532222 79.181883 89.183072
790 -29.538357 79.661834 89.183072
791 -29.540512 80.146830 89.183072
792 -29.542845 80.671824 89.183072
793 -29.536410 81.091680 89.183072
794 -29.554912 81.551307 89.183072
795 -29.549828 81.751236 89.183072
805 -29.585068 86.441543 89.183072
806 -29.582392 86.671513 89.183072
807 -29.588917 87.066457 89.183072
808 -29.610205 87.280401 89.183072
809 -29.629229 87.714868 89.183072
810 -29.624640 87.929819 89.183072
811 -29.615382 88.364721 89.183072
812 -29.604185 88.579423 89.183072
813 -29.603733 89.034301 89.183072
814 -29.621208 89.433884 89.183072
815 -29.657697 89.696311 89.183072
822 -29.656912 92.136435 89.183072
823 -29.659964 92.606302 89.183072
824 -29.658614 93.081220 89.183072
825 -29.669430 93.531048 89.183072
826 -29.696672 94.000164 89.183072
827 -29.705511 94.470029 89.183072
828 -29.700852 94.944938 89.183072
829 -29.711821 95.374753 89.183072
830 -29.717747 95.659646 89.183072
831 -29.717796 96.004626 89.183072
832 -29.734071 96.549381 89.183072
838 -29.800804 99.852320 89.183072
839 -29.797668 100.207274 89.183072
840 -29.782956 100.681932 89.183072
841 -29.745631 101.150392 89.183072
842 -29.697583 101.622862 89.183072
843 -29.634462 102.088571 89.183072
844 -29.577377 102.372059 89.183072
845 -29.410735 102.685432 89.183072
846 -29.202671 103.187965 89.183072
847 -29.103273 103.651889 89.183072
848 -29.034270 104.111717 89.183072
861 -27.782436 109.261108 89.183072
862 -27.712397 109.552460 89.183072
863 -27.730047 110.078632 89.183072
864 -28.027329 110.631006 89.183072
865 -28.429544 111.125422 89.183072
866 -28.649072 111.400875 89.183072
867 -28.815842 111.656227 89.183072
868 -29.112519 112.130928 89.183072
869 -29.221230 112.355209 89.183072
870 -29.337523 112.690564 89.183072
871 -29.444608 112.983994 89.183072
880 -30.538776 115.975455 89.183072
881 -30.649793 116.332647 89.183072
882 -30.648928 116.607589 89.183072
883 -30.639530 117.112502 89.183072
884 -30.611560 117.566511 89.183072
885 -30.569704 118.024575 89.183072
886 -30.557849 118.493972 89.183072
887 -30.562909 118.968865 89.183072
888 -30.565580 119.433752 89.183072
889 -30.570611 119.743600 89.183072
890 -30.556307 120.068275 89.183072
906 -30.601729 127.214473 89.183072
907 -30.598421 127.504346 89.183072
908 -30.672662 127.998210 89.183072
909 -30.723430 128.288410 89.183072
910 -30.724663 128.560900 89.183072
911 -30.701573 129.040330 89.183072
912 -30.672375 129.346125 89.183072
913 -30.561489 129.630079 89.183072
914 -30.378941 130.121728 89.183072
915 -30.237379 130.580266 89.183072
916 -30.157557 130.858611 89.183072
927 -29.343282 134.786269 89.183072
928 -29.348571 134.805539 89.183072
929 -29.450805 134.914576 89.183072
930 -29.850470 134.947786 89.183072
931 -30.005085 134.937038 89.183072
932 -30.175981 134.913799 89.183072
933 -30.205621 134.909163 89.183072
934 -30.205621 134.909163 89.183072
935 -30.205621 134.909163 89.183072
936 -30.205621 134.909163 89.183072
937 -30.205621 134.909163 89.183072
955 -39.371340 133.376843 89.183072
956 -39.371340 133.376843 89.183072
957 -39.371340 133.376843 89.183072
958 -39.310507 133.446663 89.183072
959 -39.064028 133.453473 89.183072
960 -39.142371 133.469618 88.510454
961 -39.220424 133.487030 88.510454
962 -39.296578 133.511380 88.510454
963 -39.389829 133.547494 88.510454
964 -39.261613 133.479870 88.510454
965 -38.852765 133.258388 88.510454
985 -31.596751 126.980816 88.510454
986 -31.588511 126.585933 88.510454
987 -31.599221 126.321164 88.510454
988 -31.602980 125.951227 88.510454
989 -31.583855 125.686925 88.510454
990 -31.570381 125.272160 88.510454
991 -31.551476 125.078079 88.510454
992 -31.524083 124.623971 88.510454
993 -31.516420 124.129086 88.510454
994 -31.514073 123.734269 88.510454
995 -31.481274 123.473826 88.510454
1016 -31.428085 116.695950 88.510454
1017 -31.431862 116.195966 88.510454
1018 -31.439491 115.671175 88.510454
1019 -31.392115 115.213824 88.510454
1020 -31.382684 115.049095 88.510454
1021 -31.321676 114.578199 88.510454
1022 -31.181734 114.098646 88.510454
1023 -31.114465 113.937319 88.510454
1024 -30.920688 113.559099 88.510454
1025 -30.702518 113.060269 88.510454
1026 -30.667194 112.899107 88.510454
1047 -30.184348 105.739658 88.510454
1048 -30.201541 105.529151 88.510454
1049 -30.275832 105.136392 88.510454
1050 -30.275752 104.907499 88.510454
1051 -30.235364 104.484552 88.510454
1052 -30.231384 104.259664 88.510454
1053 -30.225636 103.834740 88.510454
1054 -30.207583 103.610733 88.510454
1055 -30.176409 103.187098 88.510454
1056 -30.175585 102.962144 88.510454
1057 -30.168959 102.537231 88.510454
1078 -30.013711 94.850722 88.510454
1079 -30.071702 94.530959 88.510454
1080 -30.112814 94.223938 88.510454
1081 -30.119653 93.899041 88.510454
1082 -30.114896 93.554179 88.510454
1083 -30.061156 93.284541 88.510454
1084 -30.026481 92.911356 88.510454
1085 -30.024094 92.636367 88.510454
1086 -30.021640 92.261390 88.510454
1087 -30.030253 91.986525 88.510454
1088 -30.034862 91.611650 88.510454
1110 -29.895868 83.724683 88.510454
1111 -29.908322 83.445959 88.510454
1112 -29.975986 83.097628 88.510454
1113 -29.995713 82.788809 88.510454
1114 -29.947516 82.487739 88.510454
1115 -29.926109 82.148561 88.510454
1116 -29.927328 81.843565 88.510454
1117 -29.918644 81.498796 88.510454
1118 -29.885223 81.195680 88.510454
1119 -29.873184 80.850982 88.510454
1120 -29.876879 80.546018 88.510454
1143 -29.731958 72.813181 88.510454
1144 -29.795879 72.545856 88.510454
1145 -29.883631 72.038819 88.510454
1146 -29.890679 71.559447 88.510454
1147 -29.849443 71.086380 88.510454
1148 -29.818682 70.763046 88.510454
1149 -29.808517 70.438229 88.510454
1150 -29.786191 70.094036 88.510454
1151 -29.718244 69.827655 88.510454
1152 -29.671779 69.455879 88.510454
1153 -29.664617 69.180973 88.510454
1176 -29.451092 61.253517 88.510454
1177 -29.463068 60.869099 88.510454
1178 -29.505327 60.476379 88.510454
1179 -29.527947 60.212349 88.510454
1180 -29.541291 59.842726 88.510454
1181 -29.501496 59.580753 88.510454
1182 -29.470749 59.167057 88.510454
1183 -29.481100 58.952306 88.510454
1184 -29.486819 58.467464 88.510454
1185 -29.459838 57.973307 88.510454
1186 -29.419394 57.580439 88.510454
1209 -29.119769 49.829385 88.510454
1210 -29.143398 49.535481 88.510454
1211 -29.203871 49.277524 88.510454
1212 -29.248888 48.865351 88.510454
1213 -29.215971 48.653046 88.510454
1214 -29.161691 48.221495 88.510454
1215 -29.151361 48.006743 88.510454
1216 -29.132235 47.572171 88.510454
1217 -29.133314 47.377174 88.510454
1218 -29.123054 46.922322 88.510454
1219 -29.108838 46.427559 88.510454
1242 -28.774075 38.834872 88.510454
1243 -28.804862 38.481362 88.510454
1244 -28.838770 38.304652 88.510454
1245 -28.869211 37.850918 88.510454
1246 -28.863451 37.361121 88.510454
1247 -28.831389 36.887241 88.510454
1248 -28.787153 36.469577 88.510454
1249 -28.780068 36.254700 88.510454
1250 -28.758943 35.820213 88.510454
1251 -28.755075 35.605250 88.510454
1252 -28.735524 35.170714 88.510454
1275 -28.198635 26.092921 88.510454
1276 -28.223869 25.669174 88.510454
1277 -28.268189 25.191382 88.510454
1278 -28.248651 24.696982 88.510454
1279 -28.211376 24.359278 88.510454
1280 -28.142907 24.031635 88.510454
1281 -28.073710 23.501155 88.510454
1282 -28.002137 23.026753 88.510454
1283 -27.882181 22.541609 88.510454
1284 -27.781692 22.329369 88.510454
1285 -27.613730 21.912034 88.510454
1308 -19.019216 24.533745 88.510454
1309 -19.038219 24.963263 88.510454
1310 -19.057174 25.387653 88.510454
1311 -19.072816 25.867263 88.510454
1312 -19.094796 26.191460 88.510454
1313 -19.102987 26.526360 88.510454
1314 -19.108934 26.851272 88.510454
1315 -19.104497 27.186240 88.510454
1316 -19.121009 27.665822 88.510454
1317 -19.143517 27.989983 88.510454
1318 -19.156152 28.324726 88.510454
1341 -19.830047 36.468615 88.510454
1342 -19.830047 36.468615 88.510454
1343 -19.820471 36.471494 88.510454
1344 -19.707453 36.438270 88.510454
1345 -19.623972 36.149399 88.510454
1346 -19.641376 35.765147 88.510454
1347 -19.725672 35.503553 88.510454
1348 -19.776382 35.123094 88.510454
1349 -19.737292 34.850938 88.510454
1350 -19.595952 34.335597 88.510454
1351 -19.469943 34.025242 88.510454
1374 -17.938209 25.038947 88.510454
1375 -17.753164 24.684340 88.510454
1376 -17.591508 24.438353 88.510454
1377 -17.308691 24.256640 88.510454
1378 -16.732745 24.189408 88.510454
1379 -16.084626 24.235541 88.510454
1380 -15.438603 24.255719 88.510454
1381 -14.794676 24.172578 88.510454
1382 -14.214019 23.894230 88.510454
1383 -13.846176 23.399432 88.510454
1384 -13.690128 23.096368 88.510454
1407 -6.559008 22.695700 88.869007
1408 -6.518559 22.579312 88.869007
1409 -6.549960 22.180785 88.869007
1410 -6.623562 21.686307 88.869007
1411 -6.657100 21.398521 88.869007
1412 -6.680063 21.044337 88.869007
1413 -6.732604 20.511928 88.869007
1414 -6.797395 20.041464 89.068628
1415 -6.859921 19.728192 89.068628
1416 -6.987337 19.451173 89.068628
1417 -7.193535 18.974576 89.944986
1442 -9.430163 9.918662 95.026841
1443 -9.604189 9.444895 95.026841
1444 -9.778953 9.068555 96.002607
1445 -9.924118 8.846853 96.002607
1446 -10.198325 8.387638 96.572566
1447 -10.404942 7.927301 96.572566
1448 -10.537382 7.539345 96.572566
1449 -10.660844 7.304870 97.717657
1450 -10.900125 6.832199 97.717657
1451 -11.073386 6.416938 99.086329
1452 -11.140087 6.212615 99.086329
1479 -13.745354 -3.387037 102.237471
1480 -13.745354 -3.387037 102.237471
1481 -13.630771 -3.433170 102.237471
1482 -13.531349 -3.427063 102.237471
1483 -13.476190 -3.404621 102.237471
1484 -13.354571 -3.202708 102.237471
1485 -13.310120 -2.731444 102.237471
1486 -13.360412 -2.282305 102.237471
1487 -13.481021 -1.815461 102.237471
1488 -13.773010 -1.298066 102.237471
1489 -14.322775 -0.975975 102.237471
1505 -24.290780 -0.475349 102.100443
1506 -24.931226 -0.471480 102.100443
1507 -25.574707 -0.399499 102.100443
1508 -26.219201 -0.337660 102.100443
1509 -26.863554 -0.312759 102.100443
1510 -27.510923 -0.324812 102.100443
1511 -28.158025 -0.347007 102.100443
1512 -28.804703 -0.379616 102.100443
1513 -29.451428 -0.411234 102.100443
1514 -30.095753 -0.440734 102.100443
1515 -30.740206 -0.466907 105.611082
1543 -39.952462 -0.781505 105.611082
1544 -39.952462 -0.781505 105.611082
1545 -39.952462 -0.781505 105.611082
1546 -39.952462 -0.781505 105.611082
1547 -40.006627 -0.757791 105.611082
1548 -40.028383 -0.695396 105.611082
1549 -39.925515 -0.584296 105.611082
1550 -39.504381 -0.502661 105.611082
1551 -38.865437 -0.526083 105.611082
1552 -38.218428 -0.550137 105.611082
1553 -37.573471 -0.557510 105.611082
1582 -30.126032 -8.458262 111.278482
1583 -30.170317 -8.653147 112.378025
1584 -30.246299 -9.126697 112.378025
1585 -30.251102 -9.556570 112.378025
1586 -30.227551 -9.752645 113.464094
1587 -30.166934 -10.228737 113.464094
1588 -30.140117 -10.697925 113.464094
1589 -30.107729 -11.081492 114.496204
1590 -30.095626 -11.383739 114.496204
1591 -30.067286 -11.867911 114.496204
1592 -30.070361 -12.050380 115.494505
1609 -29.764492 -18.784172 122.672331
1610 -29.739505 -19.095175 122.672331
1611 -29.791130 -19.594686 122.672331
1612 -29.829183 -20.095412 123.681610
1613 -29.829380 -20.621539 123.681610
1614 -29.832124 -20.832112 123.681610
1615 -29.841907 -21.287002 124.680154
1616 -29.826827 -21.761642 124.680154
1617 -29.818407 -22.036363 125.689541
1618 -29.825688 -22.391265 125.689541
1619 -29.814787 -22.668055 125.689541
1639 -29.343430 -30.273971 133.805010
1640 -29.321812 -30.788401 133.805010
1641 -29.329267 -31.253305 133.805010
1642 -29.320123 -31.718216 134.856742
1643 -29.331045 -31.900388 134.856742
1644 -29.347545 -32.350060 134.856742
1645 -29.350780 -32.852494 135.875314
1646 -29.333319 -33.298403 135.875314
1647 -29.350968 -33.497611 136.874033
1648 -29.405842 -33.974327 136.874033
1649 -29.484400 -34.397088 136.874033
1670 -30.306038 -41.641442 144.612382
1671 -30.355773 -42.078612 145.619576
1672 -30.372617 -42.598078 145.619576
1673 -30.349030 -43.097521 145.619576
1674 -30.345647 -43.327461 146.610849
1675 -30.336311 -43.767324 146.610849
1676 -30.301811 -44.291127 146.610849
1677 -30.295028 -44.701061 147.756898
1678 -30.253477 -44.942447 147.756898
1679 -30.220480 -45.436054 148.609357
1680 -30.226408 -45.905986 148.609357
1721 -29.268738 -55.955856 160.801061
1722 -29.258920 -55.953957 160.801061
1723 -29.158261 -55.880189 160.801061
1724 -29.110564 -55.552360 160.801061
1725 -29.209092 -55.053495 160.801061
1726 -29.311980 -54.868347 160.801061
1727 -29.520312 -54.454493 160.801061
1728 -29.597614 -54.006820 160.801061
1729 -29.616617 -53.792690 160.801061
1730 -29.687884 -53.307916 160.801061
1731 -29.761159 -52.838605 160.801061
1756 -36.548349 -49.810307 160.801061
1757 -36.673806 -50.074548 160.801061
1758 -36.722920 -50.525760 160.801061
1759 -36.663280 -50.762658 160.801061
1760 -36.531201 -51.239230 160.801061
1761 -36.476027 -51.705954 160.801061
1762 -36.449589 -52.170192 160.801061
1763 -36.418940 -52.352251 160.801061
1764 -36.320589 -52.786238 160.801061
1765 -36.294405 -52.949001 160.801061
1766 -36.224538 -53.337560 160.801061
1814 -30.873397 -68.014922 170.140240
1815 -30.878601 -68.384590 171.149120
1816 -30.912625 -68.873330 171.149120
1817 -30.936818 -69.337556 171.149120
1818 -30.937968 -69.862553 172.527856
1819 -30.937017 -70.342446 172.527856
1820 -30.944106 -70.867328 172.527856
1821 -30.979905 -71.300644 173.935221
1822 -31.045711 -71.526024 173.935221
1823 -31.178944 -72.007651 173.935221
1824 -31.268353 -72.514753 175.143431
1854 -32.007933 -76.473632 180.917278
1855 -31.727145 -76.803748 180.917278
1856 -31.602383 -77.078302 180.917278
1857 -31.503230 -77.398273 180.917278
1858 -31.342923 -77.866521 180.917278
1859 -31.174353 -78.310602 181.112179
1860 -31.065140 -78.518497 181.112179
1861 -30.810390 -78.977511 181.112179
1862 -30.614797 -79.366053 182.117164
1863 -30.541085 -79.586550 182.117164
1864 -30.362938 -80.080139 182.117164
1895 -27.384797 -88.519571 192.502108
1896 -27.384797 -88.519571 192.502108
1897 -27.384797 -88.519571 192.502108
1898 -27.384797 -88.519571 192.502108
1899 -27.384797 -88.519571 192.502108
1900 -27.384797 -88.519571 192.702106
1901 -27.418874 -88.456143 192.702106
1902 -27.509002 -88.398170 192.702106
1903 -27.568078 -88.388899 192.702106
1904 -27.637514 -88.407686 192.702106
1905 -27.765097 -88.556783 192.702106
1967 -30.274594 -102.099175 206.717638
1968 -30.214628 -102.359477 206.717638
1969 -30.203678 -102.779000 206.717638
1970 -30.245623 -102.989813 206.717638
1971 -30.304175 -103.475999 206.715122
1972 -30.307029 -103.955698 206.715122
1973 -30.282460 -104.354912 206.715122
1974 -30.286752 -104.619877 207.500607
1975 -30.273050 -105.089455 207.500607
1976 -30.227120 -105.567220 207.500607
1977 -30.192219 -106.040883 207.101187
2015 -29.363321 -117.835062 207.101960
2016 -29.363321 -117.835062 207.101960
2017 -29.410847 -117.895998 207.101960
2018 -29.521471 -117.901435 207.101960
2019 -29.653997 -117.697410 207.101960
2020 -29.742770 -117.195506 207.101960
2021 -29.681198 -116.712963 207.101960
2022 -29.623468 -116.535955 207.101960
2023 -29.474348 -116.122506 207.101960
2024 -29.405912 -115.713461 207.101960
2025 -29.367919 -115.471713 207.101960
