6 -38.000000 85.000000 -1.324013
7 -38.002200 84.875021 20.010498
8 -38.048000 84.443606 20.010498
9 -38.368815 83.894613 20.010498
10 -38.809915 83.424059 20.010498
11 -39.145332 83.033575 20.769690
12 -39.310182 82.866112 21.583791
13 -39.650750 82.507290 21.583791
14 -39.960806 81.997779 21.583791
15 -40.115823 81.684143 22.477100
16 -40.269498 81.386631 22.477100
17 -40.467170 80.933851 23.363648
18 -40.552730 80.636094 23.363648
19 -40.728974 80.524849 23.363648
20 -41.237919 80.538686 23.564805
21 -41.877686 80.637845 23.564805
22 -42.518534 80.730073 23.769308
23 -43.161080 80.784991 23.769308
24 -43.808226 80.804925 25.457809
25 -44.454122 80.769909 25.457809
26 -45.095285 80.679598 25.639423
27 -45.736396 80.572880 25.276472
28 -46.367853 80.419513 25.276472
29 -46.873769 80.299701 25.276472
30 -46.873769 80.299701 25.276472
31 -46.873769 80.299701 25.276472
32 -46.807487 80.372006 25.276472
33 -46.432558 80.450096 25.276472
34 -45.805677 80.407831 25.276472
35 -45.175434 80.260122 25.276472
36 -44.550036 80.083035 25.276472
37 -43.920708 79.931074 25.276472
38 -43.287870 79.806669 25.276472
39 -42.648122 79.691792 25.276472
40 -42.008526 79.591063 25.276472
41 -41.989756 79.597934 25.276472
42 -41.875348 79.713162 25.276472
43 -41.835131 80.105330 25.276472
44 -42.244903 80.517501 25.276472
45 -42.882893 80.595063 25.276472
46 -43.529709 80.608454 25.276472
47 -44.174046 80.692612 25.276472
48 -44.808327 80.833455 25.276472
49 -45.428674 81.027022 25.276472
50 -46.032871 81.266124 25.276472
51 -46.625447 81.533212 25.276472
52 -47.212206 81.812838 25.276472
53 -47.790968 82.108120 25.276472
54 -48.358092 82.406527 25.276472
55 -48.984038 82.564632 25.276472
56 -49.627739 82.598040 25.276472
57 -50.275030 82.582784 25.276472
58 -50.922015 82.557211 25.276472
59 -51.568602 82.522830 25.276472
60 -52.215891 82.523998 25.276472
61 -52.853044 82.545020 25.276472
62 -53.267818 82.558706 25.276472
63 -53.329992 82.573929 25.276472
64 -53.367708 82.606226 25.276472
65 -53.374123 82.625153 25.276472
66 -53.310779 82.741606 25.276472
67 -52.964505 82.843047 25.276472
68 -52.374500 82.850462 25.276472
69 -51.730776 82.760666 25.276472
70 -51.090401 82.684511 25.276472
71 -50.444093 82.645535 25.276472
72 -49.796964 82.624186 25.276472
73 -49.152412 82.600657 25.276472
74 -48.506720 82.553495 25.276472
75 -47.867556 82.468357 25.276472
76 -47.230945 82.337515 25.276472
77 -46.601600 82.175178 25.276472
78 -45.983258 81.991830 25.276472
79 -45.368302 81.797282 25.276472
80 -44.751398 81.600680 25.276472
81 -44.139259 81.382604 25.276472
82 -43.532108 81.150547 25.276472
83 -42.913267 80.961436 25.276472
84 -42.275038 80.873910 25.276472
85 -41.627760 80.864426 25.276472
86 -40.980474 80.880936 25.276472
87 -40.333038 80.888976 25.276472
88 -39.688409 80.869053 25.276472
89 -39.042241 80.827667 25.276472
90 -38.399133 80.778308 25.276472
91 -37.755370 80.709121 25.276472
92 -37.110983 80.645985 25.276472
93 -36.467029 80.562025 25.276472
94 -35.838824 80.395849 25.276472
95 -35.231641 80.185921 25.276472
96 -34.690306 79.986146 25.276472
97 -34.227871 79.573483 25.276472
98 -33.995679 79.134656 25.276472
99 -33.941194 78.906306 25.601954
100 -33.799438 78.406561 25.601954
101 -33.478100 77.858565 25.601954
102 -33.048291 77.374523 26.020377
103 -32.649896 76.949571 26.540913
104 -32.224148 76.458427 26.540913
105 -31.835354 75.982783 26.540913
106 -31.479634 75.465887 26.755561
107 -31.339071 75.237065 26.755561
108 -31.351426 74.919854 26.755561
109 -31.428034 74.415650 30.549960
110 -31.464008 73.942745 31.122019
111 -31.422126 73.409500 31.122019
112 -31.356741 72.944291 32.195963
113 -31.212166 72.471358 32.195963
114 -31.093246 72.142594 33.150868
115 -31.025269 71.814584 33.150868
116 -30.885019 71.334914 33.150868
118 -30.702802 70.962208 34.093109
118 -30.566833 70.661532 34.093109
119 -30.287184 70.213246 34.093109
120 -29.784876 69.846167 35.013427
121 -29.164772 69.654084 35.013427
122 -28.530475 69.512123 36.062447
123 -27.902022 69.346554 36.524239
124 -27.284871 69.142959 36.524239
125 -26.673905 68.921235 36.854580
126 -26.075132 68.668583 37.047268
127 -25.489126 68.387355 37.101214
129 -24.627555 67.931579 37.101214
129 -24.516484 67.864031 37.101214
130 -24.516484 67.864031 37.101214
131 -24.431311 67.948699 37.101214
132 -24.429862 68.346576 37.101214
133 -24.841818 68.819438 37.101214
134 -25.426398 69.100791 37.101214
135 -26.037985 69.320901 37.101214
136 -26.635281 69.576755 37.101214
137 -27.194268 69.906307 37.101214
138 -27.667570 70.346755 37.101214
140 -28.081900 70.856612 37.101214
140 -28.165568 70.975027 37.101214
141 -28.326453 71.385053 37.101214
142 -28.271938 71.918568 37.101214
143 -28.136315 72.409985 37.101214
144 -28.066422 72.884396 37.101214
145 -28.053344 73.206557 37.101214
146 -28.055623 73.516549 37.101214
147 -28.059372 74.026535 37.101214
148 -28.070881 74.536379 37.101214
149 -28.086957 74.956072 37.101214
151 -28.113485 75.527956 37.101214
151 -28.115484 75.577916 37.101214
152 -28.152636 75.794263 37.101214
153 -28.247158 75.991624 37.101214
154 -28.527527 76.202241 37.101214
155 -29.118147 76.324263 37.101214
156 -29.760405 76.405881 37.101214
157 -30.399229 76.524890 37.101214
158 -31.033704 76.665805 37.101214
159 -31.659251 76.841890 37.101214
160 -32.269453 77.065631 37.101214
162 -33.327337 77.368909 37.101214
162 -33.520710 77.393936 37.101214
163 -34.161620 77.466447 37.101214
164 -34.806654 77.522181 37.101214
165 -35.452960 77.561430 37.101214
166 -36.097003 77.596563 37.101214
167 -36.743547 77.631731 37.101214
168 -37.389666 77.673901 37.101214
169 -38.035406 77.721580 37.101214
170 -38.678018 77.777011 37.101214
171 -39.321600 77.848103 37.101214
173 -40.475756 77.986119 37.101214
173 -40.605238 77.997704 37.101214
174 -41.251447 78.037671 37.101214
175 -41.896002 78.061614 37.101214
176 -42.542934 78.088715 37.101214
177 -43.189243 78.127751 37.101214
178 -43.835009 78.175093 37.101214
179 -44.479229 78.239725 37.101214
180 -45.122493 78.313604 37.101214
181 -45.764591 78.397013 37.101214
182 -46.407071 78.477410 37.101214
184 -47.504084 78.586952 37.101214
184 -47.695617 78.606225 37.101214
185 -48.337413 78.670432 37.101214
186 -48.978615 78.774305 37.101214
187 -49.602632 78.955291 37.101214
188 -50.211806 79.181460 37.101214
189 -50.807408 79.422175 37.101214
190 -51.439559 79.548920 37.101214
191 -52.088539 79.527755 37.101214
192 -52.722578 79.401135 37.101214
193 -53.322200 79.159494 37.101214
195 -54.347130 78.473772 37.101214
195 -54.347130 78.473772 37.101214
196 -54.409749 78.366484 37.101214
197 -54.443475 77.940546 37.101214
198 -54.411895 77.647949 37.101214
199 -54.298299 77.333038 37.101214
200 -54.218645 76.860374 37.101214
201 -54.214892 76.360448 37.101214
202 -54.220169 76.125518 37.101214
203 -54.203787 75.735896 37.101214
204 -54.140627 75.509778 37.101214
206 -54.017667 74.726380 37.101214
206 -54.017667 74.726380 37.101214
207 -54.016174 74.706435 37.101214
208 -54.035443 74.701174 37.101214
209 -54.145351 74.748266 37.101214
210 -54.258580 75.110801 37.101214
211 -54.247415 75.652121 37.101214
212 -54.140953 76.120095 37.101214
213 -54.038898 76.578591 37.101214
214 -53.970077 77.109096 37.101214
215 -53.897454 77.573046 37.101214
217 -53.437078 78.540503 37.101214
217 -53.345083 78.632327 37.101214
218 -52.957900 78.979414 37.101214
219 -52.428310 79.342233 37.101214
220 -51.794324 79.457157 37.101214
221 -51.150290 79.445020 37.101214
222 -50.531445 79.257950 37.101214
223 -49.993231 78.896138 37.101214
224 -49.508246 78.463715 37.101214
225 -49.056990 77.995932 37.101214
226 -48.652455 77.513694 37.101214
228 -48.252453 76.560281 37.101214
229 -48.245524 76.455516 37.101214
229 -48.246432 76.060676 37.101214
230 -48.288752 75.829661 37.101214
231 -48.334707 75.392296 37.101214
232 -48.341285 74.897341 37.101214
233 -48.326117 74.372560 37.101214
234 -48.314751 73.837686 37.101214
235 -48.313028 73.512738 37.101214
236 -48.321833 73.177868 37.101214
237 -48.298976 72.643617 37.101214
239 -48.256548 71.640196 37.101214
240 -48.256549 71.535196 37.101214
240 -48.265221 71.315739 37.101214
241 -48.316285 70.984692 37.101214
242 -48.370669 70.462581 37.101214
243 -48.409837 69.984238 37.101214
244 -48.462700 69.451880 37.101214
245 -48.519067 68.975473 37.101214
246 -48.618524 68.546992 37.101214
247 -48.710703 68.330849 37.101214
248 -48.917468 67.843267 37.101214
250 -49.819582 66.742181 37.101214
251 -49.865441 66.696116 37.101214
252 -49.907667 66.710784 37.101214
253 -50.007251 66.908968 37.101214
254 -49.789117 67.366216 37.101214
255 -49.323528 67.814394 37.101214
256 -48.806887 68.208816 37.101214
257 -48.379560 68.599912 37.101214
258 -48.023048 69.044398 37.101214
259 -47.767096 69.414160 37.101214
260 -47.612551 69.590996 37.101214
263 -46.925288 70.684311 37.101214
264 -46.752718 71.137431 37.101214
265 -46.550141 71.632482 37.101214
266 -46.275575 72.176991 37.101214
267 -46.124660 72.436011 37.101214
268 -45.935553 72.693959 37.101214
269 -45.579543 73.158013 37.101214
270 -45.414689 73.417437 37.101214
271 -45.247051 73.730358 37.101214
272 -44.967535 74.261249 37.101214
273 -44.855161 74.438180 37.101214
275 -44.287992 75.350385 37.101214
276 -43.996510 75.845402 37.101214
277 -43.519166 76.271642 37.101214
278 -42.911496 76.485872 37.101214
279 -42.267109 76.545622 37.101214
280 -41.622710 76.573359 37.101214
281 -40.973697 76.608024 37.101214
282 -40.329120 76.668915 37.101214
283 -39.684751 76.754085 37.101214
284 -39.042146 76.851823 37.101214
285 -38.401957 76.948827 37.101214
287 -36.986841 77.136252 37.101214
288 -36.344443 77.217116 37.101214
289 -35.702758 77.282029 37.101214
290 -35.056294 77.317697 37.101214
291 -34.408955 77.319361 37.101214
292 -33.761761 77.299458 37.101214
293 -33.114567 77.279554 37.101214
294 -32.467286 77.262859 37.101214
295 -31.819847 77.254315 37.101214
296 -31.174878 77.255570 37.101214
297 -30.527641 77.273856 37.101214
299 -29.105257 77.290392 37.101214
300 -28.455946 77.314045 37.101214
301 -27.814608 77.382585 37.101214
302 -27.172220 77.439580 37.101214
303 -26.525322 77.466920 37.101214
304 -25.878078 77.485112 37.101214
305 -25.230826 77.503031 37.101214
306 -24.583574 77.520950 37.101214
307 -23.938714 77.533937 37.101214
308 -23.291231 77.537992 37.101214
309 -22.643737 77.540918 37.101214
312 -21.156856 77.515222 37.101214
313 -20.509603 77.498405 37.101214
314 -19.862110 77.496826 37.101214
315 -19.214614 77.499036 37.101214
316 -18.567117 77.501110 37.101214
317 -17.919630 77.497314 37.101214
318 -17.270901 77.458921 37.101214
319 -16.627846 77.365152 37.101214
320 -15.995122 77.240432 37.101214
321 -15.362613 77.090678 37.101214
322 -14.730967 76.937332 37.101214
324 -12.964181 76.502025 38.989487
325 -12.893290 76.479514 38.989487
326 -12.821797 76.266778 38.989487
327 -13.054807 75.805254 38.989487
328 -13.488558 75.323907 38.989487
329 -13.977697 74.895858 38.989487
330 -14.442403 74.449027 39.152268
331 -14.803123 74.001327 39.152268
332 -15.122660 73.566211 38.989487
333 -15.259196 73.333550 38.989487
336 -15.335426 73.132803 38.989487
337 -15.335426 73.132803 38.989487
338 -15.319285 73.121010 38.989487
339 -15.223081 73.088186 38.989487
340 -15.151224 73.089991 38.989487
341 -15.011084 73.196404 39.106267
342 -14.932393 73.627125 39.106267
343 -14.955993 74.151167 39.106267
344 -15.031128 74.650532 39.106267
345 -15.081776 75.127686 39.106267
346 -15.102706 75.597177 39.106267
349 -15.676338 76.892854 39.106267
350 -16.236313 77.219328 39.106267
351 -16.852646 77.422542 39.106267
352 -17.489434 77.538636 39.106267
353 -18.128248 77.627691 39.106267
354 -18.765013 77.730396 39.106267
355 -19.403921 77.835507 39.106267
356 -20.045193 77.941465 39.106267
357 -20.681709 78.060208 39.106267
358 -21.313850 78.188176 39.106267
359 -21.948789 78.315048 39.106267
362 -23.990462 78.712136 39.106267
363 -24.499713 78.804133 39.106267
364 -25.140858 78.894275 39.106267
365 -25.761466 79.073863 39.106267
366 -26.199691 79.444540 39.106267
367 -26.512305 79.902531 39.106267
368 -26.740050 80.389056 39.106267
369 -26.953476 80.895796 39.106267
370 -27.252747 81.391923 39.106267
371 -27.526264 81.873812 39.106267
372 -27.667689 82.315213 39.106267
376 -27.618521 83.534659 38.989487
377 -27.633064 83.743380 38.989487
378 -27.725546 84.127154 38.989487
379 -27.756686 84.387629 38.989487
380 -27.801503 84.780035 38.989487
381 -27.817765 85.041906 38.989487
382 -27.824754 85.436835 38.989487
383 -27.805398 85.911315 38.989487
384 -27.769881 86.374908 38.989487
385 -27.756622 86.889546 38.989487
386 -27.758284 87.147012 38.989487
388 -27.753030 88.016995 38.989487
388 -27.752831 88.069495 38.989487
389 -27.752831 88.069495 38.989487
390 -27.730202 88.087096 38.989487
391 -27.690282 88.089626 38.989487
392 -27.645313 88.067985 38.989487
393 -27.513404 87.980871 38.989487
394 -27.456008 87.940801 38.989487
395 -27.391710 87.832412 38.989487
396 -27.393606 87.842867 38.989487
397 -27.397174 87.862546 38.989487
400 -27.254528 86.689704 38.989487
401 -26.682203 86.430856 38.989487
402 -26.033010 86.421844 38.989487
403 -25.388237 86.435922 39.106267
404 -24.738955 86.407267 39.106267
405 -24.093448 86.332049 39.106267
406 -23.452964 86.221272 39.106267
407 -22.816597 86.102195 39.106267
408 -22.190882 85.936065 39.106267
409 -21.627959 85.807991 39.106267
410 -21.311234 85.763084 39.106267
413 -21.054096 85.750814 39.106267
414 -21.054096 85.750814 39.106267
415 -21.054096 85.750814 39.106267
416 -21.054096 85.750814 39.106267
417 -21.054096 85.750814 39.106267
418 -21.054096 85.750814 38.989487
419 -21.052517 85.809922 38.989487
420 -20.862376 85.954575 39.106267
421 -20.335644 86.058064 39.106267
422 -19.687181 86.031103 39.106267
423 -19.043343 85.941987 39.106267
426 -16.791435 85.710298 38.989487
427 -16.209136 85.721458 38.989487
428 -15.563039 85.763739 38.989487
429 -14.915854 85.780197 38.989487
430 -14.269750 85.745636 38.989487
431 -13.698960 85.644216 38.989487
432 -13.054583 85.572991 38.989487
433 -12.485354 85.672796 38.989487
434 -12.294347 85.722872 38.989487
435 -11.811419 85.803188 38.989487
436 -11.165670 85.849493 38.989487
440 -10.138485 85.874069 38.989487
441 -10.128487 85.874272 38.989487
442 -10.085968 85.809656 38.989487
443 -10.134398 85.676820 38.989487
444 -10.518181 85.544366 38.989487
445 -11.156831 85.515242 38.989487
446 -11.803706 85.543482 38.989487
447 -12.450846 85.563661 38.989487
448 -13.097821 85.580585 38.989487
449 -13.733449 85.702191 38.989487
450 -14.369465 85.835450 38.989487
454 -16.692651 85.950767 38.989487
455 -17.339939 85.967332 38.989487
456 -17.987235 85.983554 38.989487
457 -18.634549 85.999097 38.989487
458 -19.281836 86.015562 38.989487
459 -19.926240 86.043101 38.989487
460 -20.574950 86.083925 38.989487
461 -21.220417 86.135198 38.989487
462 -21.865913 86.186096 38.989487
463 -22.509108 86.234286 38.989487
464 -23.154521 86.286239 38.989487
467 -25.537505 86.521727 38.989487
468 -26.048580 86.602980 38.989487
469 -26.686650 86.723285 38.989487
470 -27.240069 87.052594 38.989487
471 -27.521218 87.468557 38.989487
472 -27.595708 87.691334 38.989487
473 -27.649857 88.087073 38.989487
474 -27.647742 88.322063 38.989487
475 -27.645858 88.777056 38.989487
476 -27.667468 88.955737 38.989487
477 -27.709277 89.428734 38.989487
481 -27.768510 90.653854 38.989487
482 -27.836321 90.981243 38.989487
483 -27.857209 91.515609 38.989487
484 -27.848972 91.715257 38.989487
485 -27.827070 92.064510 38.989487
486 -27.828864 92.579455 38.989487
487 -27.847629 92.783394 38.989487
488 -27.873173 93.227476 38.989487
489 -27.870488 93.432307 38.989487
490 -27.857653 93.827041 38.989487
491 -27.872586 94.341763 38.989487
495 -27.992344 95.462033 38.989487
496 -28.012414 95.981625 38.989487
497 -28.018761 96.231371 38.989487
498 -28.010992 96.616266 38.989487
499 -28.026425 96.865127 38.989487
500 -28.095775 97.243637 38.989487
501 -28.116253 97.517599 38.989487
502 -28.111349 97.852562 38.989487
503 -28.118336 98.164731 38.989487
504 -28.163954 98.471313 38.989487
505 -28.194410 98.782200 38.989487
507 -28.249517 99.825528 38.989487
508 -28.281927 99.892229 38.989487
509 -28.480062 99.989851 38.989487
510 -28.968791 99.862713 38.989487
511 -29.390744 99.400409 38.989487
512 -29.741636 98.883255 38.989487
513 -30.135884 98.379125 38.989487
514 -30.552506 97.886770 38.989487
515 -30.978309 97.399047 38.989487
516 -31.401821 96.910931 38.989487
517 -31.895354 96.492057 38.989487
522 -34.754396 96.265523 38.989487
523 -34.803478 96.274498 38.989487
524 -34.803478 96.274498 38.989487
525 -34.803478 96.274498 38.989487
526 -34.803478 96.274498 38.989487
527 -34.803478 96.274498 38.989487
528 -34.782277 96.241416 38.989487
529 -34.538418 96.149292 38.989487
530 -34.094922 96.176092 38.989487
531 -33.467360 96.286011 38.989487
532 -32.833084 96.415743 38.989487
536 -31.398395 97.015752 38.989487
537 -31.354585 97.432535 38.989487
538 -31.387308 97.928817 38.989487
539 -31.418976 98.337583 38.989487
540 -31.415742 98.572560 38.989487
541 -31.422158 99.027475 38.989487
542 -31.447476 99.203120 38.989487
543 -31.471817 99.677348 38.989487
544 -31.465310 100.097167 38.989487
545 -31.377876 100.314416 38.989487
546 -31.157861 100.757830 38.989487
551 -30.893619 102.701076 38.989487
552 -30.976406 103.183977 38.989487
553 -31.031423 103.380583 38.989487
554 -31.185310 103.744343 38.989487
555 -31.374312 104.276657 38.989487
556 -31.530714 104.746158 38.989487
557 -31.798875 105.230638 39.436278
558 -32.173640 105.742698 39.436278
559 -32.596214 106.236457 40.344764
560 -33.033844 106.716935 40.344764
561 -33.477201 107.183671 41.169163
566 -34.573466 108.355872 41.696283
567 -34.573466 108.355872 41.696283
568 -34.573466 108.355872 41.696283
569 -34.472782 108.249424 41.696283
570 -34.446425 107.794353 41.696283
571 -34.562252 107.305754 41.696283
572 -34.695952 106.968988 41.696283
573 -34.779438 106.699289 41.696283
574 -34.954609 106.204472 41.696283
575 -35.055981 105.890621 41.696283
576 -35.198471 105.620979 41.696283
583 -36.431919 103.327428 41.740388
584 -36.588385 103.211095 41.740388
585 -36.588385 103.211095 41.696283
586 -36.628144 103.318566 41.696283
587 -36.510540 103.485880 41.696283
588 -36.124534 103.794198 41.696283
589 -35.556011 104.103916 41.696283
590 -34.991026 104.419402 41.696283
591 -34.453432 104.784676 41.696283
592 -33.917348 105.152191 41.696283
593 -33.372637 105.506833 41.696283
600 -29.468412 107.841613 42.322807
601 -29.428585 107.871782 42.322807
602 -29.389908 107.912401 42.322807
603 -29.378967 107.961065 43.256676
604 -29.387797 108.010171 43.256676
605 -29.526059 108.147682 43.835374
606 -29.995218 108.240745 43.835374
607 -30.641215 108.199514 43.925619
608 -31.288042 108.174625 44.134567
609 -31.934561 108.208980 44.134567
610 -32.579309 108.289924 44.134567
614 -35.239845 108.897597 44.134567
615 -35.734843 109.054557 44.134567
616 -36.283708 109.398876 44.134567
617 -36.725357 109.852864 44.134567
618 -36.885660 110.109122 44.134567
619 -37.059180 110.389382 44.134567
620 -37.170430 110.693985 44.134567
621 -37.252005 111.018895 44.134567
622 -37.360375 111.527301 44.134567
623 -37.398643 111.774179 44.134567
624 -37.451873 112.155349 44.134567
631 -38.097193 114.668545 45.286863
632 -38.260346 115.028236 45.286863
633 -38.594054 115.548839 45.286863
634 -39.047742 116.013513 45.286863
635 -39.521483 116.458538 45.475488
636 -39.984719 116.914389 45.475488
637 -40.425338 117.392219 45.475488
638 -40.852493 117.873810 45.475488
639 -41.275380 118.349004 45.475488
640 -41.700713 118.822170 45.475488
641 -42.112838 119.306870 45.475488
648 -45.504670 122.660327 45.475488
649 -45.549048 122.707821 45.475488
650 -45.522804 122.768885 45.475488
651 -45.234507 122.862833 45.475488
652 -44.689779 122.643290 45.475488
653 -44.188721 122.239158 45.475488
654 -43.910112 121.831055 45.475488
655 -43.746116 121.574205 45.475488
656 -43.549022 121.399559 45.475488
657 -43.035080 121.260314 45.475488
658 -42.388115 121.271928 45.475488
666 -37.543261 121.151426 45.475488
667 -36.893934 121.138811 45.475488
668 -36.254929 121.253115 45.475488
669 -35.631438 121.436497 45.475488
670 -35.012612 121.626681 45.475488
671 -34.383000 121.788049 45.475488
672 -33.747596 121.924497 46.466547
673 -33.108998 122.030992 46.466547
674 -32.465882 122.106056 46.825848
675 -31.828697 122.217994 46.825848
676 -31.245028 122.495825 47.907620
684 -27.558076 125.984425 57.884886
685 -27.530070 126.005417 57.884886
686 -27.530070 126.005417 57.884886
687 -27.530070 126.005417 57.884886
688 -27.559366 125.934045 57.852398
689 -27.649299 125.900673 57.852398
690 -27.776207 126.011621 57.852398
691 -27.832416 126.360768 57.852398
692 -27.828831 126.645000 57.852398
693 -27.779286 127.006581 57.789445
694 -27.763294 127.530900 57.789445
699 -28.027367 129.113762 57.789445
700 -28.051620 129.194896 57.789445
701 -28.135041 129.249177 57.884886
702 -28.465940 129.251981 57.884886
703 -28.799959 128.846990 57.884886
704 -28.822828 128.698754 57.884886
705 -28.893351 128.249273 57.884886
706 -28.957451 128.055879 57.884886
707 -29.139266 127.660828 57.884886
708 -29.283539 127.166865 57.884886
709 -29.353719 127.034464 57.884886
718 -30.941570 123.576204 57.884886
719 -30.956010 123.555806 57.884886
720 -31.033933 123.557866 57.884886
721 -31.158904 123.761389 57.884886
722 -31.222974 124.225811 57.884886
723 -31.201830 124.574876 57.884886
724 -31.113729 124.856352 57.884886
725 -31.045740 125.229806 57.884886
726 -31.052590 125.474706 58.367971
727 -31.064009 125.879537 58.367971
728 -31.061360 126.124522 58.367971
738 -31.273934 129.474043 58.326838
739 -31.305025 129.661077 58.326838
740 -31.418100 130.091412 58.326838
741 -31.660980 130.621012 58.326838
742 -32.136412 131.043620 58.326838
743 -32.748620 131.238727 58.326838
744 -33.389552 131.346338 58.326838
745 -34.029102 131.462389 58.326838
746 -34.663241 131.604495 57.935309
747 -35.286694 131.788063 57.935309
748 -35.896395 132.013156 57.935309
758 -39.803152 133.294243 57.935309
759 -39.887178 133.174167 57.935309
760 -39.828950 132.841078 57.935309
761 -39.338842 132.561363 57.935309
762 -38.696174 132.527975 57.935309
763 -38.049743 132.496901 57.935309
764 -37.407269 132.399563 57.935309
765 -36.781312 132.234877 57.935309
766 -36.170746 132.019603 57.935309
767 -35.568511 131.775124 57.935309
768 -34.969251 131.529959 57.935309
778 -30.876434 128.163083 57.935309
779 -30.782013 127.703792 57.935309
780 -30.804481 127.264655 57.935309
781 -30.851292 127.070238 57.935309
782 -30.937466 126.588266 57.935309
783 -30.956606 126.113703 57.935309
784 -30.952959 125.963813 57.935309
785 -30.961242 125.513889 57.935309
786 -30.978805 124.984223 57.935309
787 -31.006415 124.849571 57.935309
788 -31.080197 124.426169 57.935309
799 -34.610325 119.789410 57.935309
800 -35.117477 119.382844 57.935309
801 -35.623923 118.975397 57.935309
802 -36.128276 118.565374 57.935309
803 -36.615867 118.135798 57.935309
804 -37.056586 117.661621 57.935309
805 -37.444010 117.174519 57.935309
806 -37.611361 116.940846 57.935309
807 -37.837082 116.616701 57.935309
808 -38.196556 116.105454 57.935309
809 -38.361006 115.879102 57.935309
820 -41.166678 111.857733 57.935309
821 -41.274556 111.761090 57.935309
822 -41.369934 111.682243 57.935309
823 -41.448900 111.613045 57.935309
824 -41.513975 111.544338 57.935309
825 -41.602752 111.239799 57.935309
826 -41.614058 110.696362 57.935309
827 -41.644387 110.491316 57.935309
828 -41.764816 110.115129 57.935309
829 -41.839568 109.860997 57.935309
830 -41.952100 109.482424 57.935309
841 -44.057884 105.309448 57.935309
842 -44.190093 104.862039 57.935309
843 -44.188571 104.417323 57.935309
844 -44.136781 104.208821 57.935309
845 -44.070243 103.724000 57.935309
846 -44.087519 103.245365 57.935309
847 -44.173238 102.818909 57.935309
848 -44.222244 102.609753 57.935309
849 -44.355590 102.159180 57.935309
850 -44.419404 101.704231 57.935309
851 -44.421274 101.464315 57.935309
862 -44.391806 101.223591 57.935309
863 -44.391806 101.223591 57.935309
864 -44.391806 101.223591 57.935309
865 -44.391806 101.223591 57.935309
866 -44.465820 101.225928 57.935309
867 -44.599251 101.423426 57.935309
868 -44.653985 101.903538 57.935309
869 -44.618093 102.287251 57.935309
870 -44.525711 102.511267 57.935309
871 -44.399713 102.983566 57.935309
872 -44.369251 103.457046 57.935309
884 -42.548016 107.988879 57.935309
885 -42.389299 108.480174 57.935309
886 -42.551433 109.065107 57.935309
887 -43.023610 109.503548 57.935309
888 -43.567872 109.858781 57.935309
889 -44.115944 110.208209 57.935309
890 -44.656293 110.569385 57.935309
891 -45.176616 110.958878 57.935309
892 -45.698445 111.346422 57.935309
893 -46.216802 111.738546 57.935309
894 -46.702649 112.127701 57.935309
905 -47.209741 112.556870 57.935309
906 -47.078231 112.419751 57.935309
907 -46.713840 112.085380 57.935309
908 -46.151114 111.763706 57.935309
909 -45.544439 111.530636 57.935309
910 -44.938984 111.294187 57.935309
911 -44.362384 111.009027 57.935309
912 -43.815210 110.725459 57.935309
913 -43.178379 110.627955 57.935309
914 -42.550240 110.787025 57.935309
915 -41.957133 111.052039 57.935309
927 -38.210178 115.410877 57.935309
928 -38.096420 115.562570 57.935309
929 -37.814542 115.906887 57.935309
930 -37.489393 116.410075 57.935309
931 -37.374478 116.560948 57.935309
932 -37.113725 116.920817 57.935309
933 -36.841757 117.461061 57.935309
934 -36.578323 117.926642 57.935309
935 -36.193895 118.431576 57.935309
936 -35.819092 118.843885 57.935309
937 -35.350188 119.293990 57.935309
949 -31.345269 124.198102 57.935309
950 -31.420067 124.544484 57.935309
951 -31.437963 125.043612 57.935309
952 -31.428904 125.253382 57.935309
953 -31.408358 125.707905 57.935309
954 -31.406464 125.987715 57.935309
955 -31.418308 126.342480 57.935309
956 -31.426190 126.637364 57.935309
957 -31.432414 126.942276 57.935309
958 -31.449828 127.481995 57.935309
959 -31.464309 127.966775 57.935309
970 -34.662071 132.743590 57.935309
971 -35.193042 133.118506 57.935309
972 -35.719170 133.500179 57.935309
973 -36.248190 133.877779 57.935309
974 -36.782204 134.239333 57.935309
975 -37.175874 134.651387 57.935309
976 -37.427901 135.105066 57.935309
977 -37.547171 135.507365 57.935309
978 -37.501808 135.741903 57.935309
979 -37.385373 136.171301 57.935309
980 -37.310781 136.635248 57.935309
992 -35.772710 140.080487 57.935309
993 -35.772710 140.080487 57.935309
994 -35.735115 140.061265 57.935309
995 -35.645644 139.801378 57.935309
996 -35.749653 139.242233 57.935309
997 -36.009930 138.708518 57.935309
998 -36.115859 138.530491 57.935309
999 -36.340236 138.236412 57.935309
1000 -36.633863 137.767136 57.935309
1001 -36.745884 137.538988 57.935309
1002 -36.952141 137.250058 57.935309
1014 -34.545692 133.757109 57.935309
1015 -33.977947 133.571412 57.935309
1016 -33.572351 133.082945 57.935309
1017 -33.416056 132.643422 57.935309
1018 -33.210938 132.125265 57.935309
1019 -32.897790 131.638081 57.935309
1020 -32.544390 131.191495 57.935309
1021 -32.108608 130.709248 57.935309
1022 -31.787038 130.276360 57.935309
1023 -31.540073 129.769418 57.935309
1024 -31.393899 129.270827 57.935309
1035 -30.743107 124.888633 57.935309
1036 -30.739706 124.583865 57.935309
1037 -30.795531 124.304412 57.935309
1038 -30.836995 123.841888 57.935309
1039 -30.814303 123.495529 57.935309
1040 -30.717912 123.174741 57.935309
1041 -30.603492 122.693413 57.935309
1042 -30.537084 122.350114 57.935309
1043 -30.404231 122.042669 57.935309
1044 -30.230049 121.622441 57.935309
1045 -30.169044 121.395501 57.935309
1057 -29.570227 116.636733 57.935309
1058 -29.562878 116.432054 57.935309
1059 -29.604153 115.953845 57.935309
1060 -29.627104 115.409491 57.935309
1061 -29.619869 114.924570 57.935309
1062 -29.584045 114.727838 57.935309
1063 -29.532207 114.296224 57.935309
1064 -29.536252 114.096265 57.935309
1065 -29.539946 113.666316 57.935309
1066 -29.513070 113.147093 57.935309
1067 -29.503154 112.602183 57.935309
1079 -29.374728 107.673543 57.935309
1080 -29.391628 107.154091 57.935309
1081 -29.435061 106.686157 57.935309
1082 -29.438410 106.446765 57.935309
1083 -29.399948 106.063714 57.935309
1084 -29.378683 105.814796 57.935309
1085 -29.315221 105.435077 57.935309
1086 -29.213777 104.976357 57.935309
1087 -29.137082 104.707549 57.935309
1088 -29.001305 104.434449 57.935309
1089 -28.805751 103.916020 57.935309
1100 -27.523100 99.571166 57.935309
1101 -27.245174 99.084984 57.935309
1102 -26.745742 98.675653 57.935309
1103 -26.147811 98.423285 57.935309
1104 -25.530369 98.220278 57.935309
1105 -24.919763 97.997629 57.935309
1106 -24.316576 97.755552 57.935309
1107 -23.718093 97.501983 57.935309
1108 -23.128037 97.229398 57.935309
1109 -22.531663 96.970964 57.935309
1110 -21.942504 96.696457 57.935309
1122 -17.952394 94.794607 57.935309
1123 -18.113631 94.704255 57.935309
1124 -18.605730 94.745347 57.935309
1125 -19.233256 94.903988 57.935309
1126 -19.857107 95.086232 57.935309
1127 -20.489951 95.222097 57.935309
1128 -21.132652 95.318994 57.935309
1129 -21.774306 95.405780 57.935309
1130 -22.415232 95.497790 57.935309
1131 -23.055471 95.594450 57.935309
1132 -23.697996 95.692705 57.935309
1144 -27.768923 93.493989 57.935309
1145 -27.775363 92.990183 57.935309
1146 -27.845134 92.464797 57.935309
1147 -27.890350 92.110221 57.935309
1148 -27.934044 91.841323 57.935309
1149 -27.960345 91.369922 57.935309
1150 -27.951147 91.086475 57.935309
1151 -27.936438 90.691797 57.935309
1152 -27.925405 90.166925 57.935309
1153 -27.915433 89.809632 57.935309
1154 -27.928232 89.537433 57.935309
1166 -23.253814 85.644948 57.935309
1167 -22.653610 85.402343 57.935309
1168 -22.138716 85.007765 57.935309
1169 -21.666671 84.573764 57.935309
1170 -21.157259 84.181099 57.935309
1171 -20.567084 83.924080 57.935309
1172 -19.933054 83.797851 57.935309
1173 -19.313531 83.679410 57.935309
1174 -18.963163 83.479630 57.935309
1186 -18.725106 83.244391 57.935309
1187 -18.725106 83.244391 57.935309
1188 -18.725106 83.244391 57.935309
1189 -18.725106 83.244391 57.935309
1190 -18.705430 83.266659 57.935309
1191 -18.701540 83.335966 57.935309
1192 -18.745371 83.410704 57.935309
1193 -18.995420 83.506472 57.935309
1194 -19.553716 83.478409 57.935309
1195 -20.200280 83.457835 57.935309
1196 -20.843208 83.549476 57.935309
1208 -27.288706 85.841233 57.935309
1209 -27.646044 85.442414 57.935309
1210 -27.720442 85.172287 57.935309
1211 -27.704049 84.777806 57.935309
1212 -27.679362 84.293540 57.935309
1213 -27.670611 83.948724 57.935309
1214 -27.684287 83.654041 57.935309
1215 -27.692987 83.314251 57.935309
1216 -27.690707 83.019425 57.935309
1217 -27.708665 82.569844 57.935309
1218 -27.727352 82.045303 57.935309
1230 -27.653681 77.434501 57.935309
1231 -27.717276 76.948671 57.935309
1232 -27.739654 76.669698 57.935309
1233 -27.745764 76.274752 57.935309
1234 -27.746688 75.962273 57.935309
1235 -27.737313 75.704943 57.935309
1236 -27.729022 75.205021 57.935309
1237 -27.729956 74.921323 57.935309
1238 -27.740391 74.541468 57.935309
1239 -27.738941 74.051592 57.935309
1240 -27.737971 73.771653 57.935309
1252 -27.696409 69.284254 57.935309
1253 -27.694091 68.884753 57.935309
1254 -27.755554 68.383638 57.935309
1255 -27.816669 67.857251 57.935309
1256 -27.838264 67.498032 57.935309
1257 -27.830386 67.203147 57.935309
1258 -27.828414 66.863227 57.935309
1259 -27.845002 66.568708 57.935309
1260 -27.850451 66.118862 57.935309
1261 -27.841773 65.761552 57.935309
1262 -27.851197 65.489235 57.935309
1275 -27.837547 60.517493 57.935309
1276 -27.884716 60.316081 57.935309
1277 -28.218081 60.010819 57.935309
1278 -28.779170 59.695041 57.935309
1279 -29.393186 59.482849 57.935309
1280 -30.002907 59.258355 57.935309
1281 -30.586815 58.973334 57.935309
1282 -31.145518 58.641461 57.935309
1283 -31.686467 58.281118 57.935309
1284 -32.225464 57.917883 57.935309
1285 -32.780864 57.580213 57.935309
1298 -37.360525 53.739576 57.935309
1299 -37.367475 53.630422 57.935309
1300 -37.376515 53.551132 57.935309
1301 -37.492938 53.431544 57.935309
1302 -37.932550 53.381047 57.935309
1303 -38.574967 53.386675 57.935309
1304 -39.219080 53.355939 57.935309
1305 -39.863374 53.271915 57.935309
1306 -40.499459 53.138194 57.935309
1307 -41.129653 52.979962 57.935309
1308 -41.752668 52.794691 57.935309
1322 -47.265134 50.448042 57.935309
1323 -47.163524 50.337192 57.935309
1324 -46.767739 50.318298 57.935309
1325 -46.198095 50.574491 57.935309
1326 -45.628678 50.887718 57.935309
1327 -45.067859 51.216043 57.935309
1328 -44.557897 51.618333 57.935309
1329 -44.038502 51.978248 57.935309
1330 -43.419759 52.150777 57.935309
1331 -42.775975 52.180943 57.935309
1332 -42.128776 52.161432 57.935309
1346 -32.911976 51.881496 57.935309
1347 -32.418952 51.733320 57.935309
1348 -31.778505 51.645578 57.935309
1349 -31.130177 51.685289 57.935309
1350 -30.488832 51.789906 57.935309
1351 -29.856274 51.939359 57.935309
1352 -29.226706 52.100899 57.935309
1353 -28.604936 52.290236 57.935309
1354 -28.002866 52.514226 57.935309
1355 -27.391575 52.725079 57.935309
1356 -26.836747 52.794757 57.935309
1371 -26.381805 52.798835 57.935309
1372 -26.354112 52.746062 57.935309
1373 -26.384276 52.636795 57.935309
1374 -26.487654 52.584236 57.935309
1375 -26.447758 52.581355 57.935309
1376 -26.521545 52.595092 57.935309
1377 -26.903564 52.640653 57.935309
1378 -27.271914 52.586863 57.935309
1379 -27.527142 52.377815 57.935309
1380 -27.691867 51.874102 57.935309
1381 -27.698050 51.379712 57.935309
1396 -27.862268 45.924666 58.543148
1397 -27.853835 45.785068 58.543148
1398 -27.940322 45.577986 58.543148
1399 -28.387012 45.413946 59.661212
1400 -29.030536 45.346296 59.661212
1401 -29.677308 45.316775 60.088104
1402 -30.322590 45.239761 60.088104
1403 -30.961528 45.121374 60.088104
1404 -31.592406 44.965087 60.359757
1405 -32.223239 44.808423 60.359757
1406 -32.852127 44.644241 60.451139
1422 -37.293550 43.311465 60.541723
1423 -37.146722 43.244171 60.541723
1424 -36.691187 43.258755 60.541723
1425 -36.066660 43.398450 60.541723
1426 -35.432459 43.540828 60.541723
1427 -34.803307 43.693782 60.541723
1428 -34.166065 43.821314 60.541723
1429 -33.527377 43.911173 60.541723
1430 -32.881618 43.954835 60.541723
1431 -32.234172 43.951961 60.541723
1432 -31.589237 43.942759 60.541723
1449 -22.033860 44.500123 61.834135
1450 -22.033860 44.500123 61.834135
1451 -22.033860 44.500123 61.834135
1452 -22.015677 44.558786 61.834135
1453 -22.056312 44.626327 61.834135
1454 -22.346073 44.721326 61.834135
1455 -22.930966 44.765672 61.834135
1456 -23.575813 44.709591 61.834135
1457 -24.219466 44.639201 61.834135
1458 -24.865540 44.597342 61.834135
1459 -25.512287 44.566179 61.834135
1477 -36.786712 43.432434 61.834135
1478 -37.364582 43.363447 61.834135
1479 -38.009513 43.364814 61.834135
1480 -38.656881 43.355680 61.834135
1481 -39.303867 43.295863 61.834135
1482 -39.939719 43.174348 61.834135
1483 -40.573465 43.029943 61.834135
1484 -41.207073 42.884938 61.834135
1485 -41.830220 42.728571 61.834135
1486 -42.460312 42.569459 61.834135
1487 -43.099314 42.450828 61.834135
1504 -46.918663 40.623859 61.834135
1505 -46.751927 40.549674 61.834135
1506 -46.320477 40.339359 61.834135
1507 -45.721152 40.094565 61.834135
1508 -45.110898 39.870887 61.834135
1509 -44.506657 39.638210 61.834135
1510 -43.905534 39.404711 61.834135
1511 -43.283123 39.227021 61.834135
1512 -42.648681 39.085806 61.834135
1513 -42.011872 38.955558 61.834135
1514 -41.375484 38.823267 61.834135
1532 -37.760525 38.004094 61.834135
1533 -37.638170 37.943779 61.834135
1534 -37.246522 37.950464 61.834135
1535 -36.637198 38.050474 61.834135
1536 -35.996859 38.145904 61.834135
1537 -35.354107 38.198239 61.834135
1538 -34.707049 38.221620 61.834135
1539 -34.059670 38.233743 61.834135
1540 -33.411726 38.188163 61.834135
1541 -32.768773 38.139597 61.834135
1542 -32.118976 38.148344 61.834135
1561 -23.364844 39.261378 67.239425
1562 -23.364844 39.261378 67.239425
1563 -23.402390 39.212163 67.239425
1564 -23.700243 39.149293 67.239425
1565 -24.287272 39.194072 67.239425
1566 -24.927670 39.289344 67.239425
1567 -25.121575 39.309900 67.239425
1568 -25.305989 39.324624 67.239425
1569 -25.790438 39.333898 67.239425
1570 -26.427541 39.213783 67.239425
1571 -26.995268 38.941107 67.239425
1590 -27.972185 32.779081 69.270053
1591 -27.972185 32.779081 69.270053
1592 -27.972185 32.779081 69.300074
1593 -27.972185 32.779081 69.300074
1594 -27.972185 32.779081 69.300074
1595 -27.972185 32.779081 69.300074
1596 -27.942076 32.805290 69.300074
1597 -27.922634 32.860984 69.300074
1598 -27.941846 32.930331 69.300074
1599 -28.096812 33.036376 69.300074
1600 -28.584712 33.066870 69.300074
1621 -39.701895 30.877669 69.300074
1622 -39.899386 30.750336 69.300074
1623 -40.326406 30.430199 69.300074
1624 -40.708872 29.944689 69.300074
1625 -41.073335 29.443237 69.300074
1626 -41.464530 28.956004 69.300074
1627 -41.899093 28.472719 69.300074
1628 -42.340505 28.023244 69.921243
1629 -42.647722 27.668599 69.921243
1630 -42.747863 27.462359 69.921243
1652 -42.780717 27.344407 70.317710
1653 -42.639775 27.282425 70.317710
1654 -42.185722 27.333116 70.317710
1655 -41.728486 27.774581 70.317710
1656 -41.580329 28.201084 70.317710
1657 -41.426677 28.668594 70.317710
1658 -41.143330 29.149540 70.317710
1659 -40.740601 29.656114 70.317710
1660 -40.312467 30.135008 70.317710
1661 -39.847456 30.585465 70.317710
1662 -39.514080 30.847709 70.317710
1685 -29.252794 26.845442 70.317710
1686 -29.234999 26.755146 70.317710
1687 -29.391327 26.467218 70.317710
1688 -29.967812 26.303413 70.317710
1689 -30.611101 26.261286 70.317710
1690 -31.258435 26.251136 70.317710
1691 -31.899972 26.154151 70.317710
1692 -32.525659 25.978368 70.317710
1693 -33.148375 25.792085 70.317710
1694 -33.756141 25.562379 70.317710
1695 -34.314367 25.231263 70.317710
1718 -35.290323 24.237879 70.317710
1719 -35.218726 24.192521 70.317710
1720 -34.910093 24.129809 70.317710
1721 -34.481498 24.289171 70.317710
1722 -34.027818 24.604241 70.317710
1723 -33.458480 24.917438 70.317710
1724 -32.854337 25.143824 70.317710
1725 -32.758211 25.160348 70.317710
1726 -32.715244 25.185918 70.317710
1727 -32.444148 25.283357 70.317710
1728 -31.871217 25.307643 70.317710
1752 -25.448159 19.036331 76.210369
1753 -25.448159 19.036331 76.210369
1754 -25.467464 19.003290 76.210369
1755 -25.702534 18.963369 76.210369
1756 -26.215567 19.001627 76.919311
1757 -26.857799 19.060733 76.919311
1758 -27.504506 19.091932 76.919311
1759 -28.151908 19.102130 76.919311
1760 -28.796907 19.101645 76.919311
1761 -29.444404 19.099727 76.919311
1762 -30.091734 19.086923 76.919311
1787 -38.219254 15.203083 86.120964
1788 -38.191006 15.193154 86.120964
1789 -37.924845 15.180726 86.120964
1790 -37.411364 15.385314 86.120964
1791 -36.986664 15.870472 86.120964
1792 -36.698619 16.324225 86.120964
1793 -36.365021 16.775040 86.120964
1794 -35.949861 17.227724 86.120964
1795 -35.398170 17.548049 86.120964
1796 -34.764104 17.673043 86.120964
1797 -34.118185 17.714187 86.120964
1811 -24.868453 17.842879 86.120964
1812 -24.223059 17.894918 86.120964
1813 -23.577575 17.945625 86.120964
1814 -22.930844 17.977171 86.120964
1815 -22.284088 18.008169 86.120964
1816 -21.639363 18.026644 86.120964
1817 -20.991927 18.035106 86.120964
1818 -20.344454 18.040933 86.120964
1819 -19.696980 18.046760 86.120964
1820 -19.049506 18.052587 86.120964
1821 -18.404532 18.058392 86.120964
1848 -9.279666 18.679096 91.719684
1849 -9.279666 18.679096 91.719684
1850 -9.382829 18.576602 91.719684
1851 -9.816671 18.578790 91.719684
1852 -10.434200 18.758714 91.719684
1853 -11.030863 19.016182 91.786385
1854 -11.610479 19.310303 91.786385
1855 -12.196805 19.590798 91.786385
1856 -12.774038 19.889618 91.719684
1857 -13.364600 20.160729 91.719684
1858 -13.963244 20.413909 91.719684
1875 -18.003164 25.448864 91.653371
1876 -17.987110 25.460751 91.653371
1877 -17.879007 25.468500 91.653371
1878 -17.725564 25.415362 91.653371
1879 -17.569826 25.266252 91.653371
1880 -17.549441 25.159410 91.653371
1881 -17.580128 24.883639 91.653371
1882 -17.574716 24.479989 91.653371
1883 -17.424217 24.186069 91.653371
1884 -17.017541 23.980034 91.653371
1885 -17.116883 23.991486 91.653371
1916 -6.979068 25.993938 91.776361
1917 -6.979068 25.993938 91.776361
1918 -6.878161 25.923921 91.776361
1919 -6.747946 25.512662 91.776361
1920 -6.718765 25.150660 91.776361
1921 -6.822254 24.832158 91.776361
1922 -6.904577 24.344919 91.776361
1923 -6.918387 23.930212 91.776361
1924 -6.872432 23.720494 91.776361
1925 -6.784755 23.292016 91.776361
1926 -6.744901 22.935711 91.776361
1959 8.391120 20.716235 92.634877
1960 8.391120 20.716235 92.634877
1961 8.336233 20.682693 93.060520
1962 7.994222 20.698381 93.060520
1963 7.396269 20.818704 93.060520
1964 6.762436 20.950978 92.634877
1965 6.124020 21.072863 92.634877
1966 5.486989 21.188773 92.634877
1967 4.845868 21.295678 92.632718
1968 4.231264 21.473638 92.632718
1969 3.782483 21.711532 92.632718
1987 3.056559 25.939381 92.632718
1988 3.056559 25.939381 92.632718
1989 3.046559 25.939336 92.632718
1990 2.903947 25.838743 92.632718
1991 2.823291 25.404628 92.632718
1992 2.867657 24.871861 92.632718
1993 2.931880 24.466960 92.632718
1994 2.963464 24.193790 92.632718
1995 3.018831 23.727076 92.632718
1996 3.039532 23.347651 92.632718
1997 3.052140 23.072941 92.632718
2032 9.787067 27.291260 92.772520
2033 9.929219 27.136699 92.772520
2034 10.080478 26.991100 92.772520
2035 10.168364 26.913124 92.772520
2036 10.369315 26.778125 92.772520
2037 10.863919 26.605311 92.772520
2038 11.497171 26.471270 92.772520
2039 12.133837 26.340648 92.772520
2040 12.773274 26.256822 92.772520
2041 13.421762 26.216639 92.772520
2042 14.068175 26.276422 92.772520
2077 17.726657 27.386084 92.914264
2078 17.835778 27.153635 92.914264
2079 17.833518 26.634454 92.914264
2080 17.711749 26.134633 92.914264
2081 17.620610 25.979811 92.914264
2082 17.433569 25.678124 92.914264
2083 17.226575 25.223901 92.914264
2084 17.182634 25.049367 92.914264
2085 17.045070 24.584315 92.914264
2086 16.929664 24.067097 92.914264
2087 16.775294 23.555385 92.914264
2123 25.433755 20.851215 102.853004
2124 25.380091 20.718295 102.853004
2126 24.968681 20.600860 102.853004
2127 24.267043 20.587069 102.853004
2128 23.492613 20.566397 102.853004
2129 22.723437 20.440809 102.853004
2130 22.031950 20.260484 102.853004
2131 21.409801 19.934324 102.853004
2132 21.031465 19.375234 102.853004
2134 20.943601 19.136815 102.725754
2135 20.873903 18.750672 102.725754
2156 19.513421 12.621372 107.770592
2157 19.650343 12.413518 109.041004
2158 19.786775 11.881570 109.041004
2159 19.849607 11.305072 109.041004
2160 19.959385 10.781732 109.041004
2162 20.060837 10.537084 109.041004
2163 20.306581 9.917970 109.041004
2164 20.320254 9.718581 109.510276
2165 20.339068 9.119099 109.510276
2166 20.511460 8.542031 109.510276
2167 20.814152 7.978709 110.700048
2208 23.493907 3.042637 114.813329
2209 23.517955 2.640263 114.813329
2210 23.468415 2.301011 114.813329
2212 23.335897 1.913148 114.813329
2213 23.266780 1.616312 114.813329
2214 23.163527 1.152723 114.813329
2215 23.086191 0.633730 114.813329
2216 22.977855 0.140977 114.813329
2217 22.885677 -0.106244 114.813329
2218 22.650202 -0.591818 114.813329
2219 22.571658 -0.849916 114.813329
2263 22.768832 -9.525808 123.495509
2264 23.573535 -9.477744 123.495509
2266 24.542244 -9.429765 123.495509
2267 25.512105 -9.414243 123.568688
2269 26.484581 -9.407454 123.568688
2270 27.454575 -9.404774 123.568688
2272 28.424574 -9.403277 123.568688
2273 29.394571 -9.400967 123.568688
2275 30.367062 -9.396908 123.568688
2276 31.337054 -9.392859 123.568688
2278 32.433075 -9.285401 123.568688
2324 38.644038 -8.200214 125.736314
2325 38.644038 -8.200214 125.736314
2327 38.665175 -8.166970 125.736314
2328 38.584889 -7.964980 125.736314
2330 37.885497 -7.890788 125.766851
2332 36.857555 -8.005293 125.766851
2333 35.824652 -8.067696 125.766851
2335 34.725677 -8.115067 125.766851
2337 33.755900 -8.135142 125.641795
2338 32.655919 -8.140786 125.641795
2340 31.683427 -8.144778 125.641795
2386 32.616292 -1.028348 125.766851
2388 32.667841 -0.590138 125.766851
2389 31.858391 -0.120384 125.766851
2391 30.761230 -0.043700 125.766851
2393 29.735457 0.102973 125.766851
2395 28.817588 0.703814 125.766851
2396 28.044035 1.485622 125.766851
2398 27.328012 2.234630 125.766851
2400 26.483340 3.128699 125.766851
2401 25.767595 3.879756 125.766851
2403 24.999152 4.670294 125.766851
2450 14.492776 20.237195 125.766851
2451 14.562062 20.410179 125.766851
2453 15.304420 20.526182 125.766851
2455 16.396575 20.399976 125.766851
2456 17.425026 20.264701 125.766851
2458 18.458177 20.015279 125.766851
2460 19.021918 19.196448 125.766851
2461 19.057329 18.419544 125.766851
2463 19.117323 17.621656 125.766851
2465 19.302455 17.090917 125.766851
2467 19.469610 16.359688 125.766851
2513 10.157030 6.995230 125.766851
2515 9.913049 6.168925 125.766851
2517 9.554163 5.628278 125.766851
2518 9.097859 5.165670 125.766851
2520 8.699821 4.340452 125.766851
2522 8.451953 3.532799 125.766851
2523 8.258068 3.106398 125.766851
2525 7.947426 2.404429 125.766851
2526 7.827195 1.929567 125.766851
2528 7.653487 1.143987 125.766851
2530 7.599840 0.421712 125.766851
2578 7.500053 -0.922282 125.766851
2580 7.737103 -0.505741 125.766851
2582 7.804097 0.466112 125.766851
2584 7.876172 1.079892 125.766851
2585 8.198662 1.855368 125.766851
2587 8.468201 2.407808 125.766851
2589 8.890328 3.149850 125.766851
2591 9.216011 3.718134 125.766851
2593 9.557617 4.210380 125.766851
2595 10.052412 5.016363 125.766851
2596 10.380122 5.611945 125.766851
2647 10.597055 20.214453 125.766851
2649 9.373130 20.300144 125.766851
2651 8.208175 20.302961 125.766851
2652 6.913578 20.275960 125.766851
2654 5.814216 20.274092 125.766851
2656 4.519612 20.300626 125.766851
2658 3.357716 20.264907 125.766851
2660 2.193923 20.212137 125.766851
2662 0.965253 20.154960 125.766851
2663 -0.196634 20.119249 125.766851
2665 -1.361586 20.109602 125.766851
2717 -33.510631 17.952756 125.766851
2718 -33.379314 18.181747 125.766851
2720 -32.240316 18.265292 125.766851
2722 -31.152258 18.104641 125.766851
2724 -29.859271 18.043588 125.766851
2726 -28.759773 18.070791 125.766851
2728 -27.465884 18.124321 125.766851
2729 -26.431593 18.162620 125.766851
2731 -25.204897 18.207024 125.766851
2733 -24.040725 18.250949 125.766851
2735 -22.811791 18.301801 125.766851
2786 10.298825 20.390583 125.766851
2788 11.526036 20.468315 125.766851
2790 12.690845 20.488609 125.766851
2792 13.855650 20.509222 125.766851
2794 15.084786 20.555251 125.766851
2795 16.246086 20.608049 125.766851
2797 17.408489 20.683757 125.766851
2799 18.635528 20.768056 125.766851
2801 19.795661 20.842144 125.766851
2803 20.959421 20.895630 125.766851
2805 22.186956 20.972935 125.766851
2856 37.800805 23.133990 125.766851
2858 36.983143 22.848903 125.766851
2860 35.753718 22.947767 125.766851
2861 34.538489 23.135508 125.766851
2863 33.441813 23.216454 125.766851
2865 32.146890 23.210189 125.766851
2867 31.046926 23.215764 125.766851
2869 29.762400 23.135823 125.766851
2871 28.607202 22.991697 125.766851
2872 28.352421 22.980481 125.766851
2874 28.421134 22.993076 125.766851
2928 27.666787 27.672553 125.766851
2929 27.626714 27.030195 125.766851
2931 27.695958 26.369197 125.766851
2933 27.691826 25.674210 125.766851
2935 27.642400 24.805987 125.766851
2937 27.517188 24.123750 125.766851
2939 27.616359 23.164818 125.766851
2941 28.422793 22.263467 125.766851
2942 29.329511 21.757436 125.766851
2944 30.523789 21.243992 125.766851
2946 31.627587 20.692779 125.766851
3000 33.017491 10.002380 125.766851
3002 32.845033 9.962964 125.766851
3004 32.666486 10.614246 125.766851
3006 32.804083 11.163755 125.766851
3008 32.846675 11.778236 125.766851
3010 32.826358 12.402550 125.766851
3011 32.833641 13.187441 125.766851
3013 32.847947 13.724540 125.766851
3015 32.805171 14.310983 125.766851
3017 32.805240 14.917139 125.766851
3019 33.082741 15.738163 125.766851
3074 38.479120 16.837514 125.766851
3075 39.106480 16.004978 125.766851
3077 39.610832 15.232705 125.766851
3079 39.869830 14.631096 125.766851
3081 40.087619 13.987754 125.766851
3083 40.277611 13.418710 125.766851
3085 40.471687 12.878122 125.766851
3087 40.712128 12.053481 125.766851
3088 40.965847 11.558114 125.766851
3144 41.180945 11.209115 125.766851
3146 41.279961 11.650632 125.766851
3148 40.982048 12.282317 125.766851
3150 40.505174 13.043525 125.766851
3151 40.329579 13.550453 125.766851
3153 40.109924 14.121829 125.766851
3155 39.769675 14.888417 125.766851
3157 39.472458 15.477288 125.766851
3159 38.742309 16.401914 125.766851
3161 37.638062 16.945370 125.766851
3163 36.600232 17.309245 125.766851
3219 2.215363 20.464291 125.766851
3220 1.055608 20.540474 125.766851
3222 -0.174287 20.551370 125.766851
3224 -1.338221 20.504993 125.766851
3226 -2.504868 20.416765 125.766851
3228 -3.727752 20.310479 125.766851
3230 -4.892615 20.201220 125.766851
3232 -6.054201 20.083932 125.766851
3233 -7.280895 19.994063 125.766851
3235 -8.442176 19.901161 125.766851
3237 -9.603018 19.802849 125.766851
3293 -43.339966 11.182920 125.766851
3295 -44.419425 10.731937 125.766851
3297 -45.490584 10.210591 125.766851
3299 -45.882248 9.909103 125.766851
3355 -45.698579 9.439570 125.766851
3357 -44.660265 9.153726 125.766851
3359 -43.569129 8.996324 125.766851
3361 -42.365379 8.783778 125.766851
3362 -41.511953 8.199095 125.766851
3364 -40.652250 7.316385 125.766851
3366 -39.856377 6.458791 125.766851
3368 -39.063935 5.604930 125.766851
3370 -38.264126 4.757878 125.766851
3371 -37.408474 3.867386 125.766851
3373 -36.596946 3.024605 125.766851
3431 -34.903214 1.258249 125.766851
3433 -34.903214 1.258249 125.766851
3435 -34.969819 1.320819 125.766851
3437 -34.735541 1.515470 125.766851
3438 -33.671823 1.516961 125.766851
3440 -32.580012 1.384748 125.766851
3442 -31.353495 1.349916 125.766851
3444 -30.316727 1.388699 125.766851
3446 -29.024940 1.430611 125.766851
3447 -27.730306 1.461398 125.766851
3449 -26.503178 1.491599 125.766851
3481 -18.675736 1.306317 125.766851
3483 -18.675736 1.306317 125.766851
3485 -18.689732 1.407485 125.766851
3487 -19.339119 1.508200 125.766851
3488 -20.530160 1.194328 125.766851
3490 -21.744391 0.730939 125.766851
3492 -22.843067 0.329987 125.766851
3494 -24.072804 -0.090566 125.766851
3496 -25.173516 -0.486802 125.766851
3498 -26.348276 -0.867711 125.766851
3500 -27.239248 -1.238044 125.766851
3560 -29.470333 -10.202482 125.766851
3561 -29.500385 -10.345835 125.766851
3562 -29.879653 -10.496635 125.766851
3563 -30.620504 -10.522748 125.766851
3565 -31.263847 -10.476733 125.766851
3566 -32.041105 -10.474686 125.766851
3567 -32.814607 -10.549678 125.766851
3568 -33.454436 -10.648830 125.766851
3569 -34.155679 -10.774884 125.766851
3570 -34.860742 -10.893508 125.766851
3571 -35.568205 -10.996961 125.766851
3635 -40.138551 -12.163338 125.766851
3636 -40.099265 -12.147708 125.766851
3637 -39.977382 -11.903130 125.766851
3638 -40.007378 -11.384378 125.766851
3639 -40.135337 -10.849615 125.766851
3640 -40.231559 -10.366923 125.766851
3641 -40.270708 -9.986580 125.766851
3642 -40.325723 -9.595903 125.766851
3644 -40.517509 -9.002078 125.766851
3645 -40.769794 -8.474574 125.766851
3646 -41.146800 -7.891714 125.766851
3712 -44.251624 -3.350339 125.766851
3713 -43.993069 -3.699073 125.766851
3714 -43.719867 -4.126757 125.766851
3715 -43.529376 -4.383560 125.766851
3716 -43.204415 -4.857924 125.766851
3718 -42.995905 -5.166401 125.766851
3719 -42.810216 -5.408218 125.766851
3720 -42.498831 -5.903399 125.766851
3721 -42.355191 -6.134853 125.766851
3722 -42.150046 -6.460533 125.766851
3723 -41.780227 -7.107167 125.766851
3790 -14.200523 -1.094622 125.766851
3791 -13.524506 -1.471838 125.766851
3792 -13.062592 -1.915558 125.766851
3793 -12.567492 -2.431234 125.766851
3794 -12.072068 -2.851218 125.766851
3796 -11.379878 -3.206375 125.766851
3797 -10.783214 -3.457387 125.766851
3798 -10.195649 -3.735331 125.766851
3799 -9.480730 -4.047221 125.766851
3800 -8.888677 -4.315480 125.766851
3801 -8.317672 -4.619658 125.766851
3870 -7.410329 -4.903467 125.766851
3871 -7.446029 -4.981532 125.766851
3872 -7.710652 -5.050636 125.766851
3873 -8.334630 -4.966903 125.766851
3874 -8.956506 -4.618486 125.766851
3875 -9.548999 -4.218272 125.766851
3876 -10.100996 -3.875382 125.766851
3878 -10.801029 -3.531748 125.766851
3879 -11.453077 -3.238532 125.766851
3880 -12.096335 -2.938094 125.766851
3881 -12.587580 -2.583327 125.766851
3952 -2.010299 2.401683 125.766851
3953 -2.010299 2.401683 125.766851
3954 -2.010299 2.401683 125.766851
3955 -2.010299 2.401683 125.766851
3956 -2.016910 2.430859 125.766851
3957 -2.155427 2.541925 125.766851
3958 -2.720356 2.566261 125.766851
3959 -3.427510 2.502863 125.766851
3960 -4.073780 2.433967 125.766851
3961 -4.710583 2.318186 125.766851
3962 -5.475537 2.181022 125.766851
4034 2.697850 -5.552307 125.766851
4035 2.686509 -5.568751 125.766851
4036 2.422854 -5.649339 125.766851
4037 1.726195 -5.576254 125.766851
4038 1.097047 -5.413744 125.766851
4039 0.441385 -5.135982 125.766851
4040 0.270872 -5.064227 125.766851
4041 0.223328 -5.006285 125.766851
4042 0.078769 -4.854595 125.766851
4043 -0.224121 -4.733149 125.766851
4044 -0.957313 -4.757621 125.766851
4116 -35.133426 -10.463219 125.766851
4118 -35.843204 -10.445442 125.766851
4119 -36.490564 -10.432778 125.766851
4120 -37.137866 -10.481797 125.766851
4121 -37.889813 -10.634847 125.766851
4122 -38.578986 -10.794832 125.766851
4123 -38.927932 -10.865710 125.766851
4124 -39.328222 -10.835173 125.766851
4125 -39.871306 -10.426214 125.766851
4126 -40.191248 -9.969886 125.766851
4127 -40.284869 -9.776434 125.766851
4200 -46.942006 1.665361 125.766851
4201 -46.587712 1.213647 125.766851
4202 -46.212481 0.692115 125.766851
4203 -45.826873 0.190785 125.766851
4204 -45.354053 -0.378376 125.766851
4205 -45.026813 -0.791893 125.766851
4206 -44.925146 -0.992595 125.766851
4207 -44.676673 -1.437964 125.766851
4208 -44.454609 -1.823591 125.766851
4210 -44.294507 -2.100614 125.766851
4211 -43.983004 -2.716249 125.766851
4283 -19.799932 -0.149565 125.766851
4284 -19.750905 -0.116160 125.766851
4285 -19.686115 0.008684 125.766851
4287 -19.681342 0.088342 125.766851
4288 -19.722369 0.146112 125.766851
4289 -20.043808 0.253899 125.766851
4290 -20.616672 0.211965 125.766851
4291 -21.389152 0.123775 125.766851
4292 -22.097570 0.047712 125.766851
4293 -22.806348 -0.045982 125.766851
4294 -23.512308 -0.158240 125.766851
4367 -53.576649 -11.010703 125.766851
4368 -53.345241 -11.429396 125.766851
4369 -52.691462 -11.684820 125.766851
4370 -52.042673 -11.702982 125.766851
4371 -51.266152 -11.630682 125.766851
4372 -50.623721 -11.573640 125.766851
4374 -49.846919 -11.542503 125.766851
4375 -49.134519 -11.530704 125.766851
4376 -48.359543 -11.524900 125.766851
4377 -47.582052 -11.522413 125.766851
4378 -46.934552 -11.522928 125.766851
4451 -13.437297 -1.573214 125.766851
4453 -12.978963 -2.029797 125.766851
4454 -12.445939 -2.592310 125.766851
4455 -11.892546 -3.042450 125.766851
4456 -11.185886 -3.370629 125.766851
4457 -10.453651 -3.624275 125.766851
4458 -9.770848 -3.827780 125.766851
4459 -9.142942 -3.995704 125.766851
4460 -8.388989 -4.195533 125.766851
4462 -7.640693 -4.414947 125.766851
4463 -6.967797 -4.656335 125.766851
4536 3.290428 -8.722583 125.766851
4537 3.290428 -8.722583 125.766851
4538 3.290428 -8.722583 125.766851
4539 3.210744 -8.674541 125.766851
4541 3.111906 -8.289715 125.766851
4542 3.179036 -7.684400 125.766851
4543 3.204609 -7.454097 125.766851
4544 3.084732 -6.943398 125.766851
4545 3.002107 -6.455498 125.766851
4546 2.889844 -5.847127 125.766851
4547 2.521507 -5.308620 125.766851
4621 -41.489621 7.899275 125.766851
4622 -41.826805 8.193199 125.766851
4623 -42.359984 8.741707 125.766851
4624 -42.903998 9.185554 125.766851
4625 -43.607263 9.519292 125.766851
4626 -44.351409 9.752291 125.766851
4628 -44.978867 9.921875 125.766851
4629 -45.725464 10.147610 125.766851
4630 -46.410629 10.351389 125.766851
4631 -47.146606 10.609568 125.766851
4632 -47.811904 10.871276 125.766851
4706 -51.466972 12.876876 125.766851
4707 -51.113421 12.530436 125.766851
4708 -50.622949 12.018856 125.766851
4709 -50.091971 11.565093 125.766851
4710 -49.481234 11.379092 125.766851
4711 -48.704786 11.369358 125.766851
4712 -47.994877 11.429325 125.766851
4713 -47.222635 11.493941 125.766851
4715 -46.576524 11.536312 125.766851
4716 -45.734817 11.571698 125.766851
4717 -45.089930 11.583320 125.766851
4792 -30.956352 39.160727 125.766851
4793 -30.956352 39.160727 125.766851
4794 -30.975997 39.157099 125.766851
4795 -31.095407 39.027014 125.766851
4796 -31.152909 38.471868 125.766851
4798 -31.103468 37.874993 125.766851
4799 -31.019776 37.296069 125.766851
4800 -30.995472 36.821928 125.766851
4801 -30.992441 36.387026 125.766851
4802 -30.989151 35.922102 125.766851
4803 -30.966565 35.372602 125.766851
4879 -33.488592 0.542871 125.766851
4880 -33.005488 0.022584 125.766851
4881 -32.482753 -0.542669 125.766851
4882 -32.034885 -1.010241 125.766851
4884 -31.554389 -1.586823 125.766851
4885 -31.436740 -1.853062 125.766851
4886 -31.308314 -2.371787 125.766851
4887 -31.261525 -2.989574 125.766851
4888 -31.257225 -3.469546 125.766851
4889 -31.270743 -3.684100 125.766851
4890 -31.247074 -4.263443 125.766851
4966 -29.396666 -29.283814 133.757769
4967 -29.396666 -29.283814 133.757769
4968 -29.396666 -29.283814 133.757769
4969 -29.460057 -29.303947 133.757769
4970 -29.576709 -29.200021 133.757769
4971 -29.662440 -28.769744 134.369122
4972 -29.629240 -28.294767 134.369122
4973 -29.576686 -28.082515 134.369122
4974 -29.452005 -27.702989 134.369122
4975 -29.422239 -27.420897 134.369122
4976 -29.491159 -27.062481 134.369122
5017 -40.644357 -18.324672 134.556237
5018 -40.654278 -18.323423 134.556237
5019 -40.750614 -18.263893 134.556237
5020 -40.747746 -18.153938 134.556237
5021 -40.731333 -18.128871 134.556237
5022 -40.672981 -18.086262 134.556237
5023 -40.321240 -18.018705 134.556237
5024 -39.707162 -18.029808 134.556237
5025 -39.061812 -18.082526 134.556237
5026 -38.415677 -18.123834 134.556237
5027 -37.768251 -18.126069 134.556237
5107 -45.360552 -23.332100 134.509259
5108 -45.173049 -23.464161 134.509259
5109 -44.714094 -23.565541 134.509259
5110 -44.080129 -23.466052 134.509259
5111 -43.437856 -23.411793 134.509259
5112 -42.790409 -23.411766 134.509259
5113 -42.142990 -23.422001 134.509259
5114 -41.495651 -23.435882 134.509259
5115 -40.848618 -23.459456 134.509259
5116 -40.204964 -23.500851 134.509259
5117 -39.559435 -23.551198 134.509259
5198 -19.052088 -24.892998 134.509259
5199 -19.052088 -24.892998 134.509259
5200 -19.052088 -24.892998 134.509259
5201 -19.052088 -24.892998 134.509259
5202 -19.052088 -24.892998 134.509259
5203 -19.052088 -24.892998 134.509259
5204 -19.052088 -24.892998 134.509259
5205 -19.081974 -24.866567 134.509259
5206 -19.265642 -24.835325 134.509259
5207 -19.353250 -24.844859 134.509259
5208 -19.477443 -24.859030 134.509259
5290 -29.242468 -46.193537 151.361888
5291 -29.032204 -46.226182 151.361888
5292 -28.587851 -45.998909 151.361888
5293 -28.186199 -45.496476 151.361888
5294 -28.067331 -45.361437 151.361888
5295 -27.789375 -44.965046 151.361888
5296 -27.468284 -44.507181 151.361888
5297 -26.965187 -44.106640 151.361888
5298 -26.345928 -43.931474 151.361888
5299 -25.700785 -43.895193 151.361888
5300 -25.059167 -43.994945 151.361888
5348 -22.047935 -45.034370 151.338895
5349 -22.064886 -45.091302 151.338895
5350 -22.299606 -45.208860 151.338895
5351 -22.853370 -45.104156 151.338895
5352 -23.456011 -44.862362 151.338895
5353 -24.046624 -44.590951 151.338895
5354 -24.625227 -44.300773 151.338895
5355 -25.216707 -44.039918 151.338895
5356 -25.844868 -43.896294 151.338895
5357 -26.492995 -43.860496 151.338895
5358 -27.137381 -43.939147 151.338895
5450 -42.109900 -49.225176 152.014805
5451 -42.109900 -49.225176 152.014805
5452 -42.109900 -49.225176 152.014805
5453 -42.127546 -49.234538 152.014805
5454 -42.224422 -49.200085 152.014805
5455 -42.283114 -48.956548 152.014805
5456 -42.028071 -48.668469 152.014805
5457 -41.347609 -48.541545 152.014805
5458 -40.702904 -48.522572 152.014805
5459 -40.053791 -48.490342 152.014805
5460 -39.411300 -48.395776 152.014805
5557 -21.735736 -32.196872 151.998490
5558 -21.699143 -32.311725 151.998490
5559 -21.880433 -32.628652 151.998490
5560 -22.463342 -32.812241 151.998490
5561 -23.105009 -32.871947 151.998490
5562 -23.751354 -32.939874 151.998490
5563 -24.390024 -33.059342 151.998490
5564 -25.018898 -33.223502 151.998490
5565 -25.647034 -33.390652 151.998490
5566 -26.268310 -33.581242 151.998490
5567 -26.875314 -33.813209 151.998490
5667 -54.562518 -44.115102 151.982436
5668 -54.562518 -44.115102 151.982436
5669 -54.562518 -44.115102 151.982436
5670 -54.562518 -44.115102 151.982436
5671 -54.562518 -44.115102 151.982436
5672 -54.562518 -44.115102 151.982436
5673 -54.565417 -44.105532 151.982436
5674 -54.605187 -44.026447 151.982436
5675 -54.645636 -43.998499 151.982436
5676 -54.704890 -43.994927 151.982436
5677 -54.722718 -44.003969 151.982436
5780 -57.403589 -57.694575 153.871703
5781 -57.394496 -57.698736 153.871703
5782 -57.140741 -57.723330 153.871703
5783 -56.764493 -57.481590 153.871703
5784 -56.592154 -57.017336 153.871703
5785 -56.594110 -56.802410 153.871703
5786 -56.560448 -56.358925 153.871703
5787 -56.487415 -56.157159 153.871703
5788 -56.282866 -55.690042 153.871703
5789 -56.078736 -55.211830 153.871703
5790 -55.860794 -54.739749 153.871703
5894 -23.325357 -51.983581 154.312738
5895 -23.293599 -52.015462 154.312738
5896 -23.293599 -52.015462 154.312738
5897 -23.293599 -52.015462 154.312738
5898 -23.293599 -52.015462 154.312738
5899 -23.325826 -51.992191 154.312738
5900 -23.299980 -51.893770 154.312738
5901 -22.988950 -51.738165 154.312738
5902 -22.374741 -51.705825 154.312738
5903 -21.739765 -51.842970 154.312738
5904 -21.116136 -52.026199 154.312738
6010 -11.423560 -54.960198 154.312738
6011 -11.423560 -54.960198 154.312738
6012 -11.423560 -54.960198 154.312738
6013 -11.423560 -54.960198 154.312738
6014 -11.499272 -54.914947 154.312738
6015 -11.560628 -54.567370 154.312738
6016 -11.446983 -54.036394 154.312738
6017 -11.145582 -53.584758 154.312738
6018 -10.767950 -53.151240 154.312738
6019 -10.348471 -52.673390 154.312738
6020 -10.024692 -52.177508 154.312738
6130 -7.873344 -47.362869 154.312738
6131 -7.818729 -47.500769 154.312738
6132 -7.956533 -47.918320 154.312738
6133 -8.358059 -48.419631 154.312738
6134 -8.838208 -48.857758 154.312738
6135 -9.309658 -49.305126 154.312738
6136 -9.730634 -49.786800 154.312738
6137 -10.094560 -50.288528 154.312738
6138 -10.410959 -50.713558 154.312738
6139 -10.729985 -51.167427 154.312738
6140 -10.787904 -51.300350 154.312738
6252 -17.649919 -45.470715 154.312738
6253 -17.649919 -45.470715 154.312738
6254 -17.563458 -45.425266 154.312738
6255 -17.472776 -45.087275 154.312738
6256 -17.692905 -44.664008 154.312738
6257 -18.399821 -44.405566 154.312738
6258 -19.047030 -44.390851 154.312738
6259 -19.694400 -44.382589 154.312738
6260 -20.341231 -44.353615 154.312738
6261 -20.988635 -44.350246 154.312738
6262 -21.635613 -44.375561 154.312738
6374 -44.886104 -66.510231 154.463268
6375 -44.886104 -66.510231 154.463268
6376 -44.886104 -66.510231 154.463268
6377 -44.886104 -66.510231 154.463268
6378 -44.966865 -66.490132 154.463268
6379 -45.120549 -66.174719 154.463268
6380 -44.923230 -65.593844 154.463268
6381 -44.572507 -65.076729 154.463268
6382 -44.115639 -64.614917 154.463268
6383 -43.653108 -64.161967 154.463268
6384 -43.255135 -63.680499 154.463268
6496 -39.542240 -25.288780 154.463268
6497 -40.057216 -25.218462 154.463268
6498 -40.684136 -25.074861 154.463268
6499 -41.298295 -24.895232 154.463268
6500 -41.943793 -24.842418 154.463268
6501 -42.266399 -24.879692 154.463268
6502 -42.359821 -24.896929 154.463268
6503 -42.740637 -24.980624 154.463268
6504 -43.310668 -25.241649 154.463268
6505 -43.807854 -25.658667 154.463268
6506 -44.220878 -26.149971 154.463268
6619 -47.943806 -29.482577 154.463268
6620 -47.759166 -29.566785 154.463268
6621 -47.270524 -29.505648 154.463268
6622 -46.716351 -29.168856 154.463268
6623 -46.194666 -28.781117 154.463268
6624 -45.781852 -28.464919 154.463268
6625 -45.194036 -27.956990 154.463268
6626 -44.819849 -27.527400 154.463268
6627 -44.417245 -27.029921 154.463268
6628 -44.209308 -26.739549 154.463268
6629 -44.071233 -26.445443 154.463268
6742 -29.689350 -59.840130 162.682332
6743 -29.724465 -60.296800 162.682332
6744 -29.783852 -60.783442 162.682332
6745 -29.838762 -61.247916 162.682332
6746 -29.852151 -61.755198 162.682332
6747 -29.835892 -62.221278 164.100034
6748 -29.826025 -62.431356 164.100034
6749 -29.800176 -62.845550 164.100034
6750 -29.796440 -63.062803 164.100034
6751 -29.800795 -63.432770 166.227137
6752 -29.800550 -63.942770 166.227137
6812 -29.567696 -72.975411 178.084310
6813 -29.442296 -73.022940 178.084310
6814 -29.330227 -73.024067 178.084310
6815 -29.239837 -72.996037 178.084310
6816 -29.185136 -72.945090 178.084310
6817 -29.070813 -72.655343 178.084310
6818 -29.047664 -72.141353 178.066564
6819 -29.022568 -71.647098 178.066564
6820 -28.945081 -71.128095 178.066564
6821 -28.881465 -70.907726 178.066564
6822 -28.711810 -70.529067 178.066564
6884 -18.291726 -66.113400 178.066564
6885 -18.291726 -66.113400 178.066564
6886 -18.291726 -66.113400 178.066564
6887 -18.235078 -66.073622 178.066564
6888 -18.215486 -66.038881 178.066564
6889 -18.221575 -65.989596 178.066564
6890 -18.332805 -65.880472 178.066564
6891 -18.751261 -65.843493 178.066564
6892 -19.388248 -65.904507 178.066564
6893 -20.032079 -65.973094 178.066564
6894 -20.675990 -66.009702 178.066564
7016 -27.627676 -84.848648 189.204919
7017 -27.627676 -84.848648 189.204919
7018 -27.779966 -84.939147 189.204919
7019 -28.209721 -84.771548 189.204919
7020 -28.443093 -84.250832 189.204919
7021 -28.518978 -83.792456 189.204919
7022 -28.583091 -83.301688 189.798054
7023 -28.609600 -82.777395 189.798054
7024 -28.672228 -82.372289 189.798054
7025 -28.746944 -82.192353 189.798054
7026 -28.955696 -81.782466 189.798054
7092 -40.155977 -73.431621 189.798054
7093 -39.859386 -73.735870 189.798054
7094 -39.459295 -74.051211 189.798054
7095 -38.875791 -74.334508 189.798054
7096 -38.258419 -74.537832 189.798054
7097 -37.644949 -74.752584 189.798054
7098 -37.035822 -74.979406 189.798054
7099 -36.311269 -75.268161 189.798054
7100 -35.832165 -75.470243 189.798054
7101 -35.236570 -75.730556 189.798054
7102 -34.634289 -75.974940 189.798054
7233 -30.641828 -99.974458 204.953901
7234 -30.641828 -99.974458 204.953901
7235 -30.710792 -99.959638 204.953901
7237 -30.834517 -99.640720 204.953901
7238 -30.798648 -98.852540 204.953901
7240 -30.733652 -98.488648 204.963464
7241 -30.704703 -97.909413 204.963464
7243 -30.706495 -97.429509 204.963464
7244 -30.713549 -97.334771 204.963464
7245 -30.775592 -96.748075 204.963464
7247 -30.827995 -95.957420 204.963464
