7 -22.000000 68.000000 -0.110266
8 -22.009422 67.971569 9.876234
9 -22.216926 67.834499 9.876234
10 -22.729110 67.790197 10.599056
11 -23.374054 67.846446 10.599056
12 -24.022852 67.877773 10.599056
13 -24.670535 67.830640 10.511898
14 -25.206773 67.699302 11.232987
15 -25.476667 67.607884 11.232987
16 -25.639342 67.550865 12.073939
17 -26.022668 67.568817 12.073939
18 -26.402139 68.000602 12.073939
19 -26.480743 68.400177 17.824141
20 -26.501631 68.664346 17.824141
21 -26.553230 69.030493 20.651876
22 -26.654986 69.275018 20.651876
23 -26.887799 69.705945 19.277448
24 -27.035037 69.862151 19.277448
25 -27.353318 70.200629 19.277448
26 -27.594475 70.580258 21.783021
27 -27.688937 70.778827 21.783021
28 -27.749933 71.226547 24.328173
29 -27.735065 71.626133 24.328173
30 -27.670433 71.851946 24.328173
31 -27.599552 72.280932 24.328173
32 -27.582998 72.495293 24.328173
33 -27.558276 72.929564 25.770138
34 -27.597827 73.140389 25.770138
35 -27.694714 73.615470 25.770138
36 -27.743153 74.102680 26.322994
37 -27.780530 74.575856 26.322994
38 -27.884326 75.018666 26.754065
39 -28.142351 75.551870 26.754065
40 -28.636817 75.965545 27.851391
41 -29.237708 76.211711 27.851391
42 -29.851738 76.424874 28.528231
43 -30.460356 76.653068 28.528231
44 -31.062689 76.897353 29.477109
45 -31.659316 77.155271 30.773040
46 -32.259351 77.405158 30.773040
47 -32.845098 77.686724 31.201602
48 -33.413881 78.001295 32.831996
49 -33.970953 78.326389 32.831996
50 -34.562789 78.571656 33.783132
51 -35.196144 78.705375 34.758884
52 -35.837056 78.813643 34.758884
53 -36.472645 78.936682 35.732618
54 -37.107116 79.077847 35.732618
55 -37.732744 79.244590 36.628131
56 -38.351220 79.444092 37.997105
57 -38.960223 79.663920 37.997105
58 -39.574015 79.877761 38.700129
59 -40.196863 80.063612 39.692064
60 -40.815626 80.254351 39.692064
61 -41.435336 80.450332 40.754141
62 -42.056567 80.641413 40.754141
63 -42.676015 80.838065 40.573144
64 -43.281712 81.073785 40.573144
65 -43.880220 81.327261 40.573144
66 -44.478749 81.580746 40.573144
67 -45.074855 81.839855 40.573144
68 -45.672952 82.094346 40.573144
69 -46.272214 82.346098 40.503086
70 -46.869359 82.602749 40.503086
71 -47.458132 82.878026 40.488270
72 -47.516479 82.906673 40.488270
73 -47.534649 82.898353 40.488270
74 -47.587864 82.760397 40.488270
75 -47.468740 82.347478 40.488270
76 -46.985778 81.925606 40.488270
77 -46.437810 81.576047 40.488270
78 -45.925176 81.177070 40.488270
79 -45.449920 80.733722 40.488270
80 -44.986436 80.278012 40.488270
81 -44.536345 79.809089 40.488270
82 -44.054745 79.284024 40.488270
83 -43.683828 78.859947 40.488270
84 -43.395960 78.445334 40.424992
85 -43.279376 78.264808 40.424992
86 -43.050912 77.814486 40.424992
87 -42.727882 77.280226 40.424992
88 -42.335638 76.774552 40.424992
89 -41.914280 76.364327 40.424992
90 -41.440494 76.132359 40.424992
91 -41.498369 76.148143 40.424992
92 -41.498369 76.148143 40.424992
93 -41.498369 76.148143 40.424992
94 -41.498369 76.148143 40.424992
95 -41.650377 76.157030 40.424992
96 -42.093065 76.298163 40.424992
97 -42.700219 76.530217 40.424992
98 -43.293655 76.795166 40.424992
99 -43.879134 77.065696 40.424992
100 -44.487839 77.293327 40.424992
101 -45.104391 77.491015 40.424992
102 -45.731885 77.660501 40.424992
103 -46.353018 77.843054 40.424992
104 -47.278997 78.123310 40.424992
105 -47.589784 78.218361 40.424992
106 -48.214975 78.396190 40.424992
107 -48.841361 78.569736 40.424992
108 -49.456622 78.771048 40.424992
109 -50.061638 79.007555 40.424992
110 -50.629514 79.312832 40.424992
111 -51.214108 79.581494 40.424992
112 -51.852032 79.679805 40.424992
113 -52.497412 79.637246 40.424992
114 -53.127644 79.481374 40.424992
115 -54.026610 79.106231 40.424992
116 -54.084342 79.076365 40.424992
117 -54.176874 78.941256 40.424992
118 -54.236607 78.494295 40.424992
119 -54.215638 78.004823 40.424992
120 -54.220901 77.560068 40.424992
121 -54.286692 77.355779 40.424992
122 -54.453683 76.900455 40.424992
123 -54.569669 76.538633 40.424992
124 -54.678510 76.297029 40.424992
125 -54.836205 75.855275 40.424992
126 -54.975248 75.138784 40.424992
127 -55.012154 74.972839 40.424992
128 -55.012154 74.972839 40.424992
129 -54.914059 74.915865 40.424992
130 -54.704354 74.952081 40.424992
131 -54.502630 75.304001 40.424992
132 -54.438731 75.794209 40.424992
133 -54.409449 76.268016 40.424992
134 -54.336934 76.635683 40.424992
135 -54.251056 76.862389 40.424992
136 -54.047921 77.330153 40.424992
137 -53.655274 78.028512 40.424992
138 -53.464101 78.284959 40.424992
139 -53.001131 78.740474 40.424992
140 -52.539603 79.139186 40.424992
141 -52.070998 79.475718 40.424992
142 -51.448666 79.623893 40.424992
143 -50.825914 79.455677 40.424992
144 -50.261061 79.136133 40.424992
145 -49.740279 78.747383 40.424992
146 -49.230045 78.344696 40.424992
147 -48.750588 77.923696 40.424992
148 -48.469068 77.455598 40.424992
149 -48.420244 77.303311 40.424992
150 -48.337634 76.825787 40.424992
151 -48.314958 76.446573 40.424992
152 -48.328428 76.181922 40.424992
153 -48.333795 75.766983 40.424992
154 -48.345417 75.552342 40.424992
155 -48.351820 75.067394 40.424992
156 -48.339570 74.527580 40.424992
157 -48.322652 74.132974 40.424992
158 -48.329399 73.865571 40.424992
159 -48.307423 73.401868 40.424992
160 -48.279797 73.249353 40.424992
161 -48.223550 72.798122 40.424992
162 -48.213694 72.308525 40.424992
163 -48.231194 71.833884 40.424992
164 -48.239428 71.414004 40.424992
165 -48.289805 71.205120 40.424992
166 -48.356419 70.775652 40.424992
167 -48.358896 70.560671 40.424992
168 -48.363301 70.125693 40.424992
169 -48.405824 69.925421 40.424992
170 -48.506905 69.187813 40.424992
171 -48.522159 69.023520 40.424992
172 -48.591400 68.836241 40.424992
173 -48.745092 68.429415 40.424992
174 -48.809915 68.172586 40.424992
175 -48.958930 67.706193 40.424992
176 -49.256162 67.157484 40.424992
177 -49.586160 66.711350 40.424992
178 -49.900089 66.212034 40.424992
179 -50.068394 65.877145 40.424992
180 -50.160528 65.650162 40.424992
181 -50.167344 65.631360 40.424992
182 -50.167344 65.631360 40.424992
183 -50.076687 65.571743 40.424992
184 -49.719489 65.588778 40.424992
185 -49.382933 65.923930 40.424992
186 -49.314477 66.111815 40.424992
187 -49.146696 66.556094 40.424992
188 -49.030163 66.954316 40.424992
189 -48.915878 67.187716 40.424992
190 -48.677280 67.621412 40.424992
191 -48.240031 68.407731 40.424992
192 -48.189049 68.510812 40.424992
193 -48.070720 68.742228 40.424992
194 -47.826246 69.166823 40.424992
195 -47.686127 69.490095 40.424992
196 -47.623465 69.788539 40.424992
197 -47.429381 70.322588 40.424992
198 -47.108102 70.849601 40.424992
199 -46.807225 71.251950 40.424992
200 -46.648561 71.464199 40.424992
201 -46.363559 71.868770 40.424992
202 -45.891341 72.637752 40.424992
203 -45.807549 72.779870 40.424992
204 -45.540969 73.226255 40.424992
205 -45.301004 73.636135 40.424992
206 -45.177203 73.853307 40.424992
207 -44.973591 74.237588 40.424992
208 -44.898049 74.422753 40.424992
209 -44.683003 74.868552 40.424992
210 -44.396635 75.346789 40.424992
211 -44.007104 75.863468 40.424992
212 -43.505894 76.273642 40.424992
213 -42.559558 76.687664 40.424992
214 -42.312508 76.768691 40.424992
215 -41.693669 76.967463 40.424992
216 -41.072879 77.159819 40.424992
217 -40.449854 77.345025 40.424992
218 -39.827919 77.533940 40.424992
219 -39.212500 77.742966 40.424992
220 -38.602300 77.966837 40.424992
221 -37.993816 78.195399 40.424992
222 -37.387882 78.430640 40.424992
223 -36.782001 78.666007 40.424992
224 -35.686023 79.075367 40.424992
225 -35.566823 79.120618 40.424992
226 -34.943880 79.263055 40.424992
227 -34.298774 79.192035 40.424992
228 -33.664187 79.051778 40.424992
229 -33.034085 78.902786 40.424992
230 -32.397076 78.787284 40.424992
231 -31.755653 78.698833 40.424992
232 -31.113886 78.612913 40.424992
233 -30.473105 78.519935 40.424992
234 -29.829530 78.428794 40.424992
235 -28.611575 78.240412 40.424992
236 -28.549887 78.230370 40.424992
237 -27.906221 78.167908 40.424992
238 -27.258963 78.181751 40.424992
239 -26.611817 78.198442 40.424992
240 -25.964786 78.175882 40.424992
241 -25.318659 78.133987 40.424992
242 -24.673225 78.082386 40.424992
243 -24.027870 78.029725 40.424992
244 -23.381073 77.965552 40.424992
245 -22.737068 77.898409 40.424992
247 -21.447302 77.782991 40.424992
247 -21.382503 77.777878 40.424992
248 -20.804185 77.733973 40.424992
249 -20.157660 77.698447 40.424992
250 -19.512177 77.647932 40.424992
251 -18.864971 77.587776 40.424992
252 -18.218706 77.518327 40.424992
253 -17.574508 77.453046 40.424992
254 -16.931723 77.375698 40.424992
255 -16.295828 77.254600 40.424992
256 -15.660757 77.116128 40.424992
258 -14.212034 76.758894 40.424992
259 -14.077585 76.707647 40.424992
260 -13.837797 76.410549 40.424992
261 -13.670882 75.946055 40.424992
262 -13.576409 75.455073 40.424992
263 -13.523875 75.226103 40.424992
264 -13.402522 74.845093 40.424992
265 -13.292555 74.637428 40.424992
266 -13.073120 74.233144 40.424992
267 -12.840924 73.734577 40.424992
268 -12.560140 73.198773 40.424992
270 -12.156797 72.193423 40.424992
271 -12.136166 72.137081 40.424992
272 -12.183386 72.064899 40.424992
273 -12.533915 72.001629 40.424992
274 -12.984705 72.389833 40.424992
275 -13.070765 72.632194 40.424992
276 -13.231097 73.041906 40.424992
277 -13.397482 73.486796 40.424992
278 -13.492178 73.712752 40.424992
279 -13.708396 74.202012 40.424992
280 -14.035921 74.733640 40.424992
283 -15.197654 76.094597 40.424992
284 -15.615086 76.504137 40.424992
285 -16.125749 76.901928 40.424992
286 -16.683394 77.222369 40.424992
287 -17.309135 77.371106 40.424992
288 -17.958092 77.396111 40.424992
289 -18.604406 77.357733 40.424992
290 -19.247820 77.312532 40.424992
291 -19.894583 77.281852 40.424992
292 -20.541411 77.252479 40.424992
293 -21.190475 77.217730 40.424992
296 -22.991359 77.039414 40.424992
297 -23.507210 77.006660 40.424992
298 -24.108055 77.223767 40.424992
299 -24.595687 77.648225 40.424992
300 -25.018488 78.135291 40.424992
301 -25.398349 78.573578 40.424992
302 -25.838803 79.041332 40.424992
303 -26.240548 79.516244 40.424992
304 -26.530912 79.964979 40.424992
305 -26.755005 80.439158 40.424992
306 -26.954052 80.946353 40.424992
308 -27.544851 81.933932 40.424992
309 -27.566661 81.989828 40.424992
310 -27.566661 81.989828 40.424992
311 -27.566661 81.989828 40.424992
312 -27.439668 81.849190 40.424992
313 -27.371596 81.380338 40.424992
314 -27.441212 80.826244 40.424992
315 -27.570620 80.307203 40.424992
316 -27.642972 79.792566 40.424992
317 -27.650868 79.347715 40.424992
318 -27.648358 78.962824 40.424992
321 -27.688048 77.848778 40.424992
322 -27.715847 77.369793 40.424992
323 -27.745775 77.071337 40.424992
324 -27.780786 76.688052 40.424992
325 -27.781747 76.123148 40.424992
326 -27.756562 75.638866 40.424992
327 -27.752074 75.158955 40.424992
328 -27.750453 74.628958 40.424992
329 -27.738051 74.149166 40.424992
330 -27.743355 73.669330 40.424992
331 -27.753333 73.139427 40.424992
334 -27.823031 71.651246 40.424992
335 -27.825381 71.596296 40.424992
336 -27.825381 71.596296 40.424992
337 -27.825381 71.596296 40.424992
338 -27.816089 71.599992 40.424992
339 -27.688107 71.740946 40.424992
340 -27.653760 72.147012 40.424992
341 -27.691543 72.670014 40.424992
342 -27.735592 72.828368 40.424992
343 -27.847359 73.211750 40.424992
344 -27.875434 73.439866 40.424992
347 -27.873823 74.509410 40.424992
348 -27.871923 74.614392 40.424992
349 -27.871923 74.614392 40.424992
350 -27.805856 74.580465 40.424992
351 -27.677790 74.254363 40.424992
352 -27.655204 73.681575 40.424992
353 -27.749673 73.211576 40.424992
354 -27.795467 72.963547 40.424992
355 -27.841552 72.581318 40.424992
356 -27.875120 72.062652 40.424992
357 -27.872825 71.592774 40.424992
360 -27.834452 70.736894 40.424992
361 -27.838202 70.666994 40.424992
362 -27.838202 70.666994 40.424992
363 -27.939740 70.706420 40.424992
364 -28.020168 70.998048 40.424992
365 -28.013492 71.551049 40.424992
366 -27.950677 72.033104 40.424992
367 -27.896156 72.470947 40.424992
368 -27.872180 72.989468 40.424992
369 -27.876929 73.169405 40.424992
370 -27.887415 73.654283 40.424992
373 -27.881187 75.128152 40.424992
374 -27.889021 75.247896 40.424992
375 -27.889021 75.247896 40.424992
376 -27.837334 75.224097 40.424992
377 -27.716370 74.950582 40.424992
378 -27.668519 74.407900 40.424992
379 -27.748067 73.974636 40.424992
380 -27.796249 73.725768 40.424992
381 -27.849182 73.344432 40.424992
382 -27.882976 72.825849 40.424992
383 -27.880483 72.310932 40.424992
386 -27.884637 71.382024 40.424992
387 -27.862888 71.023361 40.424992
388 -27.927142 70.563210 40.424992
389 -27.973848 70.315195 40.424992
390 -28.040235 69.936247 40.424992
391 -28.060414 69.417063 40.424992
392 -28.041418 68.907504 40.424992
393 -28.022633 68.432878 40.424992
394 -28.026173 67.913002 40.424992
395 -28.022677 67.403085 40.424992
396 -28.022562 66.973139 40.424992
399 -27.978193 65.810367 40.424992
400 -27.980203 65.690384 40.424992
401 -28.046095 65.625773 40.424992
402 -28.177081 65.660370 40.424992
403 -28.327913 66.009761 40.424992
404 -28.376179 66.529717 40.424992
405 -28.320526 66.700146 40.424992
406 -28.182786 67.164401 40.424992
407 -28.154885 67.402195 40.424992
408 -28.153331 67.787163 40.424992
409 -28.183800 68.296101 40.424992
412 -28.212306 69.850403 40.424992
413 -28.216446 70.335304 40.424992
414 -28.202273 70.805056 40.424992
415 -28.212598 71.309902 40.424992
416 -28.214603 71.739838 40.424992
417 -28.231329 71.958738 40.424992
418 -28.268941 72.371794 40.424992
419 -28.271386 72.706692 40.424992
420 -28.265912 73.071651 40.424992
421 -28.249258 73.531287 40.424992
422 -28.257273 73.746133 40.424992
425 -28.255071 74.960192 40.424992
426 -28.252340 75.424988 40.424992
427 -28.283826 75.843757 40.424992
428 -28.299554 76.263449 40.424992
429 -28.318508 76.537787 40.424992
430 -28.336454 77.062479 40.424992
431 -28.362304 77.506684 40.424992
432 -28.355594 77.669044 40.424992
433 -28.348081 78.133968 40.424992
434 -28.359178 78.503752 40.424992
435 -28.358672 78.778752 40.424992
439 -28.398056 80.192660 40.424992
440 -28.402200 80.527634 40.424992
441 -28.408113 81.007598 40.424992
442 -28.400040 81.407509 40.424992
443 -28.416363 81.639436 40.424992
444 -28.430640 82.084171 40.424992
445 -28.424820 82.434090 40.424992
446 -28.436074 82.768890 40.424992
447 -28.454891 83.248521 40.424992
448 -28.458500 83.743444 40.424992
449 -28.471539 84.213159 40.424992
452 -28.450788 85.357394 40.424992
453 -28.462319 85.542035 40.424992
454 -28.462319 85.542035 40.424992
455 -28.444365 85.533280 40.424992
456 -28.361326 85.355683 40.424992
457 -28.325037 84.883284 40.424992
458 -28.380306 84.391781 40.424992
459 -28.452337 83.921036 40.424992
460 -28.495962 83.457110 40.424992
461 -28.493807 82.939105 40.424992
462 -28.477879 82.449400 40.424992
465 -28.444362 80.987651 40.424992
466 -28.450038 80.863845 40.424992
467 -28.542152 80.786423 40.424992
468 -28.677880 80.842426 40.424992
469 -28.794850 81.181348 40.424992
470 -28.805880 81.742549 40.424992
471 -28.712387 82.151028 40.424992
472 -28.610655 82.603952 40.424992
473 -28.546447 82.817011 40.424992
474 -28.385160 83.149988 40.424992
475 -28.222692 83.577285 40.424992
479 -27.826053 84.762293 40.424992
480 -27.700681 85.072835 40.424992
481 -27.414826 85.581985 40.424992
482 -26.880312 85.927713 40.424992
483 -26.246234 86.047093 40.424992
484 -25.599064 86.052397 40.424992
485 -24.954935 85.990990 40.424992
486 -24.319603 85.854090 40.424992
487 -23.682938 85.723448 40.424992
488 -23.042513 85.612564 40.424992
489 -22.419412 85.447225 40.424992
492 -21.669582 85.143108 40.424992
493 -21.660038 85.140122 40.424992
494 -21.660038 85.140122 40.424992
495 -21.660038 85.140122 40.424992
496 -21.660038 85.140122 40.424992
497 -21.669947 85.141471 40.424992
498 -21.789693 85.263555 40.424992
499 -21.740011 85.644303 40.424992
500 -21.238594 85.930905 40.424992
501 -20.597131 85.937327 40.424992
502 -19.953203 85.870206 40.424992
506 -17.432154 85.782879 40.424992
507 -16.788012 85.815018 40.424992
508 -16.142956 85.870952 40.424992
509 -15.497137 85.915709 40.424992
510 -14.852455 85.905477 40.424992
511 -14.205955 85.839613 40.424992
512 -13.566734 85.736866 40.424992
513 -12.930027 85.606192 40.424992
514 -12.299989 85.446550 40.424992
515 -11.670921 85.283132 40.424992
516 -11.045713 85.115178 40.424992
520 -10.062261 84.870534 40.424992
521 -10.062261 84.870534 40.424992
522 -10.062261 84.870534 40.424992
523 -10.123052 84.824295 40.424992
524 -10.458408 84.840421 40.424992
525 -11.046067 84.993130 40.424992
526 -11.659923 85.206761 40.424992
527 -12.268421 85.435261 40.424992
528 -12.875923 85.666383 40.424992
529 -13.486131 85.882265 40.424992
530 -14.113807 86.029353 40.424992
534 -16.695042 85.964057 40.424992
535 -17.341956 85.959741 40.424992
536 -17.987114 86.014607 40.424992
537 -18.633688 86.043518 40.424992
538 -19.279656 86.002523 40.424992
539 -19.914788 85.892881 40.424992
540 -20.547848 85.757177 40.424992
541 -21.106811 85.634484 40.424992
542 -21.414987 85.517908 40.424992
543 -21.612000 85.374163 40.424992
544 -21.775334 85.106744 40.424992
548 -20.233187 83.775190 40.424992
549 -19.591954 83.697851 40.424992
550 -19.108797 83.472950 40.424992
551 -18.904976 83.312012 40.424992
554 -18.765319 83.182269 40.424992
555 -18.765319 83.182269 40.424992
556 -18.797167 83.127806 40.424992
557 -19.098015 83.049275 40.424992
558 -19.683842 83.158435 40.424992
559 -20.261650 83.454705 40.424992
560 -20.833211 83.764016 40.424992
561 -21.426341 84.029779 40.424992
562 -21.980157 84.367191 40.424992
563 -22.403881 84.769517 40.424992
564 -22.894255 85.286398 40.424992
568 -25.117977 86.034970 40.424992
569 -25.762134 86.002444 40.424992
570 -26.409341 85.983160 40.424992
571 -27.029364 85.932727 40.424992
572 -27.457576 85.762532 40.424992
573 -27.778641 85.295910 40.424992
574 -27.843168 84.757377 40.424992
575 -27.806994 84.228642 40.424992
576 -27.773621 84.085013 40.424992
577 -27.734985 83.642502 40.424992
578 -27.749137 83.480933 40.424992
582 -27.772900 81.894047 40.424992
583 -27.776264 81.444123 40.424992
584 -27.803767 81.015078 40.424992
585 -27.810349 80.795378 40.424992
586 -27.808342 80.380399 40.424992
587 -27.818476 79.905563 40.424992
588 -27.808620 79.688642 40.424992
589 -27.778001 79.274914 40.424992
590 -27.780308 78.750018 40.424992
591 -27.770783 78.245147 40.424992
592 -27.772199 77.815226 40.424992
596 -27.760832 76.488889 40.424992
597 -27.766677 76.429174 40.424992
598 -27.848163 76.369571 40.424992
599 -27.980261 76.428264 40.424992
600 -28.117177 76.788407 40.424992
601 -28.136154 77.289446 40.424992
602 -28.070381 77.493751 40.424992
603 -27.938663 77.980413 40.424992
604 -27.905455 78.503836 40.424992
605 -27.926809 78.988215 40.424992
606 -27.938689 79.443022 40.424992
610 -27.998922 81.095485 40.424992
611 -28.006063 81.525312 40.424992
612 -28.009270 81.775119 40.424992
613 -28.002197 82.160005 40.424992
614 -28.030744 82.674044 40.424992
615 -28.039111 82.853845 40.424992
616 -28.063649 83.338222 40.424992
617 -28.078492 83.863001 40.424992
618 -28.076362 84.102821 40.424992
619 -28.058017 84.447323 40.424992
620 -28.047473 84.962192 40.424992
624 -28.118571 86.251906 40.424992
625 -28.116219 86.736579 40.424992
626 -28.154496 86.972412 40.424992
627 -28.277420 87.331567 40.424992
628 -28.334710 87.837224 40.424992
629 -28.330671 88.347111 40.424992
630 -28.346575 88.826702 40.424992
631 -28.355990 89.341545 40.424992
632 -28.364871 89.521326 40.527768
633 -28.380257 90.006032 40.527768
634 -28.378916 90.485962 41.498192
636 -28.410777 91.535247 42.443609
637 -28.406457 92.000135 42.443609
638 -28.474481 92.510081 42.443609
639 -28.553576 92.968256 43.499195
640 -28.572092 93.177224 43.499195
641 -28.600701 93.591226 44.536053
642 -28.626199 94.105509 44.536053
643 -28.629991 94.610460 44.536053
644 -28.651226 95.039809 45.624774
645 -28.658676 95.257008 45.624774
646 -28.659648 95.671976 46.609226
650 -28.787967 97.249152 47.527886
651 -28.781206 97.469308 47.527886
652 -28.654049 97.580579 48.613784
653 -28.218610 97.636315 48.613784
654 -27.576235 97.630225 49.599395
655 -26.929506 97.656576 49.599395
656 -26.284894 97.739650 49.633255
657 -25.645777 97.857313 49.633255
658 -25.015493 98.016033 49.633255
659 -24.391066 98.196521 49.633255
660 -23.762781 98.363028 49.633255
665 -21.907457 98.678243 49.633255
666 -21.897485 98.678986 49.633255
667 -21.843273 98.722441 49.633255
668 -21.819578 98.754526 49.633255
669 -21.821302 98.818593 49.633255
670 -21.941168 98.932287 49.633255
671 -22.359838 98.966700 49.633255
672 -22.987468 98.912807 49.633255
673 -23.634721 98.899941 49.633255
674 -24.282162 98.891215 49.633255
675 -24.926877 98.902398 49.633255
679 -27.655676 99.836615 49.633255
680 -27.829906 100.299342 49.633255
681 -27.861126 100.717181 49.633255
682 -27.961001 101.256396 49.633255
683 -28.130441 101.758416 51.710154
684 -28.161963 101.920354 51.710154
685 -28.164420 102.379138 52.753199
686 -28.100908 102.861938 52.753199
687 -28.044989 103.017148 53.776017
688 -27.866706 103.435744 53.776017
689 -27.675699 103.915320 54.795073
692 -27.011923 105.028146 55.585070
693 -26.966652 105.100066 55.585070
694 -26.942823 105.204376 56.430665
695 -26.942133 105.274343 56.430665
696 -26.950288 105.313476 56.430665
697 -27.048388 105.404653 56.895870
698 -27.417830 105.497781 56.895870
699 -28.044364 105.467620 57.027186
700 -28.693675 105.453806 57.027186
701 -29.339443 105.524714 57.118298
702 -29.978464 105.643219 57.118298
708 -33.425432 106.541338 58.124865
709 -33.613198 106.565204 58.124865
710 -34.047230 106.543845 58.322723
711 -34.502443 106.388989 58.322723
712 -34.851520 105.942616 58.322723
713 -34.962221 105.691262 58.322723
714 -35.056106 105.422424 58.322723
715 -35.285000 104.911473 58.322723
716 -35.440852 104.581479 58.322723
717 -35.579297 104.304119 58.322723
718 -35.861163 103.790745 58.322723
724 -38.422141 101.808778 58.322723
725 -38.432351 101.791580 58.322723
726 -38.410177 101.744412 58.322723
727 -38.158792 101.634119 58.322723
728 -37.644818 101.851607 58.322723
729 -37.254202 102.338111 58.322723
730 -36.857696 102.837135 58.322723
731 -36.411318 103.309358 58.322723
732 -36.007592 103.749337 58.322723
733 -35.715408 104.201149 58.322723
734 -35.646709 104.666615 58.322723
741 -36.814445 107.133912 59.887394
742 -37.014346 107.578186 59.887394
743 -37.013729 107.791821 59.887394
744 -36.954152 108.222661 59.887394
745 -36.926448 108.435823 60.804769
746 -36.873456 108.867502 61.559240
747 -36.870175 109.082468 61.559240
748 -36.894590 109.516483 61.559240
749 -36.942411 109.726063 62.453983
750 -37.024910 110.203604 62.453983
751 -37.041820 110.662893 62.453983
758 -36.955340 113.778793 65.208128
759 -36.953758 114.248715 65.208128
760 -36.958473 114.713579 65.208128
761 -36.968403 115.178399 66.232469
762 -36.993358 115.637591 66.232469
763 -37.006779 115.914600 66.232469
764 -37.016703 116.269438 66.232469
765 -37.008819 116.548880 66.232469
766 -36.973599 116.902021 66.232469
767 -36.962799 117.366766 66.232469
768 -36.941789 117.826183 66.232469
776 -36.161666 120.877308 66.232469
777 -36.155009 120.931904 66.232469
778 -36.155009 120.931904 66.232469
779 -36.155009 120.931904 66.232469
780 -36.155009 120.931904 66.232469
781 -36.168612 120.917257 66.232469
782 -36.217201 120.773855 66.232469
783 -36.161611 120.649677 66.232469
784 -35.836282 120.523055 66.232469
785 -35.241704 120.575692 66.232469
786 -34.595222 120.596976 66.232469
794 -29.200327 119.453548 66.232469
795 -29.137086 119.438528 66.232469
796 -29.039369 119.519556 66.232469
797 -28.995077 119.890481 66.232469
798 -29.048760 120.379503 66.232469
799 -29.169960 120.869712 66.232469
800 -29.194713 121.040268 71.338769
801 -29.258192 121.455422 71.338769
802 -29.303863 121.953201 72.249706
803 -29.309603 122.438167 72.249706
804 -29.315639 122.948131 73.264589
809 -29.341991 124.901456 74.478587
810 -29.325876 125.023746 74.478587
811 -29.148707 125.127081 74.478587
812 -28.653143 125.183860 74.478587
813 -28.015671 125.075762 74.478587
814 -27.400188 124.875426 74.478587
815 -26.799329 124.627627 74.478587
816 -26.200855 124.374113 74.478587
817 -25.586457 124.162908 74.478587
818 -24.957711 123.998162 74.478587
819 -24.325252 123.848214 74.478587
828 -22.495076 123.512673 74.478587
829 -22.495076 123.512673 74.478587
830 -22.466454 123.521403 74.478587
831 -22.352320 123.684671 74.478587
832 -22.468542 124.154978 74.478587
833 -22.963868 124.567609 74.478587
834 -23.539972 124.868452 74.478587
835 -24.100504 125.197079 74.478587
836 -24.629327 125.574320 74.478587
837 -25.131406 125.987022 74.478587
838 -25.617795 126.418035 74.478587
846 -28.061246 130.301654 74.478587
847 -28.150509 130.716867 74.478587
848 -28.273193 130.972959 74.478587
849 -28.548365 131.199339 74.478587
850 -29.137998 131.356047 74.478587
851 -29.781572 131.426504 74.478587
852 -30.424811 131.519779 74.478587
853 -31.059407 131.659448 74.478587
854 -31.686423 131.830640 74.478587
855 -32.302383 132.037900 74.478587
856 -32.902195 132.288231 74.478587
865 -37.496326 134.512344 74.478587
866 -37.512967 134.525559 74.478587
867 -37.512967 134.525559 74.478587
868 -37.512967 134.525559 75.589020
869 -37.512967 134.525559 75.516488
870 -37.420738 134.427990 75.516488
871 -37.463195 134.015373 75.516488
872 -37.629249 133.790652 75.516488
873 -37.960268 133.557326 75.516488
874 -38.504897 133.248167 75.516488
875 -39.135578 133.119108 75.516488
885 -44.606805 134.867358 78.361342
886 -44.621599 134.869834 78.361342
887 -44.666324 134.816680 78.361342
888 -44.699144 134.570144 78.361342
889 -44.456359 134.311955 78.361342
890 -43.851551 134.199771 78.361342
891 -43.201621 134.204532 78.361342
892 -42.555582 134.137585 78.361342
893 -41.920218 134.001007 78.361342
894 -41.287199 133.853457 78.361342
895 -40.661749 133.676703 78.171734
905 -34.094607 132.857052 78.171734
906 -33.515070 132.844779 78.171734
907 -32.871560 132.888027 78.171734
908 -32.226089 132.939233 78.171734
909 -31.580573 132.989710 78.171734
910 -30.933689 133.017421 78.171734
911 -30.288861 133.031847 78.171734
912 -29.641404 133.039309 78.171734
913 -28.992185 133.019148 78.171734
914 -28.354474 132.908494 78.171734
915 -27.723999 132.750685 78.171734
926 -21.243481 132.853308 78.171734
927 -21.223506 132.854312 78.171734
928 -21.223506 132.854312 78.171734
929 -21.221560 132.864121 78.171734
930 -21.225837 132.942882 78.171734
931 -21.310609 133.044576 78.171734
932 -21.645980 133.090930 78.171734
933 -22.243367 133.037850 78.171734
934 -22.885153 132.935015 78.171734
935 -23.524627 132.818660 78.171734
936 -24.157874 132.696149 78.171734
947 -28.636402 130.003327 78.361342
948 -28.871183 129.556293 78.361342
949 -29.055107 129.156725 78.361342
950 -29.175278 128.920555 78.361342
951 -29.404303 128.448160 78.361342
952 -29.599621 128.009738 78.361342
953 -29.789443 127.591113 78.361342
954 -29.923309 127.198335 78.361342
955 -30.063306 126.973443 78.361342
956 -30.305942 126.508398 78.361342
957 -30.454099 126.120839 78.361342
967 -32.236564 122.201067 78.361342
968 -32.864658 122.073733 78.361342
969 -33.511426 122.096749 78.361342
970 -34.157160 122.144526 78.361342
971 -34.803683 122.179343 78.361342
972 -35.451118 122.177281 78.361342
973 -36.095918 122.161234 78.361342
974 -36.743051 122.139984 78.361342
975 -37.389549 122.104029 78.361342
976 -38.032998 122.060280 78.361342
977 -38.677254 121.995547 78.361342
988 -44.860603 122.307524 78.171734
989 -44.869650 122.325360 78.171734
990 -44.847321 122.345246 78.171734
991 -44.727890 122.351879 78.361342
992 -44.592522 122.148849 78.361342
993 -44.577668 121.620531 78.361342
994 -44.533179 121.154339 78.361342
995 -44.255551 120.583618 78.361342
996 -43.796195 120.129225 78.361342
997 -43.256814 119.771867 78.361342
998 -42.744503 119.374086 78.361342
1009 -41.018289 116.381875 78.361342
1010 -40.802542 115.961546 78.361342
1011 -40.744510 115.475611 78.361342
1012 -40.755262 115.151113 78.171734
1013 -40.809753 114.884305 78.171734
1014 -40.832708 114.510303 78.171734
1015 -40.798338 114.237479 78.171734
1016 -40.770767 113.863594 78.171734
1017 -40.768989 113.588600 78.171734
1018 -40.767363 113.213619 78.171734
1019 -40.775228 112.938736 78.171734
1030 -42.131469 109.182351 78.171734
1031 -42.268865 108.759203 78.171734
1032 -42.313907 108.549032 78.171734
1033 -42.457216 108.080506 78.171734
1034 -42.572397 107.650687 78.171734
1035 -42.662796 107.455657 78.171734
1036 -42.904938 107.018288 78.171734
1037 -43.158926 106.541811 78.171734
1038 -43.442103 106.076366 78.171734
1039 -43.581717 105.940656 78.171734
1040 -43.879862 105.666758 78.171734
1051 -44.960491 101.824264 78.361342
1052 -44.960824 101.759265 78.361342
1053 -44.960824 101.759265 78.361342
1054 -45.058964 101.815028 78.361342
1055 -45.164102 102.175875 78.361342
1056 -45.142596 102.663621 78.361342
1057 -45.028299 103.124595 78.361342
1058 -44.894121 103.506615 78.361342
1059 -44.775298 103.743351 78.361342
1060 -44.546148 104.209449 78.361342
1061 -44.436633 104.573185 78.361342
1072 -42.688547 108.795793 78.361342
1073 -42.918655 109.248661 78.361342
1074 -43.347511 109.736641 78.361342
1075 -43.814195 110.189039 78.361342
1076 -44.278165 110.644237 78.361342
1077 -44.732319 111.109162 78.361342
1078 -45.123583 111.533744 78.361342
1079 -45.280742 111.680365 78.361342
1080 -45.601744 112.082419 78.361342
1081 -45.950745 112.532996 78.361342
1082 -46.350958 113.003224 78.361342
1093 -46.848352 113.487479 78.361342
1094 -46.848352 113.487479 78.361342
1095 -46.848352 113.487479 78.361342
1096 -46.841171 113.494439 78.361342
1097 -46.615880 113.522155 78.361342
1098 -46.175500 113.225029 78.361342
1099 -45.728838 112.754277 78.361342
1100 -45.388397 112.297273 78.361342
1101 -44.985848 111.796864 78.361342
1102 -44.551428 111.320159 78.361342
1103 -44.101486 110.851235 78.361342
1114 -37.553627 107.578859 78.361342
1115 -37.077377 107.370151 78.361342
1116 -36.497803 107.076053 78.361342
1117 -35.921450 106.775651 78.361342
1118 -35.345403 106.474598 78.361342
1119 -34.631676 106.160287 78.361342
1120 -34.155328 105.951797 78.361342
1121 -33.564290 105.681299 78.361342
1122 -32.966837 105.425432 78.361342
1123 -32.365797 105.178076 78.361342
1124 -31.832977 104.812331 78.361342
1135 -30.912119 100.512311 78.171734
1136 -30.912568 100.457313 78.171734
1137 -30.912568 100.457313 78.171734
1138 -30.986213 100.497260 78.171734
1139 -31.101045 100.839683 78.171734
1140 -31.115754 101.338517 78.171734
1141 -31.037126 101.740713 78.171734
1142 -30.946210 101.957330 78.171734
1143 -30.818444 102.407976 78.171734
1144 -30.831392 102.572143 78.171734
1145 -30.888963 103.018394 78.171734
1157 -31.039193 107.856443 78.171734
1158 -31.056603 108.316022 78.171734
1159 -31.055749 108.785937 78.171734
1160 -31.064918 109.255766 78.171734
1161 -31.070967 109.730659 78.171734
1162 -31.092466 110.185060 78.171734
1163 -31.100692 110.432268 78.171734
1164 -31.099133 110.817261 78.171734
1165 -31.110436 111.287032 78.171734
1166 -31.116848 111.726921 78.171734
1167 -31.133393 112.241653 78.171734
1178 -31.206776 117.674600 78.171734
1179 -31.221085 118.099304 78.171734
1180 -31.232832 118.584152 78.171734
1181 -31.246064 119.038959 78.171734
1182 -31.243649 119.513947 78.171734
1183 -31.264611 119.988484 78.171734
1184 -31.265424 120.418484 78.171734
1185 -31.252415 120.633072 78.171734
1186 -31.243963 121.065471 78.171734
1187 -31.257365 121.244972 78.171734
1188 -31.276725 121.714478 78.171734
1200 -31.342125 126.595379 78.171734
1201 -31.352380 127.005197 78.171734
1202 -31.356128 127.465097 78.171734
1203 -31.379071 127.934371 78.171734
1204 -31.391199 128.404111 78.171734
1205 -31.390158 128.864039 78.171734
1206 -31.401130 129.318759 78.171734
1207 -31.437879 129.787229 78.171734
1208 -31.505498 130.251873 78.171734
1209 -31.742587 130.759556 78.171734
1210 -32.205759 131.213136 78.171734
1221 -37.371931 135.373149 78.171734
1222 -37.362032 135.755452 78.171734
1223 -37.336146 136.184589 78.171734
1224 -37.275205 136.411509 78.171734
1225 -37.100921 136.901084 78.171734
1226 -36.838442 137.395493 78.171734
1227 -36.516161 137.853416 78.171734
1228 -36.143038 138.332803 78.171734
1229 -36.038222 138.479130 78.171734
1230 -35.758209 138.875108 78.171734
1231 -35.462837 139.290860 78.171734
1243 -35.208891 139.650135 78.171734
1244 -35.158226 139.588719 78.171734
1245 -35.142869 139.264600 78.171734
1246 -35.357207 138.727270 78.171734
1247 -35.754340 138.217405 78.171734
1248 -35.998314 137.932677 78.171734
1249 -36.215217 137.677470 78.171734
1250 -36.610812 137.219734 78.171734
1251 -36.982628 136.769900 78.171734
1252 -37.269777 136.311786 78.171734
1253 -37.402914 136.016362 78.171734
1264 -33.457817 131.620378 78.171734
1265 -32.984515 131.276747 78.171734
1266 -32.474521 130.873789 78.171734
1267 -31.985521 130.450067 78.171734
1268 -31.684406 130.016480 78.171734
1269 -31.550835 129.535768 78.171734
1270 -31.495848 129.109303 78.171734
1271 -31.486905 128.869479 78.171734
1272 -31.461620 128.415182 78.171734
1273 -31.465611 128.235234 78.171734
1274 -31.459661 127.765278 78.171734
1286 -31.390810 123.752758 78.171734
1287 -31.373154 123.393363 78.171734
1288 -31.389363 123.124526 78.171734
1289 -31.469312 122.856417 78.171734
1290 -31.529287 122.325415 78.171734
1291 -31.524471 122.078585 78.171734
1292 -31.484890 121.695758 78.171734
1293 -31.482198 121.421403 78.171734
1294 -31.528723 121.089704 78.171734
1295 -31.549121 120.775565 78.171734
1296 -31.540108 120.440704 78.171734
1307 -31.447153 116.703356 78.171734
1308 -31.407619 116.270183 78.171734
1309 -31.396501 116.090531 78.171734
1310 -31.375068 115.621095 78.171734
1311 -31.377906 115.441118 78.171734
1312 -31.382049 114.971137 78.171734
1313 -31.388827 114.791272 78.171734
1314 -31.388917 114.321273 78.171734
1315 -31.394451 114.141369 78.171734
1316 -31.392621 113.701372 78.171734
1317 -31.388987 113.186387 78.171734
1329 -31.971857 108.584427 78.171734
1330 -32.099680 108.353477 78.171734
1331 -32.144149 107.971981 78.171734
1332 -32.135368 107.722888 78.171734
1333 -32.086531 107.356313 78.171734
1334 -32.066835 106.811738 78.171734
1335 -32.066443 106.341789 78.171734
1336 -32.048854 105.867280 78.171734
1337 -32.010367 105.616115 78.171734
1338 -31.863310 105.260551 78.171734
1339 -31.717024 104.953983 78.171734
1350 -30.974848 100.293397 78.171734
1351 -30.969897 100.063450 78.171734
1352 -31.003837 99.610441 78.171734
1353 -31.073742 99.439347 78.171734
1354 -31.203040 98.988421 78.171734
1355 -31.257918 98.526948 78.171734
1356 -31.261761 98.096967 78.171734
1357 -31.290493 97.863800 78.171734
1358 -31.363262 97.414660 78.171734
1359 -31.416512 97.242782 78.171734
1360 -31.520696 96.784531 78.171734
1372 -33.563691 93.390523 78.171734
1373 -33.563691 93.390523 78.171734
1374 -33.563691 93.390523 78.171734
1375 -33.628789 93.368860 78.171734
1376 -33.754441 93.455115 78.171734
1377 -33.848993 93.845808 78.171734
1378 -33.867646 94.072917 78.171734
1379 -33.868643 94.457913 78.171734
1380 -33.903435 94.976238 78.171734
1381 -34.115171 95.521565 78.171734
1382 -34.598297 95.941908 78.171734
1393 -41.878108 95.850803 78.171734
1394 -41.942921 95.845872 78.171734
1395 -41.942921 95.845872 78.171734
1396 -41.910828 95.922738 78.171734
1397 -41.598162 96.031962 78.171734
1398 -40.995661 96.018139 78.171734
1399 -40.362423 95.873821 78.171734
1400 -39.798888 95.557122 78.171734
1401 -39.643010 95.385424 78.171734
1402 -39.421101 95.077341 78.171734
1403 -39.262706 94.681759 78.171734
1415 -39.177674 91.850455 78.171734
1416 -39.069217 91.726914 78.171734
1417 -38.829617 91.318091 78.171734
1418 -38.700813 90.867360 78.171734
1419 -38.676638 90.648710 78.171734
1431 -38.663191 90.504335 78.171734
1432 -38.573309 90.450522 78.171734
1433 -38.175028 90.363208 78.171734
1434 -37.535792 90.382184 78.171734
1435 -36.891498 90.446392 78.171734
1436 -36.250684 90.507136 78.171734
1437 -35.606417 90.571190 78.171734
1438 -35.250040 90.622029 78.171734
1439 -35.240360 90.619520 78.171734
1440 -34.981284 90.564608 78.171734
1441 -34.427391 90.604831 78.171734
1453 -33.137497 94.704932 78.171734
1454 -32.984604 95.040472 78.171734
1455 -32.522153 95.339503 78.171734
1456 -31.896521 95.226280 78.171734
1457 -31.467975 94.773216 78.171734
1458 -31.219034 94.320565 78.171734
1459 -31.059546 93.822349 78.171734
1460 -30.950787 93.303649 78.171734
1461 -30.859998 92.819634 78.171734
1462 -30.772385 92.335137 78.171734
1463 -30.703219 91.857766 78.171734
1475 -29.241184 87.659529 78.171734
1476 -29.214889 87.426301 78.171734
1477 -29.243254 86.982313 78.171734
1478 -29.287964 86.554720 78.171734
1479 -29.283187 86.319780 78.171734
1480 -29.263352 85.875222 78.171734
1481 -29.254822 85.355372 78.171734
1482 -29.225300 84.816180 78.171734
1483 -29.201527 84.371815 78.171734
1484 -29.189043 83.852074 78.171734
1485 -29.152252 83.313329 78.171734
1496 -29.034756 78.641674 78.171734
1497 -29.025814 78.361833 78.171734
1498 -29.073456 77.834242 78.171734
1499 -29.104353 77.672163 78.171734
1500 -29.145503 77.214484 78.171734
1501 -29.131386 76.734775 78.171734
1502 -29.097923 76.323682 78.171734
1503 -29.078008 76.109611 78.171734
1504 -29.039318 75.611204 78.171734
1505 -29.030636 75.131317 78.171734
1506 -29.003803 74.667192 78.171734
1518 -28.866884 70.400812 78.171734
1519 -28.898388 69.942264 78.171734
1520 -28.950927 69.772773 78.171734
1521 -29.045374 69.303009 78.171734
1522 -29.026827 69.126845 78.171734
1523 -28.954247 68.652540 78.171734
1524 -28.944485 68.475309 78.171734
1525 -28.925042 67.995735 78.171734
1526 -28.932447 67.860938 78.171734
1527 -28.944073 67.426181 78.171734
1528 -28.918536 66.961993 78.171734
1540 -28.744572 62.540157 78.171734
1541 -28.701684 62.052378 78.171734
1542 -28.511745 61.494649 78.171734
1543 -28.180179 60.983420 78.171734
1544 -27.944524 60.642084 78.171734
1545 -27.944524 60.642084 78.171734
1546 -27.944524 60.642084 78.171734
1547 -27.934065 60.625036 78.171734
1548 -27.798719 60.397265 78.171734
1549 -27.603528 59.942545 78.171734
1550 -27.491211 59.658979 78.171734
1562 -27.400604 59.436757 78.171734
1563 -27.400604 59.436757 78.171734
1564 -27.446074 59.268221 78.171734
1565 -27.760162 58.985136 78.171734
1566 -28.315182 58.751373 78.171734
1567 -28.952022 58.622438 78.171734
1568 -29.592032 58.508949 78.171734
1569 -30.230972 58.389604 78.171734
1570 -30.861609 58.233639 78.171734
1571 -31.478088 58.028175 78.171734
1572 -32.080318 57.783788 78.171734
1585 -38.888334 53.610261 78.171734
1586 -38.902604 53.596248 78.171734
1587 -39.010408 53.623849 78.171734
1588 -39.102302 53.920630 78.171734
1589 -38.800104 54.393052 78.171734
1590 -38.302817 54.784608 78.171734
1591 -37.699216 55.021677 78.171734
1592 -37.068757 55.179520 78.171734
1593 -36.434968 55.323774 78.171734
1594 -35.808087 55.494716 78.171734
1595 -35.203724 55.733018 78.171734
1609 -26.853308 58.551544 78.171734
1610 -26.843506 58.549565 78.171734
1611 -26.713287 58.410323 78.171734
1612 -26.786240 58.001708 78.171734
1613 -26.956332 57.824016 78.171734
1614 -26.988443 57.819061 78.171734
1615 -27.254022 57.771337 78.171734
1616 -27.504199 57.641027 78.171734
1617 -27.706097 57.256784 78.171734
1618 -27.734678 57.012764 78.171734
1619 -27.685901 56.651048 78.171734
1633 -23.804449 51.557770 78.171734
1634 -23.793937 51.547070 78.171734
1635 -23.823912 51.482217 78.171734
1636 -24.131927 51.386630 78.171734
1637 -24.710852 51.558926 78.171734
1638 -25.255288 51.909575 78.171734
1639 -25.704058 52.326272 78.171734
1640 -26.162820 52.703687 78.171734
1641 -26.711548 52.884694 78.171734
1642 -27.200399 52.732190 78.171734
1643 -27.618146 52.261755 78.171734
1658 -28.021842 46.118651 78.171734
1659 -28.067481 45.941009 78.171734
1660 -28.367625 45.634236 78.171734
1661 -28.928089 45.367690 78.171734
1662 -29.555918 45.200143 78.171734
1663 -30.194452 45.078630 78.171734
1664 -30.831952 44.951882 78.171734
1665 -31.460975 44.789328 78.171734
1666 -32.065313 44.550857 78.171734
1667 -32.653060 44.273327 78.171734
1668 -33.237413 43.988698 78.171734
1683 -35.241459 42.526232 78.171734
1684 -35.241459 42.526232 78.171734
1685 -35.289581 42.437989 78.171734
1686 -35.605575 42.332280 78.171734
1687 -36.173044 42.325792 78.171734
1688 -36.814200 42.415746 78.171734
1689 -37.456302 42.498668 78.171734
1690 -38.102187 42.542930 78.171734
1691 -38.747036 42.550674 78.171734
1692 -39.394141 42.528339 78.171734
1693 -40.041150 42.503132 78.171734
1709 -46.641899 40.862484 78.171734
1710 -46.617954 40.840576 78.171734
1711 -46.344007 40.761332 78.171734
1712 -45.784163 40.890352 78.171734
1713 -45.191270 41.156178 78.171734
1714 -44.615881 41.442027 78.171734
1715 -44.059925 41.778334 78.171734
1716 -43.516923 42.135583 78.171734
1717 -42.945539 42.444129 78.171734
1718 -42.336423 42.670093 78.171734
1719 -41.707092 42.832215 78.171734
1736 -31.440392 45.563227 78.171734
1737 -31.409102 45.617330 78.171734
1738 -31.409102 45.617330 78.171734
1739 -31.443267 45.653652 78.171734
1740 -31.512838 45.692409 78.171734
1741 -31.562728 45.691935 78.171734
1742 -31.626112 45.663267 78.171734
1743 -31.740344 45.457126 78.171734
1744 -31.747057 44.925554 78.171734
1745 -31.688753 44.488297 78.171734
1746 -31.579394 43.962334 78.171734
1763 -34.024472 36.827389 78.171734
1764 -34.154035 36.837727 78.171734
1765 -34.181930 36.903083 78.171734
1766 -34.100729 37.042206 78.171734
1767 -33.680054 37.124344 78.171734
1768 -33.051126 37.080420 78.171734
1769 -32.423429 36.931766 78.171734
1770 -31.890028 36.567357 78.171734
1771 -31.526657 36.068170 78.171734
1772 -31.461972 35.906132 78.171734
1773 -31.426719 35.580809 78.171734
1791 -30.304089 27.857594 78.171734
1792 -30.293504 27.824233 78.171734
1793 -30.317879 27.794163 78.171734
1794 -30.432469 27.783743 78.171734
1795 -30.540957 27.966811 78.171734
1796 -30.615884 28.455407 78.171734
1797 -30.608797 28.912636 78.171734
1798 -30.620716 29.202021 78.171734
1799 -30.695214 29.579506 78.171734
1800 -30.898314 30.094246 78.171734
1801 -31.305976 30.511047 78.171734
1820 -38.578776 30.749483 78.171734
1821 -38.580715 30.739673 78.171734
1822 -38.622594 30.685396 78.171734
1823 -38.622064 30.684805 78.171734
1824 -38.622064 30.684805 78.171734
1825 -38.741261 30.764717 78.171734
1826 -39.024395 30.994966 78.171734
1827 -39.553151 31.246692 78.171734
1828 -40.199012 31.235238 78.171734
1829 -40.833302 31.096782 78.171734
1830 -41.446417 30.888712 78.171734
1850 -47.872825 28.360979 78.171734
1851 -47.794600 28.312259 78.171734
1852 -47.411490 28.267470 78.171734
1853 -46.808133 28.440979 78.171734
1854 -46.211580 28.699013 78.171734
1855 -45.614906 28.956839 78.171734
1856 -45.017813 29.213654 78.171734
1857 -44.410317 29.444495 78.171734
1858 -43.794676 29.653002 78.171734
1859 -43.190022 29.884466 78.171734
1860 -42.585180 30.122460 78.171734
1881 -30.843728 34.514546 78.171734
1882 -30.706014 34.937494 78.171734
1883 -30.652543 35.145451 78.171734
1884 -30.475969 35.607854 78.171734
1885 -30.364129 35.944697 78.171734
1886 -30.231162 36.173820 78.171734
1887 -29.992613 36.641096 78.171734
1888 -29.813951 37.097353 78.171734
1889 -29.711392 37.286253 78.171734
1890 -29.501810 37.678689 78.171734
1891 -29.420405 37.877678 78.171734
1913 -22.322087 45.217486 78.171734
1914 -22.322087 45.217486 78.171734
1915 -22.292128 45.177833 78.171734
1916 -22.319905 44.856057 78.171734
1917 -22.811624 44.535926 78.171734
1918 -23.449014 44.426452 78.171734
1919 -24.092667 44.356025 78.171734
1920 -24.736661 44.269784 78.171734
1921 -25.374031 44.142489 78.171734
1922 -25.999240 43.975084 78.171734
1923 -26.597649 43.722918 78.171734
1944 -29.346777 35.054517 78.171734
1945 -29.422197 34.832027 78.171734
1946 -29.534793 34.335302 78.171734
1947 -29.573793 33.939818 78.171734
1948 -29.561588 33.675169 78.171734
1949 -29.579536 33.205907 78.171734
1950 -29.646603 32.766033 78.171734
1951 -29.712490 32.561726 78.171734
1952 -29.863408 32.143203 78.171734
1953 -29.903968 31.932086 78.171734
1954 -30.005171 31.498799 78.171734
1976 -35.010252 23.889041 78.171734
1977 -35.010252 23.889041 78.171734
1978 -34.963410 23.825959 78.171734
1979 -34.784442 23.767490 78.171734
1980 -34.657839 23.789026 78.171734
1981 -34.667681 23.787105 78.171734
1982 -34.667681 23.787105 78.171734
1983 -34.667681 23.787105 78.171734
1984 -34.667681 23.787105 78.171734
1985 -34.667681 23.787105 78.171734
1986 -34.667681 23.787105 78.171734
2008 -30.919586 25.004778 78.171734
2009 -30.919586 25.004778 78.171734
2010 -30.941744 24.971777 78.171734
2011 -31.038940 24.945417 78.171734
2012 -31.196738 25.110776 78.171734
2013 -31.316147 25.609322 78.171734
2014 -31.300680 25.858821 78.171734
2015 -31.150567 26.185806 78.171734
2016 -31.036685 26.686740 78.171734
2017 -31.021850 26.963307 78.171734
2018 -31.057689 27.271173 78.171734
2040 -31.023114 35.026028 78.171734
2041 -31.023114 35.026028 78.171734
2042 -30.913594 35.080254 78.171734
2043 -30.682093 34.974790 78.171734
2044 -30.543848 34.474101 78.171734
2045 -30.546599 34.219724 78.171734
2046 -30.581724 33.836454 78.171734
2047 -30.530010 33.315738 78.171734
2048 -30.378206 32.813447 78.171734
2049 -30.191937 32.322615 78.171734
2050 -30.066287 32.006868 78.171734
2072 -28.366720 24.125994 78.171734
2073 -28.350987 23.642537 78.171734
2074 -28.611624 23.060571 78.171734
2075 -29.144302 22.691434 78.171734
2076 -29.741686 22.436971 78.171734
2077 -30.335702 22.173975 78.171734
2078 -30.893063 21.840665 78.171734
2079 -31.409368 21.446095 78.171734
2080 -31.904550 21.025064 78.171734
2081 -32.388783 20.591477 78.171734
2082 -32.870764 20.155405 78.171734
2105 -36.501164 15.513949 78.171734
2106 -36.501164 15.513949 78.171734
2107 -36.501164 15.513949 78.171734
2108 -36.501164 15.513949 78.171734
2109 -36.501164 15.513949 78.171734
2110 -36.501164 15.513949 78.171734
2111 -36.501164 15.513949 78.171734
2112 -36.501164 15.513949 78.171734
2113 -36.501164 15.513949 78.171734
2114 -36.501164 15.513949 78.171734
2115 -36.501164 15.513949 78.171734
2139 -32.157930 17.806826 78.171734
2140 -31.641505 17.840148 78.171734
2141 -30.995071 17.877279 78.171734
2142 -30.348717 17.915772 78.171734
2143 -29.705028 17.956825 78.171734
2144 -29.060172 18.014523 78.171734
2145 -28.414622 18.090265 78.171734
2146 -27.774646 18.170590 78.171734
2147 -27.129785 18.252106 78.171734
2148 -26.488751 18.343157 78.171734
2149 -25.845289 18.435048 78.171734
2162 -22.345577 18.829554 78.171734
2163 -22.253951 18.774082 78.171734
2164 -21.912725 18.733198 78.171734
2165 -21.340803 18.836389 78.171734
2166 -20.701112 18.936342 78.171734
2167 -20.056477 18.995697 78.171734
2168 -19.409493 19.021057 78.171734
2169 -18.762098 19.021633 78.171734
2170 -18.115556 18.987642 78.171734
2171 -17.469021 18.952302 78.171734
2172 -16.824928 18.918108 78.171734
2196 -7.954798 18.304743 78.171734
2197 -7.954798 18.304743 78.171734
2198 -7.946172 18.309802 78.171734
2199 -7.838090 18.521371 78.171734
2200 -7.979850 18.821306 78.171734
2201 -8.535537 19.006771 78.171734
2202 -9.185302 19.020223 78.171734
2203 -9.832344 19.078991 78.171734
2204 -10.467364 19.204635 78.171734
2205 -11.095689 19.370876 78.171734
2206 -11.713709 19.571804 78.171734
2222 -18.124235 24.640798 78.171734
2223 -18.113956 24.657930 78.171734
2224 -17.932838 24.734161 78.171734
2225 -17.470365 24.614651 78.171734
2226 -17.316986 24.559137 78.171734
2227 -17.235415 24.464498 78.171734
2228 -17.034747 24.241929 78.171734
2229 -16.678760 24.058973 78.171734
2230 -16.444898 24.053830 78.171734
2231 -16.427363 24.063448 78.171734
2232 -16.217435 24.168762 78.171734
2262 -8.598573 26.846188 78.171734
2263 -8.620501 26.879583 78.171734
2264 -8.670087 26.878514 78.171734
2265 -8.797138 26.750087 78.171734
2266 -8.846229 26.410523 78.171734
2267 -8.836816 25.924943 78.171734
2268 -8.803292 25.549021 78.171734
2269 -8.807404 25.304055 78.171734
2270 -8.827747 24.869570 78.171734
2271 -8.885714 24.662918 78.171734
2272 -9.004457 24.208668 78.171734
2302 -25.632878 19.421799 78.171734
2303 -26.273206 19.349597 78.171734
2304 -26.920590 19.340079 78.171734
2305 -27.566047 19.291742 78.171734
2306 -28.208221 19.191670 78.171734
2307 -28.846475 19.068775 78.171734
2308 -29.482348 18.934005 78.171734
2309 -30.119233 18.804197 78.171734
2310 -30.755693 18.672240 78.171734
2311 -31.388829 18.536663 78.171734
2312 -32.027070 18.413700 78.171734
2343 -45.397365 9.893435 78.171734
2344 -45.361785 9.836662 78.171734
2345 -45.093676 9.746556 78.171734
2346 -44.549492 9.928723 78.171734
2347 -43.982826 10.245101 78.171734
2348 -43.460995 10.632559 78.171734
2349 -42.944724 11.027478 78.171734
2350 -42.418020 11.408286 78.171734
2351 -41.888967 11.785895 78.171734
2352 -41.372440 12.180364 78.171734
2353 -40.877927 12.602118 78.171734
2384 -22.742290 17.744660 78.171734
2385 -22.733340 17.749121 78.171734
2386 -22.651445 17.817510 78.171734
2387 -22.625843 17.860407 78.171734
2388 -22.634455 17.926858 78.171734
2389 -22.765271 18.039157 78.171734
2390 -23.220757 18.087941 78.171734
2391 -23.867069 18.055901 78.171734
2392 -24.511469 17.992615 78.171734
2393 -25.157398 17.948507 78.171734
2394 -25.804518 17.926789 78.171734
2425 -36.400107 11.102814 78.171734
2426 -36.425439 10.648857 78.171734
2427 -36.483015 10.453475 78.171734
2428 -36.612739 10.018412 78.171734
2429 -36.613644 9.824453 78.171734
2430 -36.560882 9.422950 78.171734
2431 -36.532319 8.918872 78.171734
2432 -36.541971 8.719106 78.171734
2433 -36.552423 8.224236 78.171734
2434 -36.552642 7.694240 78.171734
2435 -36.545749 7.489388 78.171734
2466 -33.697505 0.311152 78.171734
2467 -33.601058 0.254599 78.171734
2468 -33.224790 0.222869 78.171734
2469 -32.604759 0.277495 78.171734
2470 -31.960254 0.339683 78.171734
2471 -31.314961 0.392361 78.171734
2472 -30.668036 0.419130 78.171734
2473 -29.958258 0.436884 78.171734
2474 -29.310974 0.453600 81.393000
2475 -28.663878 0.476379 81.393000
2476 -28.017042 0.505466 81.393000
2495 -17.378450 1.318809 88.073267
2496 -17.378450 1.318809 88.073267
2497 -17.344632 1.260870 88.073267
2498 -17.425846 1.119139 88.073267
2499 -17.845526 1.029822 88.073267
2500 -18.487819 1.036101 88.073267
2501 -19.136447 0.999389 88.073267
2502 -19.779274 0.904855 88.055099
2503 -20.412967 0.771942 88.055099
2504 -21.045274 0.621634 88.055099
2505 -21.670567 0.444205 88.055099
2538 -29.440682 -9.759123 96.409649
2539 -29.440682 -9.759123 96.409649
2540 -29.486325 -9.760843 97.404417
2541 -29.630439 -9.619065 97.404417
2542 -29.701723 -9.138609 97.404417
2543 -29.660487 -8.956663 98.322025
2544 -29.484320 -8.553682 98.322025
2545 -29.431457 -8.371323 98.322025
2546 -29.327718 -7.944101 98.322025
2547 -29.275125 -7.462097 98.322025
2548 -29.209110 -6.936396 98.322025
2568 -25.126154 -0.857453 98.322025
2569 -24.478685 -0.851232 98.322025
2570 -23.832198 -0.792536 98.322025
2571 -23.203360 -0.632134 98.322025
2572 -22.621223 -0.378727 98.322025
2573 -22.004751 -0.203475 98.322025
2574 -21.359825 -0.152480 98.322025
2575 -20.712883 -0.175577 98.322025
2576 -20.067423 -0.226912 98.322025
2577 -19.422415 -0.283535 98.322025
2578 -18.779471 -0.360155 98.322025
2614 -7.713036 -5.462698 98.322025
2615 -7.589692 -5.535044 98.322025
2616 -7.187360 -5.560477 98.322025
2617 -6.574495 -5.458929 98.322025
2618 -5.931149 -5.387063 98.322025
2619 -5.219033 -5.367279 98.322025
2620 -4.574073 -5.360078 98.322025
2621 -3.926574 -5.359664 98.322025
2622 -3.279074 -5.359591 98.322025
2623 -2.631658 -5.353161 98.322025
2624 -1.988809 -5.263285 98.322025
2662 6.111712 -4.793791 98.322025
2663 6.111712 -4.793791 98.322025
2664 6.072385 -4.867740 98.322025
2665 5.755389 -4.974100 98.322025
2666 5.162779 -4.928305 98.322025
2667 4.522245 -4.817898 98.322025
2668 3.882695 -4.717319 98.322025
2669 3.240574 -4.656996 98.322025
2670 2.594268 -4.618300 98.322025
2671 1.946917 -4.612209 98.322025
2672 1.299543 -4.620761 98.322025
2695 -12.870085 -2.601455 98.322025
2696 -13.346300 -2.164891 98.322025
2697 -13.715921 -1.734387 98.322025
2698 -13.715921 -1.734387 98.322025
2699 -13.764764 -1.550774 98.322025
2700 -13.862253 -1.251690 98.322025
2701 -13.984179 -1.063703 98.322025
2702 -14.324007 -0.882675 98.322025
2703 -14.947501 -0.831419 98.322025
2704 -15.593476 -0.874493 98.322025
2705 -16.239017 -0.924608 98.322025
2746 -32.940611 -10.496242 98.340737
2747 -33.587148 -10.462702 98.340737
2748 -34.233561 -10.426038 98.702080
2749 -34.880960 -10.418761 98.702080
2750 -35.525496 -10.441114 98.702080
2751 -36.171508 -10.484630 98.702080
2752 -36.815355 -10.550655 98.702080
2753 -37.447160 -10.702133 98.702080
2754 -38.050577 -10.942448 98.702080
2755 -38.659310 -11.152325 98.702080
2756 -39.294674 -11.262767 98.702080
2798 -40.907180 -11.526817 98.817511
2799 -40.907180 -11.526817 98.817511
2800 -40.889622 -11.517289 98.817511
2801 -40.776024 -11.290541 98.817511
2802 -40.834450 -10.752352 98.817511
2803 -40.964346 -10.349101 98.817511
2804 -41.002537 -10.175778 98.817511
2805 -41.088847 -9.703938 98.817511
2806 -41.100480 -9.541855 98.817511
2807 -41.123323 -9.102503 98.702080
2808 -41.123157 -8.622629 98.702080
2851 -41.002522 -7.026194 98.702080
2852 -41.002522 -7.026194 98.702080
2853 -41.058144 -7.098513 98.702080
2854 -41.394037 -7.130049 98.702080
2855 -41.772309 -6.710242 98.702080
2856 -41.810737 -6.439516 98.702080
2857 -41.804294 -6.084593 98.702080
2858 -41.833622 -5.756666 98.702080
2859 -41.931840 -5.415555 98.702080
2860 -42.150322 -4.862875 98.702080
2861 -42.432487 -4.350759 98.702080
2904 -44.739385 1.541330 98.702080
2905 -44.669040 1.394679 98.702080
2906 -44.687795 0.940808 98.702080
2907 -44.759182 0.516849 98.702080
2908 -44.777087 0.282533 98.702080
2909 -44.788703 -0.197141 98.702080
2910 -44.765043 -0.671430 98.702080
2911 -44.710234 -0.840053 98.702080
2912 -44.558436 -1.295409 98.702080
2913 -44.404115 -1.776239 98.702080
2914 -44.365921 -1.952135 98.702080
2958 -29.400444 -7.252871 98.702080
2959 -29.359527 -7.122058 98.702080
2960 -29.280133 -6.781208 98.702080
2961 -29.156774 -6.278633 98.702080
2962 -29.083083 -6.114547 98.702080
2963 -28.889996 -5.702699 98.702080
2964 -28.746637 -5.208758 98.702080
2965 -28.710014 -5.032529 98.702080
2966 -28.583634 -4.564308 98.702080
2967 -28.425754 -4.074428 98.702080
2968 -28.343268 -3.835810 98.702080
3012 -3.861067 2.007885 98.702080
3013 -3.619511 2.043007 98.702080
3057 -3.354637 1.896709 98.702080
3058 -3.354637 1.896709 98.702080
3059 -3.354637 1.896709 98.702080
3060 -3.354637 1.896709 98.702080
3061 -3.354637 1.896709 98.702080
3062 -3.374296 1.962562 98.702080
3063 -3.596149 2.063286 98.702080
3064 -4.135869 2.069032 98.702080
3065 -4.784489 2.109514 98.702080
3066 -5.426918 2.167025 98.702080
3067 -6.073549 2.173667 98.702080
3112 -29.259424 -5.395508 98.702080
3113 -29.393084 -5.814654 98.702080
3114 -29.518351 -6.048037 98.702080
3115 -29.762318 -6.495536 98.702080
3116 -29.919204 -6.969502 98.702080
3117 -30.042875 -7.459040 98.702080
3118 -30.140047 -7.758065 98.702080
3119 -30.299138 -8.086462 98.702080
3120 -30.456019 -8.559977 98.702080
3121 -30.531284 -8.864916 98.702080
3122 -30.674823 -9.173098 98.702080
3166 -54.122053 -11.362904 98.757990
3167 -54.041098 -11.444578 98.757990
3168 -53.937582 -11.508375 98.757990
3169 -53.493559 -11.571192 98.757990
3170 -52.983685 -11.579506 98.757990
3171 -52.208849 -11.564145 98.757990
3172 -51.561542 -11.548309 98.757990
3173 -50.914183 -11.535141 98.757990
3174 -50.331725 -11.528395 98.757990
3175 -49.619243 -11.523343 98.757990
3176 -48.974247 -11.522342 98.757990
3221 -30.693868 -3.676035 98.757990
3222 -30.723636 -3.302295 98.757990
3223 -30.763871 -3.005488 98.757990
3224 -30.881021 -2.670423 98.757990
3225 -31.047459 -2.209616 98.757990
3226 -31.217989 -1.681536 98.757990
3227 -31.474225 -1.132122 98.757990
3228 -31.855281 -0.626108 98.757990
3229 -32.268407 -0.142243 98.757990
3230 -32.692828 0.336774 98.757990
3231 -33.135076 0.806283 98.757990
3276 -36.297933 16.315345 98.757990
3277 -36.292458 16.500264 98.757990
3278 -36.263139 16.853722 98.757990
3279 -36.120939 17.393619 98.757990
3280 -35.790922 17.942705 98.757990
3281 -35.363305 18.431487 98.757990
3282 -34.893569 18.880675 98.757990
3283 -34.410692 19.315785 98.757990
3284 -33.919833 19.741877 98.757990
3285 -33.433976 20.173640 98.757990
3286 -32.956151 20.610597 98.757990
3331 -31.065852 37.686628 98.757990
3332 -31.059159 38.051501 98.757990
3333 -31.054037 38.526368 98.757990
3334 -31.059447 38.996242 98.757990
3335 -31.071548 39.470936 98.757990
3336 -31.095871 39.940158 98.757990
3337 -31.102602 40.410051 98.757990
3338 -31.102319 40.864968 98.757990
3339 -31.127020 41.324232 98.757990
3340 -31.151944 41.793352 98.757990
3341 -31.156697 42.263270 98.757990
3386 -46.516169 50.446678 98.757990
3387 -46.516169 50.446678 98.757990
3388 -46.516169 50.446678 98.757990
3389 -46.456501 50.362265 98.757990
3390 -46.122989 50.301614 98.757990
3391 -45.606531 50.619036 98.757990
3392 -45.178199 51.097604 98.757990
3393 -44.753080 51.582644 98.757990
3394 -44.316879 52.037108 98.757990
3395 -43.787437 52.360336 98.757990
3396 -43.147120 52.384877 98.757990
3441 -31.356747 40.625167 98.757990
3442 -31.363930 40.431758 98.757990
3443 -31.472127 40.062533 98.757990
3444 -31.514978 39.736203 98.757990
3445 -31.475648 39.408611 98.757990
3446 -31.439747 38.865027 98.757990
3447 -31.449900 38.633012 98.757990
3448 -31.481785 38.209233 98.757990
3449 -31.490132 37.724492 98.757990
3450 -31.485372 37.189513 98.757990
3451 -31.489396 36.709595 98.757990
3496 -36.256183 17.187629 98.757990
3497 -36.256183 17.187629 98.757990
3498 -36.252997 17.178150 98.757990
3499 -36.235280 17.142708 98.757990
3500 -36.183708 17.107985 98.757990
3501 -36.114035 17.109898 98.757990
3502 -36.103410 17.109751 98.757990
3503 -36.053714 17.159049 98.757990
3504 -35.806116 17.413378 98.757990
3505 -35.442503 17.902143 98.757990
3506 -35.347227 18.088844 98.757990
3552 -30.881624 35.141244 98.757990
3553 -30.901957 35.419646 98.757990
3554 -30.994536 35.762165 98.757990
3555 -31.040881 36.068373 98.757990
3556 -31.053725 36.373103 98.757990
3557 -31.074347 36.887687 98.757990
3558 -31.078786 37.202551 98.757990
3559 -31.062255 37.507099 98.757990
3560 -31.053112 37.851932 98.757990
3561 -31.058904 38.156877 98.757990
3562 -31.064056 38.501813 98.757990
3607 -31.321835 54.350067 98.757990
3608 -31.321835 54.350067 98.757990
3609 -31.321835 54.350067 98.757990
3610 -31.261629 54.322812 98.757990
3611 -31.164878 54.025617 98.757990
3612 -31.170610 53.486791 98.757990
3613 -31.216582 53.319315 98.757990
3614 -31.342529 52.961196 98.757990
3615 -31.407026 52.416038 98.757990
3616 -31.380347 52.253309 98.757990
3617 -31.327247 51.786687 98.757990
3663 -31.065664 34.518718 98.757990
3664 -31.060143 34.304202 98.757990
3665 -31.120691 33.850748 98.757990
3666 -31.182814 33.650283 98.757990
3667 -31.279858 33.175955 98.757990
3668 -31.293180 32.696481 98.757990
3669 -31.273539 32.296963 98.757990
3670 -31.245996 32.038443 98.757990
3671 -31.213303 31.579608 98.757990
3672 -31.162061 31.102637 98.757990
3673 -31.058195 30.588017 98.757990
3718 -42.373166 11.982572 98.757990
3719 -42.918397 11.631477 98.757990
3720 -43.514342 11.372790 98.757990
3721 -44.123174 11.145225 98.757990
3722 -44.735464 10.927104 98.757990
3723 -45.353195 10.724946 98.757990
3724 -45.976039 10.539075 98.757990
3725 -46.595350 10.341871 98.757990
3726 -47.201115 10.106359 98.757990
3727 -47.799384 9.852256 98.757990
3728 -48.455508 9.568188 98.757990
3773 -52.427320 6.863123 98.757990
3774 -52.427320 6.863123 98.757990
3775 -52.427320 6.863123 98.757990
3776 -52.498030 6.830396 98.757990
3777 -52.615109 6.896434 98.757990
3778 -52.688546 7.229956 98.757990
3779 -52.654719 7.762707 98.757990
3780 -52.546678 8.240562 98.757990
3781 -52.482237 8.645378 98.757990
3782 -52.429512 8.853796 98.757990
3783 -52.361805 9.283010 98.757990
3829 -53.059579 16.922841 98.757990
3830 -52.904202 16.760180 98.757990
3831 -52.633918 16.329973 98.757990
3832 -52.559450 16.112384 98.757990
3833 -52.394708 15.672215 98.757990
3834 -52.307568 15.459363 98.757990
3835 -52.146902 15.017790 98.757990
3836 -52.061061 14.804409 98.757990
3837 -51.895556 14.364533 98.757990
3838 -51.796561 14.156998 98.757990
3839 -51.578547 13.734986 98.757990
3886 -26.745928 19.079375 98.757990
3887 -26.745928 19.079375 98.757990
3888 -26.721099 19.015417 98.757990
3889 -26.763669 18.923855 98.757990
3890 -27.169968 18.808766 98.757990
3891 -27.791932 18.827661 98.757990
3892 -28.437002 18.882444 98.757990
3893 -29.019348 18.882791 98.757990
3894 -29.728754 18.819050 98.757990
3895 -30.368401 18.718891 98.757990
3896 -31.004644 18.586033 98.757990
3943 -32.080859 -0.957929 98.757990
3944 -31.699959 -1.367903 98.757990
3945 -31.397782 -1.850113 98.757990
3946 -31.250776 -2.181269 98.757990
3947 -31.131615 -2.494351 98.757990
3948 -30.960795 -2.990484 98.757990
3949 -30.872149 -3.456515 98.757990
3950 -30.818796 -3.948580 98.757990
3951 -30.772193 -4.178878 98.757990
3952 -30.698012 -4.673055 98.757990
3953 -30.676966 -5.167308 98.757990
3999 -29.661471 -25.302379 111.794189
4000 -29.667257 -25.321498 111.794189
4001 -29.777629 -25.409054 111.794189
4002 -29.958359 -25.331769 111.794189
4003 -30.111415 -24.888935 113.333228
4004 -30.105815 -24.411557 113.333228
4005 -30.049126 -24.241065 113.333228
4006 -29.916768 -23.816665 113.948500
4007 -29.888643 -23.299226 113.948500
4008 -29.940114 -23.127184 113.948500
4009 -30.084374 -22.669633 113.948500
4037 -39.509630 -18.243557 113.948500
4038 -39.509630 -18.243557 113.948500
4039 -39.509630 -18.243557 113.948500
4040 -39.463821 -18.327785 113.948500
4041 -39.165569 -18.431426 113.948500
4042 -38.495672 -18.378456 113.948500
4043 -37.856102 -18.262573 113.948500
4044 -37.214534 -18.176404 113.948500
4045 -36.568894 -18.127492 113.948500
4046 -35.924954 -18.091305 113.948500
4047 -35.277736 -18.072754 113.948500
4100 -29.786470 -38.356036 124.128082
4101 -29.786470 -38.356036 124.128082
4102 -29.629393 -38.431984 125.539877
4103 -29.393322 -38.374238 125.539877
4104 -29.195147 -37.991137 125.539877
4105 -29.158313 -37.553257 125.539877
4106 -29.090094 -37.349926 126.687414
4107 -28.899045 -36.893290 126.687414
4108 -28.813291 -36.701833 126.687414
4109 -28.605937 -36.342385 126.687414
4110 -28.365444 -35.845610 126.871355
4142 -21.612789 -30.484457 126.871355
4143 -21.583184 -30.584192 126.871355
4144 -21.764838 -30.940738 126.871355
4145 -22.356189 -31.150531 126.871355
4146 -22.998381 -31.233076 126.871355
4147 -23.640167 -31.335934 126.871355
4148 -24.273655 -31.480413 126.871355
4149 -24.898404 -31.659757 126.871355
4150 -25.506849 -31.880004 126.871355
4151 -26.075037 -32.163192 126.871355
4152 -26.274128 -32.273266 126.871355
4211 -44.504555 -23.978972 126.871355
4212 -44.504555 -23.978972 126.871355
4213 -44.504555 -23.978972 126.871355
4214 -44.504555 -23.978972 126.871355
4215 -44.504555 -23.978972 126.871355
4216 -44.504555 -23.978972 126.871355
4217 -44.506793 -23.918407 126.871355
4218 -44.308581 -23.785147 126.871355
4219 -43.766326 -23.743441 126.871355
4220 -43.127100 -23.843260 126.871355
4221 -42.492404 -23.983364 126.871355
4281 -37.217823 -37.943771 126.871355
4282 -37.236121 -37.935748 126.871355
4283 -37.255375 -37.889625 126.871355
4284 -37.133244 -37.671538 126.871355
4285 -36.615949 -37.555294 126.871355
4286 -35.975736 -37.587643 126.871355
4287 -35.336490 -37.673479 126.871355
4288 -34.690446 -37.710168 126.871355
4289 -34.043805 -37.680241 126.871355
4290 -33.398762 -37.601869 126.871355
4291 -32.759144 -37.486201 126.871355
4351 -21.276480 -18.329983 126.871355
4352 -21.239628 -18.517210 126.871355
4353 -21.511976 -18.887958 126.871355
4354 -22.121126 -19.099729 126.871355
4355 -22.757320 -19.219646 126.871355
4356 -23.394542 -19.347886 126.871355
4357 -24.032456 -19.472426 126.871355
4358 -24.654422 -19.659430 126.871355
4359 -25.252625 -19.913212 126.871355
4360 -25.835181 -20.201431 126.871355
4361 -26.351519 -20.476343 126.871355
4423 -27.567484 -44.183448 129.166949
4424 -27.658536 -44.565462 130.482569
4425 -28.096227 -45.012898 130.482569
4426 -28.714789 -45.195084 130.482569
4427 -29.351209 -45.327175 130.482569
4428 -29.982975 -45.479818 132.312739
4429 -30.605194 -45.667291 132.312739
4430 -31.204685 -45.917720 132.312739
4431 -31.784269 -46.211719 132.312739
4432 -32.340015 -46.548128 133.610257
4433 -32.856941 -46.942013 133.610257
4466 -36.211072 -50.913149 137.636118
4467 -36.181733 -51.002626 137.636118
4468 -36.340490 -51.344280 137.636118
4469 -36.821291 -51.749607 137.636118
4470 -37.376007 -52.088190 137.636118
4471 -37.934591 -52.420437 137.636118
4472 -38.565264 -52.878621 137.439808
4473 -38.955873 -53.221728 137.439808
4474 -39.420485 -53.676260 137.439808
4475 -39.878560 -54.137415 137.439808
4476 -40.341327 -54.593827 137.478220
4544 -47.097619 -60.407704 140.258408
4545 -46.977978 -60.521290 140.258408
4546 -46.886256 -60.600586 140.258408
4547 -46.761086 -60.691655 140.258408
4548 -46.358955 -60.818510 140.258408
4549 -45.722364 -60.804482 140.258408
4550 -45.075404 -60.781200 140.258408
4551 -44.427399 -60.828252 140.258408
4552 -43.786106 -60.933239 140.258408
4553 -43.152774 -61.067924 140.258408
4554 -42.517549 -61.193156 140.258408
4625 -29.466967 -64.903849 152.834097
4626 -29.311791 -65.066741 152.834097
4627 -28.987695 -65.385548 152.834097
4628 -28.458364 -65.667261 152.834097
4629 -27.826640 -65.789208 152.834097
4630 -27.179554 -65.801967 152.834097
4631 -26.532476 -65.778805 152.834097
4632 -25.888334 -65.745835 152.834097
4633 -25.241866 -65.709307 153.419755
4634 -24.595387 -65.672954 153.419755
4635 -23.948751 -65.639846 153.419755
4674 -19.776619 -66.081717 153.581838
4675 -19.776619 -66.081717 153.581838
4676 -19.776619 -66.081717 153.581838
4677 -19.776619 -66.081717 153.581838
4678 -19.859795 -66.056107 153.581838
4679 -19.890769 -65.960159 153.581838
4680 -19.784132 -65.834003 153.581838
4681 -19.286699 -65.741041 153.581838
4682 -18.644440 -65.775930 153.581838
4683 -18.004592 -65.857095 153.581838
4684 -17.358511 -65.896964 153.581838
4761 -10.259898 -64.462960 153.594079
4762 -10.259898 -64.462960 153.594079
4763 -10.259898 -64.462960 153.594079
4764 -10.259898 -64.462960 153.594079
4765 -10.259898 -64.462960 153.594079
4766 -10.260336 -64.452970 153.594079
4767 -10.338405 -64.332899 153.594079
4768 -10.686093 -64.267996 153.594079
4769 -11.295585 -64.365511 153.594079
4770 -11.933641 -64.489452 153.594079
4771 -12.565622 -64.641021 153.594079
4848 -32.812119 -76.584902 164.045180
4849 -32.704966 -76.615073 164.045180
4850 -32.611659 -76.590726 164.045180
4851 -32.542399 -76.491289 164.045180
4852 -32.505268 -76.096308 164.045180
4853 -32.507280 -75.588125 164.045180
4854 -32.327934 -75.053877 164.045180
4855 -32.026874 -74.575998 164.045180
4856 -31.898168 -74.433380 164.045180
4857 -31.576186 -74.091252 164.045180
4858 -31.292043 -73.622473 164.045180
4941 -27.676113 -44.850505 164.045180
4942 -27.616406 -44.798517 164.045180
4943 -27.598935 -44.788861 164.045180
4944 -27.547660 -44.807222 164.045180
4945 -27.538971 -44.838483 164.045180
4946 -27.518888 -45.117419 164.045180
4947 -27.535822 -45.647118 164.045180
4948 -27.551464 -45.860125 164.045180
4949 -27.586403 -46.213360 164.045180
4950 -27.590776 -46.497459 164.045180
4951 -27.532073 -46.821897 164.045180
5037 -27.449154 -47.782137 164.045180
5038 -27.449154 -47.782137 164.045180
5039 -27.469097 -47.783260 164.045180
5040 -27.572791 -47.681310 164.045180
5041 -27.700372 -47.297791 164.045180
5042 -27.686756 -46.790840 164.045180
5043 -27.614645 -46.329012 164.045180
5044 -27.631202 -45.864344 164.045180
5045 -27.740006 -45.404654 164.045180
5046 -27.762236 -45.192231 164.045180
5047 -27.686162 -44.820076 164.045180
5134 -16.849916 -44.598256 164.045180
5135 -16.849916 -44.598256 164.045180
5136 -16.982052 -44.690466 164.045180
5137 -17.454326 -44.675463 164.045180
5138 -18.082942 -44.522218 164.045180
5139 -18.704466 -44.340752 164.045180
5140 -19.336781 -44.202897 164.045180
5141 -19.981354 -44.144441 164.045180
5142 -20.626174 -44.148909 164.045180
5143 -21.273078 -44.176675 164.045180
5144 -21.919881 -44.206628 164.045180
5231 -27.542388 -48.163265 164.045180
5232 -27.563391 -48.547083 164.045180
5233 -27.628798 -49.057868 164.045180
5234 -27.682187 -49.529748 164.045180
5235 -27.691289 -49.939644 164.045180
5236 -27.676491 -50.174176 164.045180
5237 -27.665782 -50.629030 164.045180
5238 -27.677989 -50.808615 164.045180
5239 -27.698358 -51.278140 164.045180
5240 -27.695180 -51.458112 164.045180
5241 -27.686881 -51.928038 164.045180
5330 -47.238111 -77.566158 164.045180
5331 -47.049414 -77.661568 164.045180
5332 -46.518384 -77.602214 164.045180
5333 -45.907477 -77.385369 164.045180
5334 -45.346913 -77.056662 164.045180
5335 -44.795322 -76.712836 164.045180
5336 -44.242676 -76.376319 164.045180
5337 -43.635060 -76.165148 164.045180
5338 -42.994018 -76.078545 164.045180
5339 -42.347671 -76.040786 164.045180
5340 -41.701352 -76.002128 164.045180
5429 -18.005244 -53.408870 164.045180
5430 -17.360060 -53.358310 164.045180
5431 -17.345069 -53.357636 164.045180
5432 -17.299272 -53.337569 164.045180
5433 -16.992744 -53.232021 164.045180
5434 -16.439504 -53.234303 164.045180
5435 -15.797762 -53.335700 164.045180
5436 -15.159837 -53.460384 164.045180
5437 -14.519061 -53.552247 164.045180
5438 -13.876416 -53.607102 164.045180
5439 -13.229527 -53.630059 164.045180
5530 -11.987269 -53.565937 164.045180
5531 -11.779202 -53.628488 164.045180
5532 -11.635493 -53.591395 164.045180
5533 -11.472981 -53.413700 164.045180
5534 -11.384324 -52.980317 164.045180
5535 -11.373692 -52.510894 164.045180
5536 -11.182902 -52.015528 164.045180
5537 -11.097397 -51.874413 164.045180
5538 -10.834668 -51.497261 164.045180
5539 -10.532008 -51.080701 164.045180
5540 -10.419304 -50.874557 164.045180
5633 -7.811425 -46.838603 164.045180
5634 -7.791965 -47.106093 164.045180
5635 -8.035366 -47.603943 164.045180
5636 -8.330419 -47.975401 164.045180
5637 -8.545778 -48.146379 164.045180
5638 -8.964911 -48.524522 164.045180
5639 -9.254163 -48.891090 164.045180
5640 -9.368341 -49.130152 164.045180
5641 -9.605861 -49.620578 164.045180
5642 -9.897239 -50.136176 164.045180
5643 -10.216034 -50.650280 164.045180
5736 -19.537176 -62.437404 164.045180
5737 -20.042440 -62.597377 164.045180
5738 -20.665601 -62.772328 164.045180
5739 -21.300015 -62.913755 164.045180
5740 -21.927420 -63.083506 164.045180
5741 -22.551746 -63.264367 164.045180
5742 -23.160954 -63.487840 164.045180
5743 -23.656450 -63.896896 164.045180
5744 -23.977126 -64.352777 164.045180
5745 -24.309954 -64.827624 164.045180
5746 -24.669505 -65.322581 164.045180
5839 -54.769278 -64.527392 164.045180
5840 -54.769278 -64.527392 164.045180
5841 -54.769278 -64.527392 164.045180
5842 -54.824526 -64.534327 164.045180
5843 -54.991521 -64.352321 164.045180
5844 -55.067245 -63.855759 164.045180
5845 -54.990646 -63.379301 164.045180
5846 -54.925079 -63.168205 164.045180
5847 -54.792449 -62.781117 164.045180
5848 -54.777669 -62.528204 164.045180
5849 -54.810899 -62.029340 164.045180
5945 -55.331496 -53.404035 164.045180
5946 -55.122055 -53.822472 164.045180
5947 -55.057404 -54.043183 164.045180
5948 -54.909463 -54.484012 164.045180
5949 -54.784212 -54.931766 164.045180
5950 -54.700923 -55.140746 164.045180
5951 -54.524820 -55.576503 164.045180
5952 -54.326036 -56.048851 164.045180
5953 -54.155796 -56.458634 164.045180
5954 -54.057708 -56.715544 164.045180
5955 -53.852794 -57.215113 164.045180
6053 -29.289640 -72.177987 164.045180
6054 -29.344817 -72.695038 164.045180
6055 -29.353804 -72.954474 164.045180
6056 -29.330274 -73.318713 164.045180
6057 -29.299805 -73.797709 164.045180
6058 -29.293499 -74.257618 164.045180
6059 -29.298410 -74.582579 164.045180
6060 -29.297460 -74.937533 164.045180
6061 -29.290746 -75.262271 164.045180
6062 -29.299826 -75.647152 164.045180
6063 -29.297557 -75.921999 164.045180
6160 -25.020255 -90.868243 175.096834
6161 -25.020255 -90.868243 175.096834
6162 -25.208429 -90.949628 175.096834
6163 -25.640488 -90.714180 175.096834
6164 -25.879998 -90.203138 175.096834
6165 -25.912225 -90.026187 175.096834
6166 -25.968790 -89.670691 175.096834
6167 -26.008889 -89.474758 175.096834
6168 -26.033365 -89.367518 175.096834
6169 -26.054628 -89.280095 175.096834
6170 -26.090099 -89.203070 174.926560
6222 -30.178312 -101.703862 189.473221
6224 -30.354759 -101.852048 189.473221
6225 -30.988829 -101.855562 189.473221
6226 -31.944714 -101.663876 189.473221
6228 -32.840890 -101.540218 189.473221
6229 -33.682300 -101.501108 189.473221
6230 -34.522198 -101.503798 189.473221
6232 -35.426525 -101.538647 189.473221
6233 -36.255786 -101.663722 189.473221
6234 -37.082449 -101.810671 189.473221
6236 -38.046199 -101.894456 189.473221
6292 -41.208437 -102.564019 189.681685
6294 -41.208437 -102.564019 189.681685
6295 -41.237307 -102.556238 189.681685
