7 -55.000000 65.000000 -0.008135
8 -55.000000 64.862500 4.263801
9 -55.000000 64.672500 4.263801
10 -55.000000 64.585000 4.263801
11 -54.970853 64.503366 4.263801
12 -54.778002 64.392916 4.263801
13 -54.263180 64.402655 12.925170
14 -53.617425 64.476174 12.925170
15 -53.118472 64.508322 13.309396
16 -52.893873 64.521753 13.952061
17 -52.848953 64.524439 13.952061
18 -52.831894 64.534867 13.952061
19 -52.816117 64.560348 13.952061
20 -52.828509 64.642716 14.300350
21 -53.016944 64.753918 14.300350
22 -53.496125 64.768693 14.300350
23 -54.138399 64.711488 14.300350
24 -54.781915 64.639813 14.300350
25 -55.425378 64.596402 14.300350
26 -56.072540 64.576012 14.300350
27 -56.719250 64.544621 14.300350
28 -56.911437 64.533638 14.300350
29 -56.934584 64.552570 14.300350
30 -56.901976 64.652100 14.300350
31 -56.604618 64.775101 14.300350
32 -56.029831 64.806065 14.300350
33 -55.382962 64.742491 14.300350
34 -54.739271 64.702931 14.300350
35 -54.091914 64.708629 14.300350
36 -53.446829 64.781959 14.300350
37 -52.817941 64.944644 14.300350
38 -52.219084 65.190431 14.300350
39 -51.607750 65.393602 14.300350
40 -50.965383 65.465392 14.300350
41 -50.315982 65.440657 14.610271
42 -49.676719 65.339580 14.610271
43 -49.042655 65.196973 17.980545
44 -48.414326 65.030697 23.114065
45 -47.901718 64.906604 23.114065
46 -47.622178 64.851113 23.162470
47 -47.553337 64.838429 23.162470
48 -47.493281 64.873533 23.162470
49 -47.345719 65.129789 23.162470
50 -47.356872 65.639842 23.162470
51 -47.463356 66.107850 23.162470
52 -47.527375 66.607729 23.348234
53 -47.499994 67.136393 23.348234
54 -47.416779 67.588699 23.786131
55 -47.283020 68.044132 23.786131
56 -47.158760 68.349688 24.496939
57 -47.013155 68.606230 24.496939
58 -46.883744 68.919611 25.860008
59 -46.884185 69.214114 25.860008
60 -46.950856 69.684182 26.860008
61 -46.987109 69.961655 26.860008
62 -46.992176 70.356581 26.860008
63 -46.994818 70.881572 28.260573
64 -46.944167 71.358004 28.260573
65 -46.812815 71.829895 28.260573
66 -46.647948 72.317684 28.420064
67 -46.491944 72.818895 28.420064
68 -46.418634 73.088968 29.492033
69 -46.325594 73.472834 29.384690
70 -46.279819 73.948520 29.384690
71 -46.346974 74.317022 29.384690
72 -46.465806 74.575985 30.187746
73 -46.604854 75.039131 30.187746
74 -46.649048 75.506617 30.187746
75 -46.661852 75.851305 30.417430
76 -46.653137 76.146171 30.417430
77 -46.665401 76.615761 30.417430
78 -46.723859 77.076791 32.319963
79 -46.767108 77.345762 32.319963
80 -46.795297 77.528574 32.344706
81 -46.795297 77.528574 32.344706
82 -46.795297 77.528574 32.344706
83 -46.845194 77.487768 32.344706
84 -46.891178 77.363674 32.344706
85 -46.813876 77.226467 32.344706
86 -46.432593 77.117857 32.344706
87 -45.825343 77.130978 32.344706
88 -45.177926 77.138519 32.448421
89 -44.530504 77.084000 32.559177
90 -43.889215 76.978979 32.985149
91 -43.253865 76.841771 32.985149
92 -42.618114 76.706715 33.562182
93 -41.981388 76.576069 33.562182
94 -41.346671 76.436197 34.485070
95 -40.722297 76.256474 35.453914
96 -40.122319 76.007925 35.453914
97 -39.545505 75.708357 36.303444
98 -38.986838 75.376221 36.303444
99 -38.424509 75.050227 37.270096
100 -37.952400 74.777948 37.306568
101 -37.712000 74.644425 37.306568
102 -37.602256 74.584582 37.306568
103 -37.435871 74.541165 37.306568
104 -37.037739 74.546440 37.306568
105 -36.722560 74.744854 37.306568
106 -36.508211 75.190074 37.306568
107 -36.377105 75.664654 37.306568
108 -36.268320 76.007552 37.306568
109 -36.119701 76.262368 37.306568
110 -35.828435 76.754769 37.306568
111 -35.433053 77.266841 37.306568
112 -34.988584 77.741072 37.233588
113 -34.529519 78.201168 41.553099
114 -34.420222 78.255150 41.553099
115 -34.004570 78.305602 42.375701
116 -33.367137 78.300963 42.375701
117 -32.719739 78.289574 42.756287
118 -32.075324 78.262263 42.756287
119 -31.429173 78.220507 43.709268
120 -30.783517 78.171681 44.664304
121 -30.140253 78.124395 44.664304
122 -29.494932 78.071320 45.621268
123 -28.849078 78.025541 46.772001
124 -28.205045 77.990246 47.678298
125 -28.130815 77.990417 47.678298
126 -28.018687 78.128489 47.678298
127 -28.041412 78.586720 48.749360
128 -28.154462 79.040913 48.749360
129 -28.301960 79.493255 48.749360
130 -28.352628 79.770383 48.834620
131 -28.398994 80.162572 48.834620
132 -28.423948 80.686924 48.834620
133 -28.447115 81.141248 48.834620
134 -28.466632 81.590633 48.834620
135 -28.451008 82.280348 48.834620
136 -28.451928 82.365343 48.834620
137 -28.456205 82.760320 48.834620
138 -28.461673 83.265290 48.834620
139 -28.463421 83.592719 48.834620
140 -28.450640 83.864895 48.834620
141 -28.450389 84.337268 48.834620
142 -28.457574 84.620877 48.834620
143 -28.457070 85.015876 48.834620
144 -28.456399 85.540876 48.887832
145 -28.453942 85.900793 48.887832
146 -28.454629 86.550426 50.921313
147 -28.461854 86.710263 50.921313
148 -28.486944 87.239668 50.921313
149 -28.501531 87.599298 50.921313
150 -28.498000 87.894267 50.921313
151 -28.499440 88.259232 50.921313
152 -28.519130 88.500930 50.921313
153 -28.532055 89.005707 50.921313
154 -28.532319 89.285656 50.921313
155 -28.534596 89.680622 51.393580
156 -28.547750 90.160376 51.393580
157 -28.560972 90.974961 52.231217
158 -28.559957 90.987420 52.231217
159 -28.547813 91.259613 53.074476
160 -28.585740 91.714293 53.074476
161 -28.668313 92.064547 53.074476
162 -28.752706 92.278160 54.134093
163 -28.808489 92.763907 54.134093
164 -28.814586 93.046291 54.134093
165 -28.812627 93.441286 54.709597
166 -28.808843 93.801192 54.709597
167 -28.796135 94.095873 54.709597
169 -28.810955 94.705234 55.565637
169 -28.816479 94.790055 56.225439
170 -28.867597 95.221834 56.225439
171 -28.938140 95.706647 56.225439
172 -28.979798 96.209733 56.225439
173 -28.990405 96.479490 56.800880
174 -29.001580 96.874331 56.800880
175 -29.024792 97.333672 56.800880
176 -29.049275 97.672655 57.773524
177 -29.047882 97.967646 57.773524
178 -29.054250 98.442533 58.923849
179 -29.060102 98.882361 58.923849
180 -29.058318 99.117354 59.713483
181 -29.069322 99.642200 59.713483
182 -29.083111 100.001930 59.713483
183 -29.108337 100.295847 59.713483
184 -29.122086 100.765485 60.692833
185 -29.117380 101.087934 60.692833
186 -29.105430 101.360165 61.673495
187 -29.102312 101.832530 61.673495
188 -29.107856 102.116175 61.673495
189 -29.107751 102.511157 62.475756
191 -29.139293 103.625588 63.549194
192 -29.145844 104.150547 63.549194
193 -29.146198 104.625495 63.549194
194 -29.165196 105.110095 64.538516
195 -29.174818 105.374781 64.538516
196 -29.165888 105.704660 65.354572
197 -29.178178 106.214304 65.354572
198 -29.210714 106.422475 65.354572
199 -29.269644 106.873197 66.601051
200 -29.284212 107.357908 66.601051
201 -29.283800 107.622769 67.335726
204 -29.257246 108.618169 68.484305
205 -29.251281 109.013119 68.484305
206 -29.264352 109.537897 68.484305
207 -29.291554 109.896705 69.074018
208 -29.369240 110.181252 69.074018
209 -29.430358 110.646586 70.069252
210 -29.465153 110.923273 70.069252
211 -29.581843 111.300594 70.069252
212 -29.670279 111.766687 70.905712
213 -29.749540 112.265302 70.905712
214 -29.831619 112.595034 70.905712
216 -30.202542 113.489492 71.824926
217 -30.189808 113.703478 72.516619
218 -30.107418 114.201552 72.516619
219 -30.049414 114.402750 73.376972
220 -29.867647 114.775669 73.376972
221 -29.677385 115.253388 73.376972
222 -29.535674 115.701424 74.259680
223 -29.396258 116.134506 74.259680
224 -29.280715 116.584914 74.897397
225 -29.192683 116.780875 74.897397
226 -29.005937 117.254958 75.831524
230 -28.568669 118.836981 76.721444
231 -28.389434 119.323842 77.727344
232 -28.369267 119.531288 77.727344
233 -28.486262 119.928028 77.727344
234 -28.694012 120.368947 78.663461
235 -28.861672 120.855554 79.038345
236 -28.905620 121.065979 79.038345
237 -29.021616 121.562485 79.976622
238 -29.155533 121.997270 79.976622
239 -29.213796 122.204219 79.976622
240 -29.353910 122.689387 80.984567
243 -29.621295 123.636727 81.592279
244 -29.697238 123.915397 81.592279
245 -29.687744 124.245007 81.592279
246 -29.623836 124.750891 81.527051
247 -29.610123 124.921469 81.527051
248 -29.582548 125.325528 81.527051
249 -29.558975 125.844969 81.527051
250 -29.557976 126.284838 81.527051
251 -29.560909 126.562176 81.527051
252 -29.549532 126.916975 81.527051
253 -29.555551 127.421791 81.527051
258 -29.604290 129.064752 81.636389
259 -29.621373 129.469257 81.636389
260 -29.609005 129.939020 81.636389
261 -29.582110 130.418200 81.636389
262 -29.543621 130.901637 81.636389
263 -29.509673 131.400175 81.636389
264 -29.508309 131.712622 81.847786
265 -29.519175 132.077460 81.847786
266 -29.528075 132.557322 81.847786
267 -29.522584 133.057206 82.479695
268 -29.510898 133.546933 82.479695
273 -29.045459 136.015076 82.408859
274 -29.046077 136.025057 82.408859
275 -29.079169 136.096333 82.408859
276 -29.293010 136.195703 82.408859
277 -29.790762 136.041048 82.408859
278 -30.127527 135.551316 82.408859
279 -30.327412 135.065932 82.034749
280 -30.636385 134.509548 82.034749
281 -31.134173 134.093121 82.436036
282 -31.639614 133.684447 82.034749
283 -32.142641 133.272798 82.034749
288 -34.910522 131.248457 82.034749
289 -35.080634 131.159239 82.034749
290 -35.506426 131.207152 82.034749
291 -36.116042 131.400032 82.034749
292 -36.710310 131.663029 82.034749
293 -37.292500 131.952020 82.034749
294 -37.850508 132.284764 82.034749
295 -38.380623 132.645400 82.034749
296 -38.959976 132.938362 82.034749
297 -39.570499 133.160939 82.034749
298 -40.182174 133.380660 82.034749
304 -43.646357 134.863925 82.034749
305 -43.646357 134.863925 82.034749
306 -43.646357 134.863925 82.034749
307 -43.697832 134.679266 82.034749
308 -43.581551 134.368159 82.034749
309 -43.070903 134.120851 82.034749
310 -42.428131 134.074092 82.034749
311 -41.783720 133.991753 82.034749
312 -41.146496 133.864483 82.034749
313 -40.522146 133.684538 82.034749
314 -39.919909 133.440660 82.034749
320 -36.084820 131.844423 82.034749
321 -35.468433 131.646710 82.034749
322 -34.845868 131.459910 82.034749
323 -34.230559 131.250795 82.034749
324 -33.615668 131.040557 82.034749
325 -32.992377 130.865392 82.034749
326 -32.365802 130.694275 82.034749
327 -31.834378 130.335298 82.034749
328 -31.554745 129.879788 82.034749
329 -31.415522 129.395189 82.034749
330 -31.413210 129.187583 82.034749
336 -31.542151 126.697663 82.034749
337 -31.534829 126.492798 82.034749
338 -31.519407 125.988047 82.034749
339 -31.523450 125.788247 82.034749
340 -31.522149 125.398541 82.034749
341 -31.469856 124.866251 82.034749
342 -31.412607 124.414942 82.034749
343 -31.401395 124.200236 82.034749
344 -31.365012 123.691536 82.034749
345 -31.350747 123.236803 82.034749
346 -31.312178 123.043161 82.034749
352 -31.116103 120.722168 82.034749
353 -31.145910 120.238520 82.034749
354 -31.198633 119.756469 82.034749
355 -31.213722 119.256894 82.034749
356 -31.183195 118.817959 82.034749
357 -31.152491 118.585007 82.034749
358 -31.121036 118.071201 82.034749
359 -31.112412 117.541272 82.034749
360 -31.114634 117.376295 82.034749
361 -31.107293 116.916355 82.034749
362 -31.093919 116.424056 82.034749
368 -31.021898 114.150443 82.034749
369 -31.085143 113.914222 82.034749
370 -31.168798 113.508275 82.034749
371 -31.152304 113.264041 82.034749
372 -31.112414 112.850997 82.034749
373 -31.102629 112.606194 82.034749
374 -31.086050 112.191533 82.034749
375 -31.085468 111.949035 82.034749
376 -31.073144 111.534231 82.034749
377 -31.072798 111.309240 82.034749
378 -31.043082 110.820167 82.034749
385 -31.214127 108.388629 82.034749
386 -31.128293 107.937957 82.034749
387 -31.144212 107.613935 82.034749
388 -31.233734 107.291203 82.034749
389 -31.298715 106.826387 82.034749
390 -31.309404 106.281530 82.034749
391 -31.310892 105.801580 82.034749
392 -31.310525 105.461807 82.034749
393 -31.279782 105.128246 82.034749
394 -31.265043 104.803621 82.034749
395 -31.252536 104.468860 82.034749
401 -30.953827 101.810921 82.034749
402 -30.950254 101.396023 82.034749
403 -30.954758 101.151088 82.034749
404 -30.952701 100.656094 82.034749
405 -30.943510 100.291380 82.034749
406 -30.895261 100.000458 82.034749
407 -30.867841 99.476370 82.034749
408 -30.862711 99.031419 82.034749
409 -30.869974 98.811540 82.034749
410 -30.868723 98.351583 82.034749
411 -30.859883 97.941710 82.034749
418 -30.783145 95.457707 82.034749
419 -30.818992 95.281651 82.034749
420 -30.891059 94.807652 82.034749
421 -30.871915 94.628841 82.034749
422 -30.820873 94.151607 82.034749
423 -30.811466 93.971858 82.034749
424 -30.786300 93.492530 82.034749
425 -30.786755 93.327531 82.034749
426 -30.776581 92.867686 82.034749
427 -30.759281 92.375489 82.034749
428 -30.767353 92.195671 82.034749
435 -30.653116 89.505042 82.034749
436 -30.691542 89.309024 82.034749
437 -30.774576 88.821412 82.034749
438 -30.777934 88.356516 82.034749
439 -30.750902 88.153981 82.034749
440 -30.684482 87.704277 82.034749
441 -30.677294 87.499464 82.034749
442 -30.667700 87.044567 82.034749
443 -30.667668 86.852094 82.034749
444 -30.659015 86.457193 82.034749
445 -30.645003 85.899869 82.034749
452 -30.546366 83.442980 82.034749
453 -30.553324 82.983823 82.034749
454 -30.609091 82.502061 82.034749
455 -30.641491 81.948242 82.034749
456 -30.623649 81.508605 82.034749
457 -30.603535 81.309648 82.034749
458 -30.568402 80.815944 82.034749
459 -30.539689 80.331795 82.034749
460 -30.531013 79.851964 82.034749
461 -30.518243 79.342126 82.034749
462 -30.509458 79.142324 82.034749
469 -30.442592 76.626630 82.034749
470 -30.464745 76.202541 82.034749
471 -30.510850 76.003573 82.034749
472 -30.607794 75.585208 82.034749
473 -30.597464 75.106520 82.034749
474 -30.543275 74.549149 82.034749
475 -30.520565 74.290403 82.034749
476 -30.451464 73.942462 82.034749
477 -30.416389 73.421369 82.034749
478 -30.427146 73.221659 82.034749
479 -30.435730 72.726861 82.034749
486 -30.325055 69.850766 82.034749
487 -30.371629 69.677309 82.034749
488 -30.474939 69.209332 82.034749
489 -30.460901 69.030223 82.034749
490 -30.403174 68.553825 82.034749
491 -30.396939 68.376434 82.034749
492 -30.381307 67.931709 82.034749
493 -30.376569 67.466782 82.034749
494 -30.350633 67.288682 82.034749
495 -30.321502 66.809812 82.034749
496 -30.324572 66.629839 82.034749
503 -30.247788 63.832439 82.034749
504 -30.271918 63.528508 82.034749
505 -30.321929 63.177207 82.034749
506 -30.385176 62.884205 82.034749
507 -30.399035 62.530148 82.034749
508 -30.319090 62.235899 82.034749
509 -30.241261 61.762886 82.034749
510 -30.232199 61.423153 82.034749
511 -30.245911 61.118472 82.034749
512 -30.251175 60.763555 82.034749
513 -30.240353 60.458755 82.034749
521 -30.121608 57.599169 82.034749
522 -30.138584 57.465659 82.034749
523 -30.215306 57.088538 82.034749
524 -30.255867 56.620585 82.034749
525 -30.214400 56.389451 82.034749
526 -30.145854 55.879347 82.034749
527 -30.124186 55.394883 82.034749
528 -30.113185 54.895004 82.034749
529 -30.115494 54.405026 82.034749
530 -30.091954 53.965659 82.034749
531 -30.062336 53.732579 82.034749
540 -29.921467 50.144138 82.034749
541 -29.933318 50.012195 82.034749
542 -30.011702 49.635343 82.034749
543 -30.079059 49.170371 82.034749
544 -30.059516 48.976476 82.034749
545 -30.027565 48.497748 82.034749
546 -30.029578 48.317759 82.034749
547 -30.034944 47.837789 82.034749
548 -30.043411 47.657990 82.034749
549 -30.046639 47.188102 82.034749
550 -30.013167 46.704356 82.034749
560 -29.936120 43.106960 82.034749
561 -29.962716 42.620428 82.034749
562 -30.017564 42.467776 82.034749
563 -30.151330 42.028399 82.034749
564 -30.184585 41.537828 82.034749
565 -30.154107 41.082605 82.034749
566 -30.137658 40.868238 82.034749
567 -30.098656 40.374793 82.034749
568 -30.063808 40.198303 82.034749
569 -30.014191 39.721410 82.034749
570 -30.021344 39.236608 82.034749
581 -29.943747 34.467366 82.034749
582 -29.924922 34.298430 82.034749
583 -29.950532 33.844806 82.034749
584 -30.010914 33.348483 82.034749
585 -30.014140 33.073841 82.034749
586 -29.986349 32.699894 82.034749
587 -29.971104 32.210139 82.034749
588 -29.975925 31.685203 82.034749
589 -29.948272 31.226101 82.034749
590 -29.935228 31.051590 82.034749
591 -29.899302 30.628118 82.034749
604 -29.721577 26.325936 82.034749
605 -29.725216 25.991011 82.034749
606 -29.640830 25.454663 82.034749
607 -29.400570 24.953287 82.034749
608 -29.256167 24.722772 82.034749
609 -29.010228 24.426577 82.034749
610 -28.663426 23.937484 82.034749
611 -28.538015 23.704369 82.034749
612 -28.387161 23.350157 82.034749
613 -28.251983 23.038225 82.034749
614 -28.131277 22.725728 82.034749
628 -25.516517 19.186694 82.034749
629 -25.532647 19.155769 82.034749
630 -25.796290 19.055449 82.034749
631 -26.237302 19.336980 82.034749
632 -26.367225 19.849693 82.034749
633 -26.397355 20.230863 82.034749
634 -26.464411 20.466493 82.034749
635 -26.636620 20.956729 82.034749
636 -26.966149 21.485413 82.034749
637 -27.308558 21.889946 82.034749
638 -27.589376 22.359988 82.034749
653 -28.208196 28.555786 82.034749
654 -28.337072 28.949064 82.034749
655 -28.368465 29.431817 82.034749
656 -28.344255 29.901104 82.034749
657 -28.320089 30.375361 82.034749
658 -28.311898 30.835228 82.034749
659 -28.320323 31.330102 82.034749
660 -28.330664 31.799908 82.034749
661 -28.341673 32.274703 82.034749
662 -28.361220 32.744112 82.034749
663 -28.346642 33.218823 82.034749
678 -28.957895 39.024582 82.034749
679 -29.013180 39.232346 82.034749
680 -29.077945 39.712400 82.034749
681 -29.086518 40.172162 82.034749
682 -29.085498 40.641962 82.034749
683 -29.103016 41.116607 82.034749
684 -29.109134 41.586487 82.034749
685 -29.131846 42.060909 82.034749
686 -29.155998 42.530059 82.034749
687 -29.157331 42.985024 82.034749
688 -29.155940 43.459847 82.034749
705 -30.133055 50.657651 82.034749
706 -30.216092 50.849810 82.034749
707 -30.420223 51.051309 82.034749
708 -30.931495 51.217460 82.034749
709 -31.564738 51.363980 82.034749
710 -32.199329 51.492197 82.034749
711 -32.836555 51.618722 82.034749
712 -33.454165 51.820158 82.034749
713 -34.062624 52.041576 82.034749
714 -34.633972 52.348073 82.034749
715 -35.111788 52.779010 82.034749
731 -38.677606 57.840581 82.034749
732 -38.677606 57.840581 82.034749
733 -38.677606 57.840581 82.034749
734 -38.617705 57.657113 82.034749
735 -38.829885 57.274358 82.034749
736 -39.279914 56.815098 82.034749
737 -39.780953 56.401025 82.034749
738 -40.258718 55.960597 82.034749
739 -40.666669 55.490752 82.034749
740 -40.853228 55.228157 82.034749
741 -41.040538 54.914897 82.034749
758 -47.184484 54.585584 82.034749
759 -47.167622 54.570687 82.034749
760 -47.167622 54.570687 82.034749
761 -47.167622 54.570687 82.034749
762 -47.206902 54.564589 82.034749
763 -47.288882 54.614398 82.034749
764 -47.288488 54.734402 82.034749
765 -47.021366 54.890870 82.034749
766 -46.432948 54.961478 82.034749
767 -45.798809 54.837195 82.034749
768 -45.184540 54.625808 82.034749
784 -35.080079 56.883262 82.034749
785 -34.503617 57.183561 82.034749
786 -33.928244 57.485954 82.034749
787 -33.351183 57.785099 82.034749
788 -32.776519 58.088781 82.034749
789 -32.209635 58.401580 82.034749
790 -31.721604 58.760307 82.034749
791 -31.465704 59.197555 82.034749
792 -31.400432 59.673021 82.034749
793 -31.405695 60.061643 82.034749
794 -31.448613 60.317978 82.034749
811 -31.419263 67.321524 82.034749
812 -31.423477 67.841501 82.034749
813 -31.426019 68.316495 82.034749
814 -31.413674 68.836303 82.034749
815 -31.399788 69.256074 82.034749
816 -31.377877 69.452354 82.034749
817 -31.347942 69.916300 82.034749
818 -31.340793 70.436223 82.034749
819 -31.344822 70.936206 82.034749
820 -31.347716 71.403662 82.034749
821 -31.341504 71.801059 82.034749
838 -31.418936 78.806962 82.034749
839 -31.400027 79.071237 82.034749
840 -31.416982 79.520175 82.034749
841 -31.500039 79.982692 82.034749
842 -31.555730 80.373675 82.034749
843 -31.542791 80.638076 82.034749
844 -31.498456 81.005362 82.034749
845 -31.437945 81.263291 82.034749
846 -31.392475 81.710565 82.034749
847 -31.409386 82.180027 82.034749
848 -31.435522 82.649123 82.034749
865 -31.584726 89.260731 82.034749
866 -31.569778 89.644859 82.034749
867 -31.476533 89.935222 82.034749
868 -31.366919 90.448018 82.034749
869 -31.343891 90.927396 82.034749
870 -31.347574 91.282111 82.034749
871 -31.394142 91.588462 82.034749
872 -31.420063 92.062567 82.034749
873 -31.414838 92.427503 82.034749
874 -31.421014 92.732438 82.034749
875 -31.423256 93.089898 82.034749
892 -31.491617 100.138613 82.034749
893 -31.464288 100.657266 82.034749
894 -31.364577 101.022898 82.034749
895 -31.225415 101.294234 82.034749
896 -31.015994 101.692220 82.034749
897 -30.894077 102.170317 82.034749
898 -30.866093 102.533788 82.034749
899 -30.946684 102.827428 82.034749
900 -31.070244 103.280542 82.034749
901 -31.156599 103.742362 82.034749
902 -31.351573 104.271660 82.034749
920 -41.943447 105.277231 82.034749
921 -41.988198 105.299443 82.034749
922 -42.010063 105.331913 82.034749
923 -41.947688 105.446549 82.034749
924 -41.594150 105.526193 82.034749
925 -40.974661 105.495988 82.034749
926 -40.331547 105.420847 82.034749
927 -39.688598 105.370282 82.034749
928 -39.041668 105.344243 82.034749
929 -38.394634 105.319920 82.034749
930 -37.747636 105.294469 82.034749
947 -30.917877 101.065591 82.034749
948 -30.917877 101.065591 82.034749
949 -30.947690 101.067875 82.034749
950 -31.070829 101.189400 82.034749
951 -31.112895 101.534692 82.034749
952 -31.065816 102.080969 82.034749
953 -31.005184 102.551362 82.034749
954 -31.011831 102.716121 82.034749
955 -31.068302 103.172607 82.034749
956 -31.137482 103.677871 82.034749
957 -31.208081 103.958328 82.034749
975 -41.553809 105.268902 82.034749
976 -42.179971 105.431977 82.034749
977 -42.789882 105.625853 82.034749
978 -43.421687 105.744567 82.034749
979 -44.065481 105.669050 82.034749
980 -44.691001 105.492868 82.034749
981 -45.297186 105.258838 82.034749
982 -45.887179 104.986172 82.034749
983 -46.463356 104.696535 82.034749
984 -46.860712 104.391750 82.034749
1002 -47.084303 104.064251 82.034749
1003 -47.084303 104.064251 82.034749
1004 -47.084303 104.064251 82.034749
1005 -47.084303 104.064251 82.034749
1006 -47.111152 104.077410 82.034749
1007 -47.189346 104.282139 82.034749
1008 -46.938894 104.718106 82.034749
1009 -46.359436 104.994494 82.034749
1010 -45.729852 105.156079 82.034749
1011 -45.100326 105.317897 82.034749
1012 -44.484133 105.507974 82.034749
1030 -32.770256 105.149592 82.034749
1031 -32.145732 104.990149 82.034749
1032 -31.656939 104.572054 82.034749
1033 -31.512271 104.298872 82.034749
1034 -31.426819 104.001377 82.034749
1035 -31.313674 103.483697 82.034749
1036 -31.210338 103.025661 82.034749
1037 -31.127404 102.732480 82.034749
1038 -31.107743 102.495801 82.034749
1039 -31.038270 102.010793 82.034749
1040 -30.995612 101.708807 82.034749
1058 -34.322003 96.244284 82.034749
1059 -34.322003 96.244284 82.034749
1060 -34.353587 96.196456 82.034749
1061 -34.355063 95.850011 82.034749
1062 -33.938284 95.422652 82.034749
1063 -33.489690 95.310076 82.034749
1064 -33.265242 95.294639 82.034749
1065 -32.761162 95.266620 82.034749
1066 -32.161182 95.268624 82.034749
1067 -31.799140 95.232650 82.034749
1068 -31.506948 95.011278 82.034749
1086 -31.384018 87.920049 82.034749
1087 -31.409122 87.710828 82.034749
1088 -31.532102 87.314718 82.034749
1089 -31.557494 87.097129 82.034749
1090 -31.552111 86.682164 82.034749
1091 -31.565436 86.373065 82.034749
1092 -31.589071 86.089104 82.034749
1093 -31.584848 85.804763 82.034749
1094 -31.535934 85.443208 82.034749
1095 -31.520263 85.163751 82.034749
1096 -31.516026 84.798776 82.034749
1114 -31.377534 78.828624 82.034749
1115 -31.399137 78.630227 82.034749
1116 -31.441927 78.182551 82.034749
1117 -31.423151 77.984079 82.034749
1118 -31.376252 77.536840 82.034749
1119 -31.365215 77.066992 82.034749
1120 -31.377879 76.867394 82.034749
1121 -31.390855 76.377658 82.034749
1122 -31.386903 76.267804 82.034749
1123 -31.368217 75.863263 82.034749
1124 -31.360273 75.313324 82.034749
1143 -31.282653 68.037881 82.034749
1144 -31.294583 67.663291 82.034749
1145 -31.370321 67.401661 82.034749
1146 -31.446645 66.892834 82.034749
1147 -31.444297 66.573709 82.034749
1148 -31.365062 66.258595 82.034749
1149 -31.303979 65.722446 82.034749
1150 -31.298265 65.237750 82.034749
1151 -31.313180 64.913195 82.034749
1152 -31.338871 64.619390 82.034749
1153 -31.353322 64.104626 82.034749
1171 -31.233087 57.600281 82.034749
1172 -31.217090 57.315837 82.034749
1173 -31.213295 56.950857 82.034749
1174 -31.213132 56.665899 82.034749
1175 -31.223255 56.301040 82.034749
1176 -31.231274 56.016188 82.034749
1177 -31.244982 55.651483 82.034749
1178 -31.234140 55.372151 82.034749
1179 -31.184647 55.035958 82.034749
1180 -31.171885 54.751380 82.034749
1181 -31.173853 54.386386 82.034749
1199 -31.081602 48.365464 82.034749
1200 -31.101911 47.871436 82.034749
1201 -31.156391 47.444906 82.034749
1202 -31.198098 47.254463 82.034749
1203 -31.234634 46.786389 82.034749
1204 -31.222240 46.677161 82.034749
1205 -31.183537 46.284245 82.034749
1206 -31.184219 46.069473 82.034749
1207 -31.197991 45.654720 82.034749
1208 -31.202081 45.124744 82.034749
1209 -31.183750 44.640131 82.034749
1228 -31.209686 36.786443 82.034749
1229 -31.266018 36.274539 82.034749
1230 -31.293733 36.026198 82.034749
1231 -31.328830 35.688175 82.034749
1232 -31.339950 35.210956 82.034749
1233 -31.338601 34.901010 82.034749
1234 -31.379314 34.538459 82.034749
1235 -31.441268 34.007103 82.034749
1236 -31.547802 33.438808 82.034749
1237 -31.947061 32.970391 82.034749
1238 -32.558224 32.778161 82.034749
1256 -44.175283 30.775181 82.034749
1257 -44.773055 30.775901 82.034749
1258 -45.401566 30.929836 82.034749
1259 -46.014195 31.146268 82.034749
1260 -46.620466 31.380587 82.034749
1261 -47.240787 31.574205 82.034749
1262 -47.869998 31.737175 82.034749
1263 -48.503261 31.883635 82.034749
1264 -49.138136 32.022953 82.034749
1265 -49.774112 32.157189 82.034749
1266 -50.406507 32.307169 82.034749
1286 -53.671865 32.974314 82.034749
1287 -53.581744 32.885903 82.034749
1288 -53.457173 32.790407 82.034749
1289 -53.083894 32.710264 82.034749
1290 -52.454346 32.726871 82.034749
1291 -51.809015 32.779653 82.034749
1292 -51.161849 32.782010 82.034749
1293 -50.514563 32.765802 82.034749
1294 -49.864633 32.772612 82.034749
1295 -49.217299 32.787268 82.034749
1296 -48.572482 32.802551 82.034749
1316 -35.543136 32.546144 82.034749
1317 -35.026934 32.608810 82.034749
1318 -34.383194 32.677706 82.034749
1319 -33.739051 32.709832 82.034749
1320 -33.091694 32.766091 82.034749
1321 -32.452046 32.879743 82.034749
1322 -31.891968 33.104469 82.034749
1323 -31.502477 33.571738 82.034749
1324 -31.347748 34.020410 82.034749
1325 -31.307022 34.255664 82.034749
1326 -31.368052 34.615364 82.034749
1346 -40.398470 38.164286 82.034749
1347 -40.398470 38.164286 82.034749
1348 -40.398470 38.164286 82.034749
1349 -40.398470 38.164286 82.034749
1350 -40.353021 38.059428 82.034749
1351 -40.004263 37.915788 82.034749
1352 -39.375544 37.937334 82.034749
1353 -38.729060 37.964439 82.034749
1354 -38.082224 37.904874 82.034749
1355 -37.446638 37.795537 82.034749
1356 -36.808587 37.671620 82.034749
1376 -31.657171 36.362263 82.034749
1377 -31.666701 35.898970 82.034749
1378 -31.630716 35.535891 82.034749
1379 -31.562102 35.249113 82.034749
1380 -31.521834 34.871534 82.034749
1381 -31.527449 34.626601 82.034749
1382 -31.501055 34.132557 82.034749
1383 -31.453600 33.649948 82.034749
1384 -31.433972 33.255519 82.034749
1385 -31.444209 33.010737 82.034749
1386 -31.451946 32.520810 82.034749
1407 -30.923504 24.309214 82.034749
1408 -30.997231 23.998075 82.034749
1409 -31.118248 23.740181 82.034749
1410 -31.241374 23.251456 82.034749
1411 -31.293167 22.935685 82.034749
1412 -31.356688 22.637586 82.034749
1413 -31.476064 22.121283 82.034749
1414 -31.749444 21.559510 82.034749
1415 -32.171898 21.067118 82.034749
1416 -32.660505 20.638664 82.034749
1417 -33.168062 20.232619 82.034749
1437 -39.967587 13.440728 82.034749
1438 -39.758256 13.247629 82.034749
1439 -39.518807 12.824849 82.034749
1440 -39.458745 12.567099 82.034749
1441 -39.379034 12.190614 82.034749
1442 -39.284139 11.864378 82.034749
1443 -39.151434 11.556789 82.034749
1444 -38.972937 11.100597 82.034749
1445 -38.852685 10.766834 82.034749
1446 -38.712276 10.462716 82.034749
1447 -38.489330 9.954466 82.034749
1458 -37.182119 6.102131 82.034749
1459 -37.182119 6.102131 82.034749
1460 -37.355627 5.959959 82.034749
1461 -37.877056 6.034373 82.034749
1462 -38.456053 6.323019 82.034749
1463 -38.969582 6.721491 82.034749
1464 -39.493977 7.105494 82.034749
1465 -40.037002 7.462460 82.034749
1466 -40.606246 7.775979 82.034749
1467 -41.183408 8.074920 82.034749
1468 -41.731746 8.418313 82.034749
1489 -49.401762 8.829848 82.034749
1490 -49.401762 8.829848 82.034749
1491 -49.401762 8.829848 82.034749
1492 -49.421521 8.826921 82.034749
1493 -49.506777 8.852636 82.034749
1494 -49.512035 8.861142 82.034749
1495 -49.508696 8.953472 82.034749
1496 -49.216649 9.121721 82.034749
1497 -48.607182 9.162115 82.034749
1498 -47.970133 9.071628 82.034749
1499 -47.330382 8.972178 82.034749
1521 -35.831024 2.550829 82.034749
1522 -35.341101 2.123661 82.034749
1523 -34.852032 1.695513 82.034749
1524 -34.363617 1.266619 82.034749
1525 -33.875091 0.837855 82.034749
1526 -33.387172 0.408440 82.034749
1527 -32.902154 -0.024254 82.034749
1528 -32.410621 -0.449558 82.034749
1529 -31.911007 -0.865298 82.034749
1530 -31.464199 -1.307264 82.034749
1531 -31.106923 -1.816696 82.034749
1554 -29.228099 -5.000124 93.916242
1555 -29.228099 -5.000124 93.916242
1556 -29.209610 -4.992551 93.916242
1557 -29.160897 -4.809709 93.916242
1558 -29.324348 -4.364789 93.916242
1559 -29.699508 -3.849749 93.916242
1560 -30.071961 -3.363557 93.916242
1561 -30.177880 -3.196991 93.916242
1562 -30.387829 -2.833233 93.916242
1563 -30.695281 -2.309284 93.916242
1564 -30.770342 -2.194114 93.916242
1578 -35.911123 3.956642 93.972871
1579 -35.926009 3.969998 93.972871
1580 -35.926009 3.969998 93.972871
1581 -35.926009 3.969998 93.972871
1582 -35.728963 3.902004 93.972871
1583 -35.411774 3.504132 93.972871
1584 -35.205593 3.112942 93.972871
1585 -35.115663 2.887739 93.972871
1586 -34.929085 2.459142 93.972871
1587 -34.810136 2.280175 93.972871
1588 -34.507971 1.863148 93.972871
1614 -31.269222 -7.157191 93.972871
1615 -31.176965 -7.692086 94.601588
1616 -31.089011 -7.903619 94.601588
1617 -30.880793 -8.262551 94.601588
1618 -30.660382 -8.721897 95.618516
1619 -30.497991 -9.210279 95.618516
1620 -30.371298 -9.673195 95.618516
1621 -30.219514 -10.196511 96.743478
1622 -30.131586 -10.408322 96.743478
1623 -29.935816 -10.751307 97.686952
1624 -29.834438 -11.027233 97.686952
1650 -29.434585 -20.952535 107.613850
1651 -29.510738 -21.304128 107.613850
1652 -29.609956 -21.839759 107.613850
1653 -29.625510 -22.058950 108.593281
1654 -29.624345 -22.473897 108.593281
1655 -29.598666 -22.973139 109.557020
1656 -29.595793 -23.192901 109.557020
1657 -29.601586 -23.607850 109.557020
1658 -29.601433 -24.142849 110.540946
1659 -29.594897 -24.387602 110.540946
1660 -29.571673 -24.751786 110.540946
1677 -29.093946 -31.168646 117.695627
1678 -29.189438 -31.592960 117.695627
1679 -29.221442 -31.775164 118.586765
1680 -29.284691 -32.240710 118.586765
1681 -29.306918 -32.644998 118.586765
1682 -29.288456 -32.889302 119.539536
1683 -29.256542 -33.383271 119.539536
1684 -29.235909 -33.777674 119.539536
1685 -29.245319 -34.022489 120.602574
1686 -29.252070 -34.517432 120.602574
1687 -29.242688 -35.112230 120.602574
1705 -30.158713 -42.009948 128.027266
1706 -30.138527 -42.614025 128.027266
1707 -30.096893 -42.874300 128.027266
1708 -29.979783 -43.364178 129.085169
1709 -29.957059 -43.948211 129.085169
1710 -29.968662 -44.383028 130.221123
1712 -29.933962 -44.721147 130.221123
1712 -29.921805 -45.130941 131.048773
1713 -29.913840 -45.515858 131.048773
1714 -29.890979 -45.694396 131.048773
1715 -29.872581 -45.978700 132.182983
1734 -29.737649 -53.509314 139.110391
1735 -29.756820 -53.873554 139.110391
1736 -29.809415 -54.163800 139.110391
1737 -29.850925 -54.636596 140.201644
1738 -29.852602 -55.041553 140.201644
1739 -29.833382 -55.285797 141.114213
1740 -29.798798 -55.779468 141.114213
1741 -29.747142 -56.251589 141.114213
1742 -29.720678 -56.615554 142.123963
1743 -29.715282 -56.910438 142.123963
1744 -29.679753 -57.414184 143.043563
1766 -29.584207 -65.295930 151.107184
1767 -29.578792 -65.690479 151.107184
1768 -29.634859 -66.292812 151.107184
1769 -29.683108 -66.486887 152.188374
1770 -29.776504 -66.967537 152.188374
1771 -29.788584 -67.116953 152.188374
1772 -29.880698 -67.613475 153.144968
1773 -29.952888 -68.057575 153.144968
1774 -30.059389 -68.348662 153.144968
1775 -30.192388 -68.752075 154.163877
1776 -30.282800 -69.197963 154.163877
1800 -33.062687 -77.111488 162.465569
1802 -33.062687 -77.111488 162.465569
1803 -33.057759 -77.092131 162.465569
1805 -32.686077 -76.925408 162.465569
1806 -31.816242 -77.080373 162.465569
1808 -31.431234 -77.802770 162.465569
1809 -31.347599 -78.161635 162.465569
1811 -31.110278 -78.930401 162.465569
1812 -30.923574 -79.260161 163.737660
1814 -30.685907 -79.744099 163.737660
1815 -30.444946 -80.379182 164.709263
1842 -26.210350 -89.227761 173.865757
1843 -26.272642 -89.310373 173.865757
1844 -26.487902 -89.279778 173.865757
1846 -26.456671 -89.295272 173.865757
1847 -26.574174 -89.201444 173.865757
1849 -27.172144 -89.038503 173.865757
1851 -27.661780 -89.550163 173.621258
1852 -27.687492 -90.044618 173.621258
1854 -27.663728 -90.788203 174.592386
1855 -27.742996 -91.433111 174.592386
1857 -27.897549 -91.839636 175.373947
1909 -30.065672 -101.293228 187.577881
1911 -31.118234 -101.807412 187.577881
1912 -32.272168 -101.989397 187.577881
1914 -33.483508 -102.456762 188.148297
1916 -34.587221 -103.010565 188.148297
1918 -35.450846 -103.463075 188.202076
1919 -36.310789 -103.922540 188.202076
1921 -37.171841 -104.379920 188.202076
1922 -37.850717 -104.778113 188.202076
1955 -38.142090 -105.032229 188.132564
1956 -38.142090 -105.032229 188.132564
1958 -38.326143 -104.863217 188.132564
1960 -37.876287 -104.456340 188.132564
1961 -36.843408 -104.416573 188.132564
1963 -35.741076 -104.372102 188.132564
1965 -34.785924 -104.180584 188.202076
1966 -33.869267 -103.868418 188.202076
