8 -38.000000 58.000000 -0.993649
9 -38.007902 57.865339 19.900252
10 -38.193723 57.466414 19.900252
11 -38.653028 57.014321 19.900252
12 -39.162951 56.611287 19.900252
13 -39.657689 56.190008 19.900252
14 -39.986348 55.844136 19.900252
15 -40.169436 55.612873 19.900252
16 -40.518811 55.143665 19.900252
17 -40.868871 54.668748 19.900252
18 -41.288347 54.179496 19.900252
19 -41.770532 53.743982 19.900252
20 -42.018469 53.550961 19.900252
21 -42.358924 53.536994 19.900252
22 -42.961785 53.628402 19.900252
23 -43.600437 53.734850 19.900252
24 -44.241198 53.827945 19.900252
25 -44.881372 53.906546 19.900252
26 -45.507195 53.978894 19.900252
27 -45.910280 54.018193 19.900252
28 -45.989735 54.027482 19.900252
29 -45.989735 54.027482 19.900252
30 -45.989735 54.027482 19.900252
31 -45.980982 53.963876 19.900252
32 -45.754216 53.789591 19.900252
33 -45.208154 53.783762 19.900252
34 -44.566461 53.848715 19.900252
35 -43.919227 53.858316 19.900252
36 -43.274239 53.854869 19.900252
37 -42.624591 53.873792 19.900252
38 -41.980490 53.958458 19.900252
39 -41.347561 54.105223 19.900252
40 -40.766318 54.387617 19.900252
41 -40.342542 54.867891 19.900252
42 -39.991577 55.369790 19.900252
43 -39.633755 55.832217 19.900252
44 -39.212426 56.313929 19.900252
45 -38.780418 56.796152 19.900252
46 -38.344234 57.271299 19.900252
47 -37.909646 57.744357 19.900252
48 -37.523099 58.132069 19.906281
49 -37.377696 58.261554 19.906281
50 -37.118081 58.315371 19.906281
51 -36.578784 58.303015 19.906281
52 -35.932748 58.259504 20.519747
53 -35.288783 58.223276 20.519747
54 -34.641567 58.204728 21.727863
55 -33.994092 58.199759 21.727863
56 -33.346592 58.200245 21.352752
57 -32.699093 58.200970 21.352752
58 -32.054127 58.205299 21.352752
59 -31.406991 58.226905 21.352752
60 -31.017197 58.239381 21.991363
61 -30.968112 58.281518 21.991363
62 -30.860621 58.601766 22.242752
63 -30.933361 59.111093 22.242752
64 -31.027312 59.622488 22.242752
65 -31.047722 60.111575 22.562359
66 -31.038332 60.316185 22.947331
67 -30.960709 60.703226 23.935330
68 -30.883205 60.956141 23.935330
69 -30.704097 61.308191 23.935330
70 -30.518841 61.809117 23.935330
71 -30.408514 62.337309 24.662928
72 -30.429034 62.799930 24.662928
73 -30.497975 63.335442 25.723530
74 -30.513712 63.830015 25.723530
75 -30.506745 64.024772 26.500189
76 -30.496181 64.469618 26.500189
77 -30.509902 64.959337 27.354342
78 -30.510258 65.164174 27.354342
79 -30.500442 65.559040 27.354342
80 -30.497895 66.079030 28.359478
81 -30.482112 66.573708 28.359478
82 -30.486833 66.768471 29.436372
83 -30.526512 67.211610 29.436372
84 -30.579886 67.733855 29.436372
85 -30.592062 68.073552 30.236733
86 -30.591934 68.368519 30.236733
87 -30.580616 68.823290 31.181084
88 -30.573496 69.088135 31.181084
89 -30.570969 69.483103 31.181084
90 -30.568061 69.747947 31.181084
91 -30.562627 70.142737 32.020306
92 -30.547845 70.407277 32.020306
93 -30.519792 70.806259 33.019085
94 -30.546062 71.325053 33.019085
95 -30.609739 71.785601 33.019085
96 -30.629386 72.042204 34.093108
97 -30.632686 72.412092 34.093108
98 -30.609597 72.921563 34.093108
99 -30.593561 73.178515 35.106979
100 -30.563669 73.572359 35.106979
101 -30.547690 74.087069 36.084623
102 -30.560043 74.581825 36.084623
103 -30.556483 74.776667 36.084623
104 -30.548519 75.226579 37.101213
105 -30.567396 75.429463 37.101213
106 -30.660535 75.813114 37.101213
107 -30.697472 76.301052 38.011840
108 -30.668569 76.835230 38.011840
109 -30.626920 77.328420 38.011840
110 -30.624906 77.518256 38.836323
111 -30.631561 77.918201 40.068192
112 -30.639016 78.438142 40.068192
113 -30.627493 78.627629 40.068192
114 -30.586407 79.070722 41.029989
115 -30.568132 79.615295 41.029989
116 -30.580430 79.764228 41.993571
117 -30.662218 80.150619 41.993571
118 -30.716329 80.687454 41.993571
119 -30.698466 81.176887 41.993571
120 -30.653202 81.639615 42.907575
121 -30.634177 81.896337 42.907575
122 -30.619294 82.266037 43.787898
123 -30.605315 82.805846 43.787898
124 -30.613345 82.998044 43.787898
125 -30.629973 83.442684 44.807365
126 -30.622248 83.932539 45.783185
127 -30.639385 84.426965 45.783185
128 -30.663769 84.620201 45.783185
129 -30.715314 85.061772 45.783185
130 -30.703528 85.265524 46.760026
131 -30.655110 85.657376 46.760026
132 -30.636362 86.146911 46.760026
133 -30.639911 86.681889 47.822380
134 -30.658468 87.176481 47.822380
135 -30.654204 87.371304 48.794467
136 -30.635480 87.815909 48.794467
137 -30.614651 88.555501 49.932154
138 -30.620736 88.830428 49.932154
139 -30.673634 89.322365 49.932154
140 -30.682512 89.517011 50.863936
141 -30.686069 89.961947 50.863936
142 -30.664321 90.456455 51.853833
143 -30.625210 90.939855 51.853833
144 -30.523097 91.428264 52.912191
145 -30.429859 91.694128 52.912191
146 -30.238827 92.039784 52.912191
147 -30.045670 92.510350 53.971289
148 -29.968027 92.856557 54.951797
149 -29.916342 93.103683 54.951797
150 -29.896377 93.364183 54.951797
151 -29.944114 93.756218 54.951797
152 -29.969459 94.275500 55.785482
153 -29.953158 94.479079 55.785482
154 -29.902933 94.870668 55.785482
155 -29.883082 95.385203 56.834672
156 -29.860256 95.879624 56.834672
157 -29.860728 96.344521 56.834672
158 -29.860501 96.609472 57.720880
159 -29.851492 97.164388 58.706899
160 -29.867032 97.255294 58.706899
161 -29.970680 97.636268 58.706899
162 -30.025597 98.117559 58.706899
163 -29.937429 98.658282 59.661210
164 -29.857312 98.834452 59.661210
165 -29.676080 99.211939 60.680310
166 -29.588854 99.683125 60.680310
167 -29.585877 99.944784 61.304649
168 -29.619720 100.338164 61.304649
169 -29.623020 100.595577 61.304649
171 -29.607267 101.562946 62.291733
172 -29.635730 101.719987 62.291733
173 -29.808155 102.129800 63.415613
174 -29.886668 102.356422 63.415613
175 -29.982762 102.764238 64.236594
176 -29.898125 103.283280 64.236594
177 -29.747175 103.786098 64.236594
178 -29.640442 104.299801 65.057667
179 -29.620024 104.593847 65.057667
180 -29.614314 104.918797 66.049224
181 -29.604618 105.278619 66.049224
183 -29.598932 106.368516 67.175144
184 -29.591457 106.843339 67.175144
185 -29.579313 107.177990 68.193401
186 -29.586953 107.502871 68.193401
187 -29.591471 108.027851 69.240595
188 -29.593165 108.512839 69.240595
189 -29.584771 108.987685 69.240595
190 -29.564875 109.321841 70.201567
191 -29.517595 109.643277 70.201567
192 -29.502124 110.167848 71.191713
193 -29.524487 110.642195 71.191713
196 -29.520518 111.401120 72.128358
197 -29.506048 111.915904 72.128358
198 -29.500861 112.410874 73.146018
199 -29.467173 112.894478 73.146018
200 -29.450127 113.158706 74.188544
201 -29.444040 113.543605 74.188544
202 -29.417769 114.067939 75.181514
203 -29.388515 114.541953 75.181514
204 -29.366816 114.866181 75.181514
205 -29.345652 115.200508 76.120562
206 -29.317584 115.709724 76.120562
209 -29.103005 117.082209 78.142050
210 -29.099635 117.126541 78.142050
211 -29.123676 117.188654 78.142050
212 -29.205705 117.251242 78.937570
213 -29.262766 117.269788 78.937570
214 -29.320183 117.255475 79.136464
215 -29.438291 117.123260 79.201641
216 -29.489717 116.711485 79.201641
217 -29.425585 116.180367 79.201641
218 -29.378180 115.773173 79.201641
219 -29.362079 115.521189 79.201641
224 -29.546901 113.792507 79.320237
225 -29.633332 113.685742 79.320237
226 -29.795258 113.317448 79.320237
227 -29.809810 113.054800 79.320237
228 -29.693354 112.682836 79.320237
229 -29.557387 112.196815 79.295523
230 -29.522461 111.977310 79.295523
231 -29.472248 111.585534 79.295523
232 -29.423642 111.078191 79.295523
233 -29.424276 110.853398 79.295523
234 -29.441787 110.458797 79.295523
239 -29.404745 108.774816 79.295523
240 -29.413829 108.450695 79.295523
241 -29.522938 108.134074 79.295523
242 -29.620996 107.664892 79.295523
243 -29.649947 107.176040 79.295523
244 -29.646888 106.816087 79.295523
245 -29.632507 106.481396 79.295523
246 -29.625097 106.156537 79.469869
247 -29.630988 105.821589 79.469869
248 -29.633448 105.496690 79.469869
249 -29.619639 105.162003 79.469869
254 -29.641581 102.922933 79.469869
255 -29.652504 102.548472 79.469869
256 -29.720077 102.355664 79.469869
257 -29.830722 101.987637 79.469869
258 -29.871012 101.653096 79.469869
259 -29.847984 101.318890 79.469869
260 -29.834246 100.996773 79.469869
261 -29.837087 100.686786 79.469869
262 -29.841760 100.176808 79.469869
263 -29.845685 99.666823 79.469869
264 -29.847505 99.146827 79.469869
269 -29.830904 97.485433 79.469869
270 -29.853976 97.081778 79.469869
271 -29.938205 96.538288 79.469869
272 -29.973225 96.033465 79.469869
273 -29.957898 95.884265 79.469869
274 -29.925720 95.435581 79.469869
275 -29.925123 95.205636 79.469869
276 -29.932819 94.780706 79.469869
277 -29.932276 94.545754 79.469869
278 -29.921753 94.120886 79.469869
279 -29.903693 93.886852 79.469869
284 -29.871900 91.923505 79.469869
285 -29.891786 91.554195 79.469869
286 -29.952410 91.316860 79.469869
287 -30.008649 90.906007 79.469869
288 -29.981683 90.662683 79.469869
289 -29.942168 90.249694 79.469869
290 -29.937966 90.004730 79.469869
291 -29.931248 89.589792 79.469869
292 -29.936788 89.347356 79.469869
293 -29.943996 88.932430 79.469869
294 -29.936153 88.707577 79.469869
300 -29.888029 86.776841 79.469869
301 -29.883673 86.482024 79.469869
302 -29.949620 86.220303 79.469869
303 -30.004412 85.839555 79.469869
304 -29.973506 85.566454 79.469869
305 -29.934650 85.073141 79.469869
306 -29.921048 84.623365 79.469869
307 -29.928100 84.088420 79.469869
308 -29.915958 83.598705 79.469869
309 -29.899375 83.264254 79.469869
310 -29.902209 82.939273 79.469869
315 -29.860442 80.826596 79.469869
316 -29.849560 80.377972 79.469869
317 -29.908816 79.836270 79.469869
318 -29.912326 79.671308 79.469869
319 -29.920404 79.196386 79.469869
320 -29.914183 78.711440 79.469869
321 -29.902542 78.361689 79.469869
322 -29.882672 78.037298 79.469869
323 -29.868944 77.467491 79.469869
324 -29.880221 77.302877 79.469869
325 -29.891750 76.828178 79.469869
331 -29.830698 74.725447 79.469869
332 -29.848595 74.401611 79.469869
333 -29.923544 74.075242 79.469869
334 -29.957271 73.754945 79.469869
335 -29.919076 73.422149 79.469869
336 -29.885352 72.928385 79.469869
337 -29.875900 72.458609 79.469869
338 -29.870283 72.159052 79.469869
339 -29.831652 71.826429 79.469869
340 -29.822057 71.504172 79.469869
341 -29.829886 71.169263 79.469869
347 -29.803686 68.955120 79.469869
348 -29.811950 68.630315 79.469869
349 -29.861372 68.421132 79.469869
350 -29.917369 67.939821 79.469869
351 -29.919540 67.450167 79.469869
352 -29.889887 66.976126 79.469869
353 -29.875240 66.601448 79.469869
354 -29.819852 66.342356 79.469869
355 -29.772512 65.930350 79.469869
356 -29.778442 65.715432 79.469869
357 -29.789435 65.280572 79.469869
363 -29.727813 63.315833 79.469869
364 -29.751006 63.122463 79.469869
365 -29.835219 62.644875 79.469869
366 -29.881103 62.157376 79.469869
367 -29.891783 61.682550 79.469869
368 -29.881706 61.262671 79.469869
369 -29.892806 61.047961 79.469869
370 -29.893586 60.563093 79.469869
371 -29.877043 60.163470 79.469869
372 -29.841224 59.900951 79.469869
373 -29.823366 59.531515 79.469869
379 -29.851744 57.555192 79.469869
380 -29.842330 57.355473 79.469869
381 -29.897633 56.894095 79.469869
382 -29.962380 56.408419 79.469869
383 -29.990144 56.034680 79.469869
384 -29.956764 55.774335 79.469869
385 -29.932201 55.405286 79.469869
386 -29.942873 55.140504 79.469869
387 -29.940821 54.725578 79.469869
388 -29.902825 54.514003 79.469869
389 -29.867377 54.080731 79.469869
395 -29.837546 52.082321 79.469869
396 -29.868280 51.748906 79.469869
397 -29.937793 51.208372 79.469869
398 -29.956447 50.961794 79.469869
399 -29.955155 50.601802 79.469869
400 -29.950702 50.091821 79.469869
401 -29.955564 49.604419 79.469869
402 -29.944169 49.112153 79.469869
403 -29.941809 48.619732 79.469869
404 -29.930291 48.142439 79.469869
405 -29.928367 47.915103 79.469869
411 -29.908569 45.807265 79.469869
412 -29.901988 45.424107 79.469869
413 -30.182605 45.045321 79.469869
414 -30.804475 44.883734 79.469869
415 -31.447407 44.927622 79.469869
416 -32.090417 45.003716 79.469869
417 -32.733385 45.049218 79.469869
418 -33.381235 44.999746 79.469869
419 -34.021738 44.906130 79.469869
420 -34.655880 44.764605 79.469869
421 -35.276857 44.572620 79.469869
429 -39.656780 43.120789 79.469869
430 -40.220595 42.902491 79.469869
431 -40.860734 42.811731 79.469869
432 -41.505638 42.755160 79.469869
433 -42.147364 42.652394 79.469869
434 -42.786969 42.536630 79.469869
435 -43.424218 42.408849 79.469869
436 -44.050468 42.236308 79.469869
437 -44.658844 42.008374 79.469869
438 -45.245459 41.728500 79.469869
439 -45.820004 41.424603 79.469869
446 -46.874602 40.466587 79.469869
447 -46.748264 40.352844 79.469869
448 -46.509327 40.155809 79.469869
449 -46.069217 39.987173 79.469869
450 -45.422048 39.929296 79.469869
451 -44.780766 39.824880 79.469869
452 -44.159505 39.654693 79.469869
453 -43.554360 39.424454 79.469869
454 -42.933273 39.241814 79.469869
455 -42.302050 39.097869 79.469869
456 -41.665896 38.964456 79.469869
464 -36.628880 37.725564 79.469869
465 -36.118549 37.657289 79.469869
466 -35.474236 37.571786 79.469869
467 -34.834184 37.458559 79.469869
468 -34.198053 37.325326 79.469869
469 -33.568826 37.172712 79.469869
470 -32.933328 37.036326 79.469869
471 -32.296689 36.906482 79.469869
472 -31.736021 36.595088 79.469869
473 -31.339420 36.094731 79.469869
474 -31.237938 35.891982 79.469869
483 -30.236403 32.651808 79.469869
484 -30.154419 32.174639 79.469869
485 -30.171744 31.680160 79.469869
486 -30.196389 31.286020 79.469869
487 -30.156905 31.024081 79.469869
488 -30.091144 30.614328 79.469869
489 -30.074085 30.400030 79.469869
490 -30.008384 29.914665 79.469869
491 -29.865258 29.420944 79.469869
492 -29.680308 28.978093 79.469869
493 -29.549726 28.584302 79.469869
502 -28.549424 24.732015 79.469869
503 -28.518716 24.567037 79.469869
504 -28.704952 24.228754 79.469869
505 -29.154142 23.802003 79.469869
506 -29.639054 23.369170 79.469869
507 -30.102678 22.917273 79.469869
508 -30.534033 22.441405 79.469869
509 -30.901035 21.992387 79.469869
510 -31.321062 21.506341 79.469869
511 -31.647562 21.098472 79.469869
512 -31.818488 20.896018 79.469869
522 -34.655494 17.804528 79.469869
523 -34.655494 17.804528 79.469869
524 -34.498030 17.749317 79.469869
525 -34.073370 17.935070 79.469869
526 -33.715842 18.444947 79.469869
527 -33.620492 18.667318 79.469869
528 -33.463985 19.062278 79.469869
529 -33.318123 19.360765 79.469869
530 -33.144649 19.635480 79.469869
531 -32.812732 20.129223 79.469869
532 -32.542424 20.570471 79.469869
543 -31.404815 25.183388 79.469869
544 -31.401984 25.598305 79.469869
545 -31.419106 25.834655 79.469869
546 -31.469102 26.170679 79.469869
547 -31.478287 26.450279 79.469869
548 -31.464230 26.815007 79.469869
549 -31.453167 27.329879 79.469869
550 -31.458824 27.549648 79.469869
551 -31.416183 27.961490 79.469869
552 -31.296534 28.420419 79.469869
553 -31.100659 28.917943 79.469869
564 -30.873636 33.393480 79.469869
565 -30.907251 33.600241 79.469869
566 -30.968626 34.045585 79.469869
567 -30.984215 34.565275 79.469869
568 -30.974510 34.714961 79.469869
569 -30.953844 35.164458 79.469869
570 -30.955238 35.364418 79.469869
571 -30.963287 35.814346 79.469869
572 -30.960864 36.014301 79.469869
573 -30.953159 36.464232 79.469869
574 -30.957315 36.664157 79.469869
585 -31.003392 40.707487 79.469869
586 -31.018903 40.982047 79.469869
587 -31.031048 41.486887 79.469869
588 -31.032902 41.794276 79.469869
589 -31.013932 42.118716 79.469869
590 -31.006470 42.428478 79.469869
591 -31.023094 42.753044 79.469869
592 -31.034427 43.097771 79.469869
593 -31.066711 43.375837 79.469869
594 -31.082634 43.885528 79.469869
595 -31.083995 44.192891 79.469869
607 -31.057262 47.993813 79.469869
608 -31.092576 48.417342 79.469869
609 -31.119367 48.936623 79.469869
610 -31.111624 49.101441 79.469869
611 -31.100062 49.571281 79.469869
612 -31.107909 49.745979 79.469869
613 -31.126938 50.170491 79.469869
614 -31.136100 50.700411 79.469869
615 -31.123857 50.864956 79.469869
616 -31.102045 51.334409 79.469869
617 -31.111158 51.499157 79.469869
628 -31.179399 55.527361 79.469869
629 -31.162394 55.856911 79.469869
630 -31.176665 56.261297 79.469869
631 -31.259745 56.528521 79.469869
632 -31.365023 57.016401 79.469869
633 -31.382855 57.325604 79.469869
634 -31.368973 57.650307 79.469869
635 -31.359919 57.995111 79.469869
636 -31.376536 58.269607 79.469869
637 -31.403458 58.778864 79.469869
638 -31.407746 59.088700 79.469869
650 -31.394673 63.196192 79.469869
651 -31.407167 63.360707 79.469869
652 -31.419575 63.830528 79.469869
653 -31.439238 64.004106 79.469869
654 -31.468214 64.427935 79.469869
655 -31.474573 64.962886 79.469869
656 -31.466374 65.137575 79.469869
657 -31.448817 65.562174 79.469869
658 -31.453591 65.786974 79.469869
659 -31.466262 66.211753 79.469869
660 -31.464658 66.436703 79.469869
671 -31.495462 70.630184 79.469869
672 -31.490187 71.130136 79.469869
673 -31.489719 71.452537 79.469869
674 -31.469753 71.751870 79.469869
675 -31.460920 72.251709 79.469869
676 -31.475676 72.761481 79.469869
677 -31.487623 73.228751 79.469869
678 -31.486586 73.686194 79.469869
679 -31.486863 74.196172 79.469869
680 -31.495030 74.706107 79.469869
681 -31.470327 75.215197 79.469869
693 -31.516849 79.453291 79.469869
694 -31.502034 79.878012 79.469869
695 -31.500457 80.397972 79.469869
696 -31.516405 80.917710 79.469869
697 -31.523213 81.062469 79.469869
698 -31.541905 81.321665 79.469869
699 -31.539976 81.794151 79.469869
700 -31.520583 82.318770 79.469869
701 -31.506859 82.468129 79.469869
702 -31.492062 82.917828 79.469869
703 -31.492196 83.417819 79.469869
715 -31.617624 87.409931 79.469869
716 -31.585580 87.657864 79.469869
717 -31.553499 88.111534 79.469869
718 -31.556197 88.421481 79.469869
719 -31.564837 88.631303 79.469869
720 -31.579435 89.071037 79.469869
721 -31.582247 89.384731 79.469869
722 -31.574176 89.749642 79.469869
723 -31.564718 90.149500 79.469869
724 -31.549037 90.373920 79.469869
725 -31.529447 90.858503 79.469869
736 -31.366882 95.504839 79.469869
737 -31.360310 96.024797 79.469869
738 -31.350309 96.209452 79.469869
739 -31.342357 96.649352 79.469869
740 -31.356466 97.164099 79.469869
741 -31.354416 97.286582 79.469869
742 -31.350833 97.706564 79.469869
743 -31.360745 98.130133 79.469869
744 -31.356290 98.375093 79.469869
745 -31.351184 98.890064 79.469869
746 -31.350815 99.370063 79.469869
758 -30.707840 103.491130 79.469869
759 -30.717719 103.855887 79.469869
760 -30.742064 104.340183 79.469869
761 -30.748868 104.637587 79.469869
762 -30.748681 104.910085 79.469869
763 -30.755217 105.382468 79.469869
764 -30.766364 105.854688 79.469869
765 -30.761340 106.197078 79.469869
766 -30.746949 106.491682 79.469869
767 -30.747428 106.961559 79.469869
768 -30.759084 107.476312 79.469869
779 -30.771525 112.529602 79.469869
780 -30.783398 112.979422 79.469869
781 -30.776686 113.314330 79.469869
782 -30.781499 113.619292 79.469869
783 -30.787635 114.144248 79.469869
784 -30.769812 114.588861 79.469869
785 -30.751048 114.973326 79.469869
786 -30.752972 115.278320 79.469869
787 -30.756284 115.803309 79.469869
788 -30.735767 116.247797 79.469869
789 -30.712850 116.762113 79.469869
801 -30.758100 121.149467 81.726495
802 -30.774789 121.653923 81.726495
803 -30.828950 122.080398 82.779828
804 -30.841908 122.299762 82.779828
805 -30.843566 122.714749 82.779828
806 -30.822245 123.174035 83.774101
807 -30.770744 123.382649 83.774101
808 -30.643678 123.866181 83.774101
809 -30.577820 124.064625 84.727445
810 -30.391844 124.429987 84.727445
811 -30.210267 124.948148 84.727445
817 -29.852764 127.251265 84.727445
818 -29.848505 127.301083 84.727445
819 -29.848505 127.301083 84.727445
820 -29.863444 127.314368 84.727445
821 -29.946000 127.300790 84.727445
822 -30.070740 127.062287 84.727445
823 -30.109781 126.619092 84.727445
824 -30.067607 126.373136 84.727445
825 -29.939354 125.869252 84.727445
826 -29.912742 125.686316 84.727445
827 -29.829638 125.249227 84.727445
838 -28.970614 121.061511 84.727445
839 -28.964473 120.721628 84.727445
840 -28.969419 120.201765 84.727445
841 -28.962953 119.922282 84.727445
842 -28.926961 119.493923 84.727445
843 -28.907958 118.989440 84.727445
844 -28.919003 118.469634 84.727445
845 -28.913206 117.989862 84.727445
846 -28.897925 117.480192 84.727445
847 -28.890429 117.237857 84.727445
848 -28.868402 116.813428 84.727445
859 -28.696766 112.603987 84.727445
860 -28.712412 112.224435 84.727445
861 -28.762744 111.966840 84.727445
862 -28.805761 111.514220 84.727445
863 -28.789847 111.004658 84.727445
864 -28.762486 110.625676 84.727445
865 -28.757144 110.360740 84.727445
866 -28.748611 109.990869 84.727445
867 -28.754503 109.725961 84.727445
868 -28.740130 109.276317 84.727445
869 -28.708526 108.882637 84.727445
879 -28.691273 104.393211 84.727445
880 -28.710676 104.031328 84.727445
881 -28.740413 103.869076 84.727445
882 -28.759483 103.419921 84.727445
883 -28.745419 102.900209 84.727445
884 -28.696537 102.410354 84.727445
885 -28.606224 101.961891 84.727445
886 -28.538572 101.773699 84.727445
887 -28.372365 101.307451 84.727445
888 -28.193789 100.787411 84.727445
889 -27.951891 100.285157 84.727445
900 -22.830424 96.525271 84.727445
901 -22.778116 96.486685 84.727445
902 -22.739726 96.504363 84.727445
903 -22.627856 96.754397 84.727445
904 -22.849308 97.260324 84.727445
905 -23.382865 97.626999 84.727445
906 -23.959755 97.926025 84.727445
907 -24.552155 98.193499 84.727445
908 -25.152389 98.442894 84.727445
909 -25.755075 98.686343 84.727445
910 -26.347841 98.952894 84.727445
921 -28.092985 103.383553 84.727445
922 -28.099591 103.858358 84.727445
923 -28.145876 104.381291 84.727445
924 -28.169652 104.815580 84.727445
925 -28.191264 105.014312 84.727445
926 -28.194991 105.489267 84.727445
927 -28.179785 105.953975 84.727445
928 -28.183286 106.498964 84.727445
929 -28.169977 106.898742 84.727445
930 -28.179784 107.098502 84.727445
931 -28.186975 107.578430 84.727445
942 -28.156302 112.540518 84.727445
943 -28.152932 112.960453 84.727445
944 -28.168200 113.445213 84.727445
945 -28.197417 113.924111 84.727445
946 -28.257647 114.114672 84.727445
947 -28.427023 114.579744 84.727445
948 -28.462834 114.725392 84.727445
949 -28.553955 115.165458 84.727445
950 -28.553416 115.364999 84.727445
951 -28.518068 115.813600 84.727445
952 -28.489238 116.307704 84.727445
963 -28.416100 120.619132 84.727445
964 -28.432619 120.817450 84.727445
965 -28.501649 121.261881 84.727445
966 -28.529903 121.755979 84.727445
967 -28.540948 122.280738 84.727445
968 -28.522500 122.735364 84.727445
969 -28.497614 123.184625 84.727445
970 -28.502323 123.604564 84.727445
971 -28.496454 124.129517 84.727445
972 -28.511666 124.549207 84.727445
973 -28.512276 125.074206 84.727445
984 -28.492605 129.013788 84.727445
985 -28.463840 129.412730 84.727445
986 -28.458935 129.637614 84.727445
987 -28.458981 130.062614 84.727445
988 -28.454559 130.287532 84.727445
989 -28.448516 130.712478 84.727445
990 -28.452816 130.937388 84.727445
991 -28.469380 131.367069 84.727445
992 -28.470546 131.592012 84.727445
993 -28.464105 132.016963 84.727445
994 -28.456330 132.241791 84.727445
1006 -28.824519 136.402355 84.727445
1007 -28.824519 136.402355 84.727445
1008 -28.835115 136.419311 84.727445
1009 -28.887401 136.459445 84.727445
1010 -28.985773 136.472882 84.727445
1011 -29.054536 136.461678 84.727445
1012 -29.124392 136.416491 84.727445
1013 -29.244190 136.176444 84.727445
1014 -29.244731 135.664166 84.727445
1015 -29.224266 135.333051 84.727445
1016 -29.222464 135.008089 84.727445
1027 -29.144568 129.989972 84.727445
1028 -29.154437 129.498441 84.727445
1029 -29.217651 129.106037 84.727445
1030 -29.294797 128.876153 84.727445
1031 -29.382904 128.405548 84.727445
1032 -29.381602 128.008288 84.727445
1033 -29.322344 127.750067 84.727445
1034 -29.274242 127.383523 84.727445
1035 -29.275184 127.121025 84.727445
1036 -29.273048 126.751080 84.727445
1037 -29.240679 126.536011 84.727445
1049 -29.251630 121.689634 84.727445
1050 -29.254438 121.197848 84.727445
1051 -29.301318 120.803154 84.727445
1052 -29.312308 120.538382 84.727445
1053 -29.328785 120.123711 84.727445
1054 -29.336155 119.903834 84.727445
1055 -29.346108 119.468954 84.727445
1056 -29.313987 119.256518 84.727445
1057 -29.275346 118.823476 84.727445
1058 -29.276230 118.608478 84.727445
1059 -29.278021 118.173482 84.727445
1071 -29.296153 114.277084 84.727445
1072 -29.329682 113.805941 84.727445
1073 -29.370157 113.458425 84.727445
1074 -29.363020 113.193521 84.727445
1075 -29.355991 112.778581 84.727445
1076 -29.357483 112.613596 84.727445
1077 -29.352877 112.158620 84.727445
1078 -29.349641 111.778665 84.727445
1079 -29.368011 111.514303 84.727445
1080 -29.380958 111.144650 84.727445
1081 -29.334013 110.883931 84.727445
1093 -29.295713 106.962678 84.727445
1094 -29.299939 106.527978 84.727445
1095 -29.345931 106.318011 84.727445
1096 -29.408731 105.837515 84.727445
1097 -29.413257 105.343082 84.727445
1098 -29.349927 104.872384 84.727445
1099 -29.302949 104.480300 84.727445
1100 -29.237802 104.223447 84.727445
1101 -29.081019 103.722520 84.727445
1102 -28.906508 103.275437 84.727445
1103 -28.765839 102.938788 84.727445
1115 -25.423890 98.100909 84.747743
1116 -24.871536 97.758272 84.747743
1117 -24.319403 97.415289 84.747743
1118 -23.783956 97.047009 84.747743
1119 -23.256503 96.667162 84.747743
1120 -22.717988 96.303166 84.747743
1121 -22.172526 95.949669 84.747743
1122 -21.634686 95.585015 84.747743
1123 -21.129522 95.196157 84.747743
1124 -20.629932 94.784361 84.747743
1125 -20.186713 94.317928 84.747743
1137 -18.420491 92.459454 84.747743
1138 -18.420491 92.459454 84.747743
1139 -18.411012 92.462640 84.747743
1140 -18.314918 92.587613 84.747743
1141 -18.404429 93.003167 84.747743
1142 -18.815470 93.499832 84.747743
1143 -19.305597 93.925428 84.747743
1144 -19.815294 94.328584 84.747743
1145 -20.301123 94.746951 84.747743
1146 -20.865386 95.064574 84.747743
1147 -21.490683 95.229681 84.747743
1160 -27.707515 95.033607 84.747743
1161 -27.720287 94.559492 84.747743
1162 -27.759137 94.252175 84.747743
1163 -27.824453 93.933956 84.747743
1164 -27.852914 93.625661 84.747743
1165 -27.841005 93.300880 84.747743
1166 -27.835975 92.955986 84.747743
1167 -27.848976 92.681312 84.747743
1168 -27.853891 92.306394 84.747743
1169 -27.839294 92.031802 84.747743
1170 -27.832715 91.656882 84.747743
1182 -27.830715 87.752900 84.747743
1183 -27.857617 87.474569 84.747743
1184 -27.925955 87.105906 84.747743
1185 -27.998809 86.908966 84.747743
1186 -28.093576 86.495762 84.747743
1187 -28.104130 86.016609 84.747743
1188 -28.075771 85.502397 84.747743
1189 -28.032905 84.989187 84.747743
1190 -28.006219 84.510072 84.747743
1191 -27.989558 83.990339 84.747743
1192 -27.982345 83.665531 84.747743
1204 -28.003898 78.382750 84.747743
1205 -28.023894 77.874371 84.747743
1206 -28.105369 77.360798 84.747743
1207 -28.168323 76.829592 84.747743
1208 -28.181050 76.595012 84.747743
1209 -28.191996 76.170156 84.747743
1210 -28.197880 75.640193 84.747743
1211 -28.207431 75.160353 84.747743
1212 -28.200728 74.680563 84.747743
1213 -28.179929 74.145968 84.747743
1214 -28.177822 73.666078 84.747743
1226 -28.136471 67.803512 84.747743
1227 -28.157815 67.334364 84.747743
1228 -28.222910 67.145416 84.747743
1229 -28.341189 66.660459 84.747743
1230 -28.326923 66.511418 84.747743
1231 -28.285416 66.063542 84.747743
1232 -28.270242 65.543785 84.747743
1233 -28.281034 65.103918 84.747743
1234 -28.296743 64.904562 84.747743
1235 -28.308397 64.409739 84.747743
1236 -28.297128 64.260163 84.747743
1248 -28.219263 59.265052 84.747743
1249 -28.215701 58.915148 84.747743
1250 -28.234322 58.640783 84.747743
1251 -28.251243 58.131097 84.747743
1252 -28.247750 57.646231 84.747743
1253 -28.237973 57.321491 84.747743
1254 -28.247691 56.996644 84.747743
1255 -28.245495 56.511766 84.747743
1256 -28.231730 56.152030 84.747743
1257 -28.216587 55.877454 84.747743
1258 -28.188301 55.378263 84.747743
1271 -28.175846 50.633314 84.747743
1272 -28.200585 50.481589 84.747743
1273 -28.321789 50.111114 84.747743
1274 -28.379116 49.758857 84.747743
1275 -28.353402 49.487601 84.747743
1276 -28.332596 49.125809 84.747743
1277 -28.342490 48.881011 84.747743
1278 -28.351818 48.361108 84.747743
1279 -28.348978 48.076182 84.747743
1280 -28.333622 47.681480 84.747743
1281 -28.329217 47.176675 84.747743
1293 -28.330005 42.056865 84.747743
1294 -28.368003 41.593651 84.747743
1295 -28.423761 41.152189 84.747743
1296 -28.465112 40.936136 84.747743
1297 -28.512037 40.433593 84.747743
1298 -28.509311 40.248931 84.747743
1299 -28.481461 39.864984 84.747743
1300 -28.480751 39.617689 84.747743
1301 -28.496411 39.233027 84.747743
1302 -28.492630 38.763186 84.747743
1303 -28.494370 38.511112 84.747743
1315 -28.986013 34.011711 84.747743
1316 -29.080208 33.613133 84.747743
1317 -29.109721 33.054406 84.747743
1318 -29.090320 32.609900 84.747743
1319 -29.096558 32.224990 84.747743
1320 -29.124603 31.921358 84.747743
1321 -29.167040 31.483435 84.747743
1322 -29.175834 31.303683 84.747743
1323 -29.239977 30.843179 84.747743
1324 -29.293781 30.422956 84.747743
1325 -29.375798 30.240752 84.747743
1338 -30.278654 25.678145 84.747743
1339 -30.374750 25.223247 84.747743
1340 -30.501696 24.744882 84.747743
1341 -30.643146 24.234561 84.747743
1342 -30.788682 23.875669 84.747743
1343 -30.929782 23.616607 84.747743
1344 -31.123128 23.156806 84.747743
1345 -31.271006 22.647897 84.747743
1346 -31.404610 22.192154 84.747743
1347 -31.520643 21.920946 84.747743
1348 -31.788977 21.454329 84.747743
1360 -37.867884 16.193767 84.747743
1361 -37.928902 16.071164 84.747743
1362 -37.998894 15.647903 84.747743
1363 -38.023861 15.134806 84.747743
1364 -38.058659 14.940425 84.747743
1365 -38.159833 14.450783 84.747743
1366 -38.230993 14.259643 84.747743
1367 -38.412482 13.864377 84.747743
1368 -38.514632 13.545815 84.747743
1369 -38.623133 13.207938 84.747743
1370 -38.781462 12.676169 84.747743
1378 -40.027066 9.303613 84.747743
1379 -40.027066 9.303613 84.747743
1380 -39.980707 9.274490 84.747743
1381 -39.781940 9.279042 84.747743
1382 -39.557863 9.590952 84.747743
1383 -39.523351 9.844557 84.747743
1384 -39.525971 10.214431 84.747743
1385 -39.493102 10.534350 84.747743
1386 -39.393951 10.864788 84.747743
1387 -39.203474 11.401747 84.747743
1388 -38.999845 11.838991 84.747743
1402 -36.312473 17.244445 84.747743
1403 -36.312473 17.244445 84.747743
1404 -36.312473 17.244445 84.747743
1405 -36.272087 17.141422 84.747743
1406 -36.282383 16.732163 84.747743
1407 -36.349394 16.229265 84.747743
1408 -36.395851 15.896260 84.747743
1409 -36.436170 15.588964 84.747743
1410 -36.461458 15.079714 84.747743
1411 -36.461117 14.559726 84.747743
1412 -36.474782 14.270657 84.747743
1426 -36.409687 9.129785 84.747743
1427 -36.425807 8.805608 84.747743
1428 -36.523192 8.516671 84.747743
1429 -36.601373 8.170798 84.747743
1430 -36.605371 7.868354 84.747743
1431 -36.602256 7.513395 84.747743
1432 -36.589641 7.208664 84.747743
1433 -36.584368 6.853740 84.747743
1434 -36.592205 6.548841 84.747743
1435 -36.596575 6.078909 84.747743
1436 -36.584285 5.534058 84.747743
1450 -31.877147 -0.649467 84.711864
1451 -31.495506 -1.057257 84.711864
1452 -31.357567 -1.337363 84.711864
1453 -31.298326 -1.681644 84.711864
1454 -31.256144 -2.149424 84.711864
1455 -31.095248 -2.658389 84.711864
1456 -30.926410 -3.007018 84.711864
1457 -30.769206 -3.259583 84.711864
1458 -30.469635 -3.732698 84.711864
1459 -30.115597 -4.246152 84.711864
1460 -29.778892 -4.681030 84.711864
1469 -29.480086 -5.054918 84.711864
1470 -29.480086 -5.054918 84.711864
1471 -29.480086 -5.054918 84.711864
1472 -29.480086 -5.054918 84.711864
1473 -29.480086 -5.054918 84.711864
1474 -29.480086 -5.054918 84.711864
1475 -29.480086 -5.054918 84.711864
1476 -29.480086 -5.054918 84.711864
1477 -29.480086 -5.054918 84.711864
1478 -29.480086 -5.054918 84.711864
1479 -29.582653 -5.160128 84.711864
1495 -29.512879 -10.648715 87.837239
1496 -29.518678 -10.656862 87.837239
1497 -29.720214 -10.727537 87.837239
1498 -30.236667 -10.715968 88.809574
1499 -30.883560 -10.652521 88.809574
1500 -31.526523 -10.601685 88.809574
1501 -32.173408 -10.574288 89.120707
1502 -32.820844 -10.566260 89.120707
1503 -33.468242 -10.573283 89.120707
1504 -34.114960 -10.636846 89.120707
1505 -34.756498 -10.723950 89.120707
1522 -40.073172 -12.035027 89.120707
1523 -40.073172 -12.035027 89.120707
1524 -40.089981 -12.062712 89.120707
1525 -40.260861 -12.127338 89.120707
1526 -40.535608 -11.900889 89.120707
1527 -40.623985 -11.396954 89.120707
1528 -40.617028 -10.912111 89.120707
1529 -40.650630 -10.383538 89.120707
1530 -40.704391 -10.227706 89.120707
1531 -40.890142 -9.796001 89.120707
1532 -40.935888 -9.627742 89.120707
1550 -43.188102 -3.418987 89.120707
1551 -43.188102 -3.418987 89.120707
1552 -43.069728 -3.365097 89.120707
1553 -42.748104 -3.502875 89.120707
1554 -42.541892 -4.007853 89.120707
1555 -42.473601 -4.501876 89.120707
1556 -42.445537 -5.005861 89.120707
1557 -42.372651 -5.373142 89.120707
1558 -42.254840 -5.643584 89.120707
1559 -42.010175 -6.141659 89.120707
1560 -41.804955 -6.536484 89.120707
1579 -34.844885 -11.981063 89.120707
1580 -34.207090 -12.106215 89.120707
1581 -33.571672 -12.243102 89.120707
1582 -32.937736 -12.386704 89.120707
1583 -32.304009 -12.531170 89.120707
1584 -31.689798 -12.739101 89.120707
1585 -31.185128 -13.140933 89.120707
1586 -30.848668 -13.654593 89.120707
1587 -30.661935 -14.074461 89.120707
1588 -30.599278 -14.280122 89.120707
1589 -30.443579 -14.760507 91.304001
1608 -29.099880 -22.543592 98.797270
1609 -29.061969 -22.984890 98.797270
1610 -29.122732 -23.490948 98.797270
1611 -29.195806 -24.010805 100.549792
1612 -29.225520 -24.494750 100.549792
1613 -29.242036 -25.024484 101.583565
1614 -29.234509 -25.504347 101.583565
1615 -29.233543 -25.984253 101.583565
1616 -29.241100 -26.514199 102.578851
1617 -29.256455 -26.998909 102.578851
1618 -29.258326 -27.528888 103.881955
1630 -29.369452 -32.567846 109.566513
1631 -29.388677 -32.987376 109.566513
1632 -29.399962 -33.517237 109.566513
1633 -29.391302 -33.696899 110.618718
1634 -29.368394 -34.131260 110.618718
1635 -29.332596 -34.367762 110.618718
1636 -29.223240 -34.731457 111.576434
1637 -29.155853 -35.236317 111.576434
1638 -29.155471 -35.401311 112.684430
1639 -29.149989 -35.871279 112.684430
1640 -29.157541 -36.045995 112.684430
1653 -29.148192 -41.117429 117.734025
1654 -29.204607 -41.633819 117.734025
1655 -29.287119 -42.121853 118.697012
1656 -29.312421 -42.330164 118.697012
1657 -29.317548 -42.745067 119.661944
1658 -29.308742 -43.054746 119.661944
1659 -29.278247 -43.373161 119.661944
1660 -29.266495 -43.918005 120.785516
1661 -29.268437 -44.162949 120.785516
1662 -29.280449 -44.587779 120.785516
1663 -29.285750 -45.037656 121.825534
1677 -29.220223 -50.135343 126.856221
1678 -29.218638 -50.450282 126.856221
1679 -29.229364 -50.815125 126.856221
1680 -29.234971 -51.314977 127.868451
1681 -29.226615 -51.804870 127.868451
1682 -29.241922 -52.304558 128.836101
1683 -29.248555 -52.609314 128.836101
1684 -29.227429 -52.973687 128.836101
1685 -29.202601 -53.462951 129.978232
1686 -29.195791 -53.952868 129.978232
1687 -29.196924 -54.357666 129.978232
1702 -29.158613 -60.513299 137.351014
1703 -29.211868 -60.990245 137.351014
1704 -29.271984 -61.456297 137.351014
1705 -29.289731 -61.970978 138.349199
1706 -29.269313 -62.119519 138.349199
1707 -29.227788 -62.562313 138.349199
1708 -29.231752 -62.739626 139.547056
1709 -29.246444 -63.164356 139.547056
1710 -29.250449 -63.604311 140.357618
1711 -29.240441 -63.879129 140.357618
1712 -29.224821 -64.363868 140.357618
1742 -29.628883 -75.288788 151.773058
1743 -29.659721 -75.450878 151.773058
1744 -29.704503 -75.873285 152.736705
1745 -29.703031 -76.097956 152.736705
1746 -29.680652 -76.517335 152.736705
1747 -29.671637 -76.957212 153.713569
1748 -29.677837 -77.232142 153.713569
1749 -29.688103 -77.717032 153.713569
1750 -29.695539 -77.866845 154.712188
1751 -29.703483 -78.311758 154.712188
1752 -29.687389 -78.791443 155.721357
1771 -29.860451 -86.468630 163.101261
1772 -29.885405 -86.867849 163.101261
1773 -29.906824 -87.016312 164.152433
1774 -29.949197 -87.464174 164.152433
1775 -29.958095 -87.791355 164.152433
1776 -29.932700 -88.077729 165.140005
1777 -29.897104 -88.553846 165.140005
1778 -29.905894 -88.753631 165.140005
1779 -29.907469 -89.233613 165.140005
1780 -29.902914 -89.613560 166.138561
1781 -29.888126 -89.918201 166.138561
1819 -29.982863 -100.337935 178.502497
1820 -29.918989 -100.609543 178.502497
1821 -29.930980 -101.076074 178.502497
1822 -29.987791 -101.623018 178.502497
1823 -29.983767 -102.084133 178.502497
1824 -29.952474 -102.559354 178.666005
1825 -29.952944 -102.756850 178.666005
1826 -29.950531 -103.236844 179.665081
1827 -29.955267 -103.711720 179.665081
1828 -29.933426 -104.251273 179.665081
1829 -29.901987 -104.695047 180.824173
1852 -29.665771 -112.982188 180.624310
1853 -29.682011 -113.007318 180.624310
1854 -29.786673 -113.041274 180.617002
1855 -30.035312 -112.824969 180.617002
1856 -30.116003 -112.367922 180.617002
1857 -30.061681 -112.176718 180.617002
1858 -29.892054 -111.717335 180.617002
1859 -29.800136 -111.241566 180.617002
1860 -29.753907 -110.718758 180.617002
1861 -29.752319 -110.193910 180.617002
1862 -29.765910 -109.936835 180.617002
