6 -38.000000 58.000000 -0.326647
7 -38.000000 58.000000 19.900252
8 -37.947911 57.927768 19.900252
9 -37.674202 57.848325 19.900252
10 -37.129555 57.863622 19.930379
11 -36.481245 57.910445 19.930379
12 -35.832619 57.952044 20.302217
13 -35.188236 57.980241 21.328386
14 -34.541361 58.008683 21.328386
15 -33.894005 58.010574 21.339635
16 -33.246586 58.010584 21.311500
17 -32.599402 58.030753 21.311500
18 -31.957022 58.000352 21.311500
19 -31.384125 57.703784 21.339635
20 -30.880687 57.293454 21.339635
21 -30.402211 56.853499 22.230161
22 -29.919687 56.418001 22.230161
23 -29.426049 55.995143 22.594248
24 -28.925862 55.580097 23.836528
25 -28.393604 55.207337 23.836528
26 -27.874405 54.816457 24.374168
27 -27.365801 54.411718 24.927496
28 -26.834523 54.050905 24.927496
29 -26.427812 53.847662 25.394882
30 -26.408413 53.852468 25.394882
31 -26.338967 53.932741 25.394882
32 -26.331715 54.078394 25.394882
33 -26.555890 54.251177 25.394882
34 -27.036544 54.376725 25.394882
35 -27.460635 54.433994 25.394882
36 -27.816186 54.690523 25.394882
37 -27.949117 55.062754 25.639424
38 -27.881960 55.323822 25.639424
39 -27.794454 55.810689 25.639424
40 -27.765137 56.234515 25.639424
41 -27.796654 56.370279 25.639424
42 -27.862461 56.471284 25.639424
43 -28.080502 56.581913 25.639424
44 -28.611272 56.635259 25.639424
45 -29.260802 56.655217 25.639424
46 -29.904561 56.741815 25.639424
47 -30.535413 56.896853 25.639424
48 -31.148145 57.112495 25.639424
49 -31.737781 57.363659 25.639424
50 -32.377769 57.450339 25.639424
51 -33.024093 57.385755 25.639424
52 -33.659577 57.250715 25.639424
53 -34.275484 57.043714 25.639424
54 -34.876456 56.802851 25.639424
55 -35.463985 56.524955 25.639424
56 -36.039955 56.223774 25.639424
57 -36.615460 55.921639 25.639424
58 -37.191840 55.621170 25.639424
59 -37.770573 55.325262 25.639424
60 -38.352674 55.036045 25.639424
61 -38.932745 54.742833 25.639424
62 -39.507661 54.439579 25.639424
63 -39.527645 54.439431 25.639424
64 -39.664435 54.549850 25.639424
65 -39.653686 54.952677 25.639424
66 -39.157219 55.285743 25.639424
67 -38.515169 55.365839 25.639424
68 -37.868017 55.385323 25.639424
69 -37.224592 55.473670 25.394882
70 -36.590443 55.615989 25.394882
71 -35.964096 55.789426 25.394882
72 -35.349250 56.000046 25.394882
73 -34.742437 56.233006 25.394882
74 -34.742437 56.233006 25.394882
75 -34.677563 56.156095 25.394882
76 -34.701107 55.990243 25.394882
77 -35.040530 55.827114 25.394882
78 -35.647905 55.826275 25.394882
79 -36.295157 55.832329 25.394882
80 -36.942944 55.781142 25.639424
81 -37.582041 55.664352 25.639424
82 -38.211125 55.501029 25.639424
83 -38.835433 55.320145 25.658138
84 -39.461777 55.146578 25.658138
85 -39.523876 55.127375 25.658138
86 -39.608543 55.218675 25.658138
87 -39.584437 55.447019 25.658138
88 -39.179284 55.656173 25.658138
89 -38.540262 55.713902 25.658138
90 -37.892840 55.713504 25.658138
91 -37.246784 55.778866 25.658138
92 -36.607945 55.898724 25.658138
93 -35.973982 56.042094 25.658138
94 -35.342297 56.195155 25.658138
95 -34.717821 56.375430 25.658138
96 -34.103632 56.587965 25.658138
97 -33.511283 56.848607 25.658138
98 -32.937506 57.142378 25.658138
99 -32.312607 57.305843 25.658138
100 -31.669615 57.351409 25.658138
101 -31.024636 57.349094 25.658138
102 -30.377144 57.345847 25.658138
103 -29.729651 57.342908 25.658138
104 -29.083339 57.370411 25.658138
105 -28.444914 57.491689 25.658138
106 -27.834821 57.681587 25.658138
107 -27.236798 57.907627 25.658138
108 -26.593202 57.985826 25.658138
109 -25.947302 57.952172 25.658138
110 -25.307651 57.837609 25.658138
111 -24.676698 57.681682 25.658138
112 -24.075207 57.486686 25.658138
113 -23.691147 57.343179 25.658138
114 -23.487810 57.259256 25.639424
115 -23.474068 57.253244 25.639424
116 -23.474068 57.253244 25.639424
117 -23.406872 57.335826 25.658138
118 -23.389561 57.534393 25.658138
119 -23.657371 57.765866 25.658138
120 -24.258422 57.898987 25.658138
121 -24.905425 57.960307 25.658138
122 -25.548804 58.033108 25.639424
123 -26.193334 58.093425 25.639424
124 -26.840532 58.110972 25.639424
125 -27.487885 58.100646 25.639424
126 -28.135170 58.092181 25.639424
127 -28.782501 58.086876 25.639424
128 -29.427240 58.029254 25.639424
129 -30.070310 57.934948 25.639424
130 -30.711385 57.827762 25.639424
131 -31.353291 57.725709 25.639424
132 -31.997579 57.640040 25.639424
133 -32.638385 57.531408 25.639424
134 -33.272639 57.389975 25.639424
135 -33.897446 57.210821 25.639424
136 -34.522245 57.031633 25.639424
137 -35.146147 56.849357 25.639424
138 -35.773261 56.678438 25.639424
139 -36.394093 56.486262 25.639424
140 -37.015310 56.295042 25.639424
141 -37.639318 56.113091 25.639424
142 -38.257924 55.913727 25.639424
143 -38.868722 55.691546 25.639424
144 -39.470465 55.445801 25.639424
145 -40.068104 55.190277 25.639424
146 -40.653709 54.908781 25.639424
147 -41.183126 54.537013 25.639424
148 -41.616378 54.210944 25.639424
149 -42.201218 53.976974 25.639424
150 -42.841364 53.885536 25.639424
151 -43.491067 53.878709 25.639424
152 -44.135267 53.940708 25.639424
153 -44.772254 54.068415 25.639424
154 -45.398792 54.221346 25.639424
155 -45.845837 54.305945 25.639424
156 -46.039050 54.332148 25.639424
157 -46.048989 54.333257 25.639424
158 -46.111985 54.257106 25.639424
159 -46.130939 54.096925 25.639424
160 -45.987254 53.931408 25.639424
161 -45.505950 53.838687 25.639424
162 -44.864295 53.866884 25.639424
163 -44.222639 53.895729 25.639424
164 -43.575143 53.895053 25.639424
165 -42.927808 53.906668 25.639424
166 -42.280069 53.959641 25.639424
167 -41.638742 54.063150 25.639424
168 -41.013412 54.238960 25.639424
169 -40.406890 54.472388 25.639424
170 -39.811967 54.734107 25.639424
171 -39.218692 54.999660 25.639424
172 -38.633041 55.281588 25.639424
173 -38.047598 55.563985 25.639424
174 -37.461798 55.845644 25.639424
175 -36.875533 56.126310 25.639424
176 -36.289957 56.408430 25.639424
177 -35.704278 56.684512 25.639424
178 -35.116944 56.962960 25.639424
179 -34.530667 57.243557 25.639424
180 -33.942849 57.520984 25.639424
181 -33.360323 57.809305 25.639424
182 -32.783637 58.103720 25.639424
183 -32.206946 58.403580 25.639424
184 -31.660946 58.753872 25.639424
185 -31.240009 59.223699 25.639424
186 -30.959340 59.684107 25.639424
187 -30.844312 59.900392 25.639424
188 -30.637400 60.294328 25.639424
189 -30.450149 60.700676 25.639424
190 -30.358424 60.855492 25.639424
191 -30.225903 61.210440 25.639424
192 -30.230853 61.765490 25.639424
193 -30.347429 62.150644 25.639424
194 -30.398336 62.390292 25.639424
195 -30.454485 62.801225 25.639424
196 -30.464839 63.046007 25.921806
197 -30.478010 63.460767 25.921806
198 -30.473377 63.700722 25.921806
199 -30.464138 64.180633 26.610149
200 -30.447513 64.500122 26.610149
201 -30.446033 64.800104 26.610149
202 -30.481040 65.323868 27.613403
203 -30.525360 65.811859 27.613403
204 -30.553821 66.300864 27.613403
205 -30.559915 66.665738 28.617827
206 -30.578001 66.960108 28.617827
207 -30.581435 67.435018 29.538111
208 -30.570108 67.829824 29.538111
209 -30.551135 68.074046 30.629724
210 -30.540974 68.568903 30.629724
211 -30.544702 69.103886 30.629724
212 -30.547489 69.158815 30.629724
213 -30.547489 69.158815 31.435331
214 -30.547489 69.158815 31.435331
215 -30.597229 69.117834 32.195962
216 -30.648326 68.974757 32.195962
217 -30.614604 68.869125 32.195962
218 -30.480499 68.774755 32.195962
219 -30.064441 68.729013 32.195962
220 -29.430021 68.705398 32.195962
221 -28.784534 68.632026 32.195962
222 -28.210054 68.522401 32.445955
223 -28.210054 68.522401 32.445955
224 -28.134660 68.610020 32.445955
225 -28.129436 68.994957 32.445955
226 -28.389563 69.481315 32.445955
227 -28.776140 69.981763 32.445955
228 -29.155722 70.441522 32.445955
229 -29.481109 70.947795 32.700153
230 -29.688376 71.352707 33.457137
231 -29.780608 71.579683 33.457137
232 -29.973678 72.051721 34.216078
233 -30.133229 72.412919 35.167314
234 -30.251200 72.598569 35.167314
235 -30.514133 73.040608 35.167314
236 -30.643156 73.405632 35.167314
237 -30.730084 73.687380 35.813126
238 -30.891738 74.186870 35.813126
239 -31.048632 74.687875 35.813126
240 -31.213138 75.159916 36.716481
241 -31.313403 75.383058 36.716481
242 -31.495069 75.783441 37.432873
243 -31.709269 76.295206 37.432873
245 -32.179341 77.012900 38.296997
245 -32.434533 77.307803 38.296997
246 -32.897716 77.759651 39.274674
247 -33.395640 78.177425 39.274674
248 -33.894660 78.593930 39.906140
249 -34.388733 79.016288 39.906140
250 -34.881294 79.440415 39.906140
251 -35.375524 79.862591 39.906140
252 -35.856940 80.299283 39.906140
253 -36.311639 80.760044 39.906140
254 -36.737660 81.237531 39.906140
256 -37.376936 82.036969 39.906140
256 -37.447318 82.140272 39.906140
257 -37.527568 82.218736 39.906140
258 -37.760923 82.315059 39.906140
259 -38.293299 82.250220 39.906140
260 -38.918490 82.073386 39.946214
261 -39.533654 81.863500 39.946214
262 -40.147216 81.648992 39.946214
263 -40.740991 81.386551 39.906140
264 -41.299450 81.080756 39.906140
265 -41.917894 80.896333 39.906140
268 -43.335552 80.972875 39.946214
269 -43.538760 81.024933 39.946214
270 -43.833167 81.104021 39.906140
271 -44.000523 81.133387 39.906140
272 -44.115006 81.144173 39.906140
273 -44.174585 81.137979 39.906140
274 -44.261570 81.089964 39.906140
275 -44.369723 80.906886 39.906140
276 -44.397261 80.436003 39.906140
277 -44.393732 80.136211 39.906140
278 -44.454087 79.781456 39.906140
280 -44.803744 78.796800 39.906140
281 -44.834358 78.701606 39.906140
282 -44.834358 78.701606 39.906140
283 -44.834358 78.701606 39.906140
284 -44.834358 78.701606 39.906140
285 -44.692716 78.837552 39.906140
286 -44.720730 79.333719 39.906140
287 -45.176260 79.785081 39.906140
288 -45.756663 80.071645 39.906140
289 -46.326868 80.382799 39.906140
290 -46.855033 80.761417 39.906140
293 -48.253067 82.047811 39.906140
294 -48.703445 82.402595 39.906140
295 -49.313417 82.579227 39.906140
296 -49.957303 82.519584 39.906140
297 -50.597041 82.419720 39.906140
298 -51.241344 82.356962 39.906140
299 -51.885518 82.360388 39.906140
300 -52.530012 82.443545 39.906140
301 -53.094681 82.537913 39.906140
302 -53.400801 82.586782 39.906140
305 -53.665270 82.626912 39.906140
306 -53.665270 82.626912 39.906140
307 -53.665270 82.626912 39.906140
308 -53.665270 82.626912 39.906140
309 -53.665270 82.626912 39.906140
310 -53.629106 82.579303 39.906140
311 -53.411300 82.477932 39.906140
312 -52.947612 82.505333 39.906140
313 -52.304925 82.584120 39.906140
314 -51.660065 82.641270 39.906140
315 -51.013260 82.671166 39.906140
318 -49.072462 82.643666 39.906140
319 -48.428181 82.560357 39.906140
320 -47.791023 82.432551 39.906140
321 -47.166913 82.260662 39.906140
322 -46.547328 82.064374 39.906140
323 -45.933449 81.858530 39.906140
324 -45.319966 81.651441 39.906140
325 -44.697019 81.466072 39.906140
326 -44.082741 81.253740 39.906140
327 -43.474852 81.023603 39.906140
328 -42.854996 80.828736 39.906140
331 -40.944518 80.483485 39.906140
332 -40.301810 80.439962 39.906140
333 -39.657035 80.497237 39.906140
334 -39.012508 80.557777 39.906140
335 -38.365270 80.566720 39.906140
336 -37.718514 80.536962 39.906140
337 -37.073515 80.482411 39.906140
338 -36.437973 80.349496 39.906140
339 -35.811926 80.174803 39.906140
340 -35.194516 79.971704 39.906140
341 -34.573109 79.781297 39.906140
344 -32.659236 79.475426 39.906140
345 -32.529883 79.462466 39.906140
346 -32.529883 79.462466 39.906140
347 -32.529883 79.462466 39.906140
348 -32.552455 79.535092 39.906140
349 -32.807202 79.673853 41.944010
350 -33.353975 79.759534 41.944010
351 -33.996798 79.692364 41.993571
352 -34.636826 79.594887 42.020233
353 -35.282170 79.543513 42.020233
354 -35.926050 79.505522 42.020233
357 -38.060354 79.458979 42.020233
358 -38.580352 79.459431 42.020233
359 -39.224468 79.429148 42.077310
360 -39.870061 79.379484 42.077310
361 -40.513055 79.328658 42.077310
362 -41.159377 79.290130 42.077310
363 -41.805998 79.256416 42.077310
364 -42.452923 79.229632 42.077310
365 -43.100297 79.217352 42.077310
366 -43.745235 79.208432 42.077310
367 -44.392666 79.199000 42.077310
371 -46.592171 79.154357 42.077310
372 -46.722122 79.150801 42.077310
373 -46.789645 79.227527 42.077310
374 -46.751684 79.362072 42.077310
375 -46.436273 79.490187 42.077310
376 -45.826497 79.526857 42.077310
377 -45.181391 79.471955 42.077310
378 -44.538320 79.422744 42.077310
379 -43.891220 79.401746 42.077310
380 -43.243924 79.416281 42.077310
381 -42.596849 79.439719 42.077310
384 -40.462763 79.500970 42.077310
385 -39.814165 79.538283 42.077310
386 -39.172274 79.623258 42.077310
387 -38.528093 79.687537 42.077310
388 -37.881402 79.719665 42.077310
389 -37.234582 79.749333 42.077310
390 -36.590018 79.772813 42.077310
391 -35.942627 79.784185 42.077310
392 -35.295346 79.793952 42.077310
393 -34.648163 79.853487 42.077310
394 -34.007353 79.960500 42.077310
397 -32.082573 80.795789 42.077310
398 -31.699896 81.091398 42.077310
399 -31.466429 81.496375 42.077310
400 -31.419359 81.726602 43.208564
401 -31.350716 82.166205 43.208564
402 -31.305070 82.638837 43.878241
403 -31.199423 83.055580 43.878241
404 -31.096578 83.266732 44.958870
405 -30.916862 83.678604 44.958870
406 -30.878172 83.854395 44.958870
407 -30.796596 84.317132 45.912308
409 -30.697221 84.908386 46.890724
409 -30.688951 84.957697 46.890724
410 -30.696275 85.017086 46.890724
411 -30.732525 85.087722 46.890724
412 -30.785681 85.132872 46.890724
413 -30.836179 85.144173 47.806485
414 -30.970719 85.065067 47.806485
415 -31.091332 84.641565 47.806485
416 -31.050651 84.140810 47.806485
417 -31.001474 83.681245 47.806485
418 -31.032534 83.504195 47.806485
421 -31.325412 82.084495 47.806485
422 -31.373270 81.942339 47.806485
423 -31.518084 81.511029 47.806485
424 -31.819416 80.973600 47.806485
425 -32.344470 80.602017 47.806485
426 -32.951703 80.378411 47.806485
427 -33.554367 80.148755 47.806485
428 -34.183955 79.990057 47.806485
429 -34.826780 79.944209 47.806485
430 -35.474232 79.950830 47.806485
431 -36.121704 79.955787 47.806485
434 -38.061667 79.943899 47.806485
435 -38.709153 79.939658 47.806485
436 -39.356555 79.929560 47.806485
437 -40.003781 79.910702 47.806485
438 -40.650823 79.886681 47.806485
439 -41.295341 79.861755 47.806485
440 -41.942357 79.836732 47.806485
441 -42.589614 79.819599 47.806485
442 -43.237054 79.810888 47.806485
443 -43.819484 79.801862 47.806485
444 -44.531899 79.790820 47.806485
447 -46.341366 79.747926 47.806485
448 -46.988619 79.730056 47.806485
449 -47.635980 79.717062 47.806485
450 -48.283386 79.706040 47.806485
451 -48.930792 79.694984 47.806485
452 -49.575640 79.681323 47.806485
453 -50.222949 79.671193 47.806485
454 -50.870188 79.687293 47.806485
455 -51.517654 79.680667 47.806485
456 -52.161457 79.645913 47.806485
457 -52.798882 79.522681 47.806485
460 -54.606967 78.796895 47.806485
461 -54.726193 78.745080 47.806485
462 -54.837225 78.587333 47.806485
463 -54.865132 78.114410 47.806485
464 -54.774734 77.668756 47.806485
465 -54.705043 77.428874 47.806485
466 -54.558925 77.072716 47.806485
467 -54.392267 76.533293 47.806485
468 -54.310046 76.293010 47.806485
469 -54.118727 75.959076 47.806485
470 -53.963852 75.580245 47.806485
473 -53.647603 74.237268 47.806485
474 -53.615792 74.131970 47.806485
475 -53.615792 74.131970 47.806485
476 -53.615792 74.131970 47.806485
477 -53.456740 74.291349 47.806485
478 -53.458344 74.776987 47.806485
479 -53.583871 75.234416 47.806485
480 -53.656830 75.478510 47.806485
481 -53.758321 75.849773 47.806485
482 -53.790729 76.039381 47.806485
483 -53.826944 76.558119 47.806485
486 -53.818480 77.410761 47.806485
487 -53.729206 77.800659 47.806485
488 -53.547801 78.344482 47.806485
489 -53.145381 78.848594 47.806485
490 -52.652386 79.269939 47.806485
491 -52.068187 79.537502 47.806485
492 -51.430587 79.643083 47.806485
493 -50.783357 79.657035 47.806485
494 -50.138370 79.661091 47.806485
495 -49.490883 79.665162 47.806485
496 -48.843433 79.672372 47.806485
499 -46.774091 79.724461 47.806485
500 -46.709119 79.726375 47.806485
501 -46.635816 79.619888 47.806485
502 -46.668011 79.239452 47.806485
503 -46.796759 78.715077 47.806485
504 -46.907112 78.250575 47.806485
505 -46.968171 77.762188 47.806485
506 -46.971754 77.574863 47.806485
507 -46.992958 77.130434 47.806485
508 -47.020180 76.927994 47.806485
509 -47.095699 76.540404 47.806485
512 -47.266930 75.277529 47.806485
513 -47.341880 74.854114 47.806485
514 -47.396866 74.661853 47.806485
515 -47.476410 74.178657 47.806485
516 -47.482226 74.028798 47.806485
517 -47.513611 73.579895 47.806485
518 -47.541710 73.382169 47.806485
519 -47.617239 72.938685 47.806485
520 -47.671038 72.426521 47.806485
521 -47.746378 72.003215 47.806485
522 -47.812509 71.814501 47.806485
525 -48.185047 70.379193 47.806485
526 -48.245285 70.123769 47.806485
527 -48.338492 69.719518 47.806485
528 -48.360347 69.510696 47.806485
529 -48.459116 69.061501 47.806485
530 -48.571114 68.574351 47.806485
531 -48.794908 68.040297 47.806485
532 -49.155365 67.509177 47.806485
533 -49.592302 67.034836 47.806485
534 -50.058030 66.581481 47.806485
535 -50.533204 66.145356 47.806485
539 -51.064087 65.453248 47.806485
540 -51.071082 65.434512 47.806485
541 -51.071082 65.434512 47.806485
542 -51.012236 65.397235 47.806485
543 -50.694533 65.407551 47.806485
544 -50.238768 65.785357 47.806485
545 -50.050313 66.091411 47.806485
546 -49.919337 66.388826 47.806485
547 -49.611107 66.896561 47.806485
548 -49.186808 67.388648 47.806485
549 -48.755008 67.860982 47.806485
552 -47.928526 69.145457 47.806485
553 -47.659721 69.665019 47.806485
554 -47.544023 69.851226 47.806485
555 -47.311483 70.170386 47.806485
556 -47.005932 70.691999 47.806485
557 -46.895979 70.855055 47.806485
558 -46.623114 71.206569 47.806485
559 -46.286453 71.703053 47.806485
560 -46.192280 71.897834 47.806485
561 -46.070698 72.273599 47.806485
562 -45.850266 72.798842 47.806485
565 -45.081147 73.866141 47.806485
566 -44.997869 74.025538 47.806485
567 -44.807482 74.405501 47.806485
568 -44.549773 74.930633 47.806485
569 -44.235066 75.383401 47.806485
570 -44.032266 75.668282 47.806485
571 -43.859158 75.943318 47.806485
572 -43.462714 76.390053 47.806485
573 -42.891862 76.695919 47.806485
574 -42.280782 76.917252 47.806485
575 -41.663009 77.119220 47.806485
578 -39.538766 77.726383 47.806485
579 -38.922566 77.925205 47.806485
580 -38.305759 78.130204 47.806485
581 -37.687405 78.330525 47.806485
582 -37.073759 78.544783 47.806485
583 -36.467065 78.777952 47.806485
584 -35.863397 79.018863 47.806485
585 -35.254489 79.246249 47.806485
586 -34.644922 79.471873 47.806485
587 -34.035835 79.698815 47.806485
588 -33.429873 79.933938 47.806485
592 -31.544085 80.946568 47.806485
593 -31.064589 81.383909 47.806485
594 -30.666055 81.865166 47.806485
595 -30.268393 82.353620 47.806485
596 -29.840352 82.839411 47.806485
597 -29.403356 83.320558 47.806485
598 -28.974111 83.795234 47.806485
599 -28.535298 84.267917 47.806485
600 -28.106217 84.729142 47.806485
601 -27.673959 85.207845 47.806485
602 -27.208526 85.656556 47.806485
605 -25.228633 86.440308 48.093451
606 -24.651875 86.538079 48.093451
607 -24.009297 86.635525 48.093451
608 -23.364549 86.693874 48.093451
609 -22.717526 86.718142 48.093451
610 -22.072915 86.740560 48.093451
611 -21.425643 86.753622 48.093451
612 -20.779787 86.708975 48.093451
613 -20.133650 86.667617 48.093451
614 -19.486611 86.643860 48.093451
615 -18.839147 86.586891 48.093451
619 -16.514144 86.408872 48.093451
620 -15.877007 86.294670 48.093451
621 -15.248407 86.129909 48.093451
622 -14.627952 85.936280 48.093451
623 -14.013328 85.724798 48.093451
624 -13.404348 85.497570 48.093451
625 -12.803915 85.248669 48.093451
626 -12.215744 84.972319 48.093451
627 -11.635205 84.679977 48.047685
628 -11.051837 84.393373 48.047685
629 -10.524060 84.075636 48.047685
632 -9.957768 83.708319 48.047685
633 -9.957768 83.708319 48.047685
634 -9.957768 83.708319 48.047685
635 -10.129895 83.671887 48.047685
636 -10.584077 83.766013 48.047685
637 -11.178938 84.008284 48.047685
638 -11.764266 84.290738 48.047685
639 -12.344805 84.577458 48.047685
640 -12.930526 84.859267 48.047685
641 -13.503414 85.166247 48.047685
642 -14.050297 85.500899 48.047685
646 -16.424206 85.915857 48.047685
647 -16.941701 85.915657 48.047685
648 -17.589152 85.907765 48.047685
649 -18.236501 85.894675 48.047685
650 -18.883591 85.871652 48.047685
651 -19.530317 85.841425 48.047685
652 -20.175397 85.762171 48.047685
653 -20.788314 85.668890 48.047685
654 -21.171586 85.544114 48.047685
655 -21.490900 85.201552 48.047685
656 -21.582182 84.674299 48.047685
660 -21.125804 83.935372 48.047685
661 -21.003344 83.891772 48.047685
662 -20.958733 83.913512 48.047685
663 -20.915260 83.970888 48.047685
664 -20.911504 84.010711 48.047685
665 -20.929615 84.062560 48.047685
666 -21.053352 84.229734 48.047685
667 -21.286098 84.323961 48.047685
668 -21.724205 84.398954 48.047685
669 -22.282297 84.711092 48.047685
670 -22.749095 85.163343 48.047685
674 -24.827116 86.426517 48.047685
675 -25.459040 86.578513 48.047685
676 -26.094480 86.688717 48.047685
677 -26.719501 86.852772 48.047685
678 -27.063565 87.024475 48.047685
679 -27.073460 87.025918 48.047685
680 -27.295706 87.060924 48.047685
681 -27.717448 87.208534 48.093451
682 -28.039217 87.638027 48.093451
683 -28.129519 87.901159 48.093451
684 -28.064175 88.219245 49.993800
688 -27.954225 89.842251 50.968422
689 -27.960232 90.201868 50.968422
690 -28.054363 90.481181 52.182947
691 -28.154317 90.923943 52.182947
692 -28.180387 91.413108 52.182947
693 -28.194816 91.942912 53.202444
694 -28.202162 92.302762 53.202444
695 -28.196524 92.597678 54.178409
696 -28.207545 92.962440 54.178409
697 -28.253427 93.200459 55.241470
698 -28.307109 93.702391 55.241470
702 -28.351790 95.421119 57.111295
703 -28.361414 95.520211 57.111295
704 -28.421972 95.613957 57.111295
705 -28.692951 95.745829 58.093889
706 -29.199810 95.720699 58.093889
707 -29.839993 95.623671 58.131059
708 -30.483057 95.548222 58.131059
709 -31.127483 95.543629 58.290479
710 -31.774432 95.570335 58.290479
711 -32.421700 95.586297 58.290479
712 -33.068828 95.608202 58.290479
715 -34.894540 96.015339 58.290479
716 -35.536873 96.084689 58.290479
717 -36.183848 96.061699 58.290479
718 -36.825808 96.036456 58.290479
719 -37.473284 96.031132 58.290479
720 -38.120710 96.022059 58.290479
721 -38.767606 95.994527 58.290479
722 -39.411785 95.962043 58.290479
723 -40.058511 95.930453 58.290479
724 -40.705406 95.902623 58.290479
725 -41.352717 95.887142 58.290479
729 -42.827040 95.842920 58.290479
730 -42.855690 95.851626 58.290479
731 -42.929196 95.938976 58.290479
732 -42.884474 96.058073 58.290479
733 -42.592818 96.183585 58.290479
734 -42.021222 96.250591 58.290479
735 -41.376763 96.189618 58.290479
736 -40.732144 96.129973 58.290479
737 -40.087424 96.112935 58.290479
738 -39.439961 96.106232 58.290479
739 -38.792472 96.108599 58.290479
744 -35.558435 96.185778 58.290479
745 -34.911071 96.199017 58.290479
746 -34.263706 96.212257 58.290479
747 -33.616472 96.205649 58.290479
748 -32.969793 96.174935 58.290479
749 -32.325001 96.185881 58.290479
750 -31.677048 96.235581 58.290479
751 -31.033479 96.306730 58.290479
752 -30.394191 96.391784 58.290479
753 -29.753107 96.499037 58.487093
754 -29.116036 96.614509 58.487093
760 -25.681810 97.301096 59.347283
761 -25.665667 97.312890 59.347283
762 -25.577788 97.472395 59.347283
763 -25.655732 97.924390 59.347283
764 -26.090791 98.400063 59.347283
765 -26.583767 98.823688 59.347283
766 -27.088372 99.212982 59.347283
767 -27.514364 99.634984 59.347283
768 -27.708671 100.093186 59.347283
769 -27.820084 100.570271 59.347283
770 -27.898827 100.837677 61.151124
775 -28.274096 103.070081 63.710125
776 -28.262377 103.264688 63.710125
777 -28.256111 103.704358 64.694513
778 -28.415770 104.209688 64.694513
779 -28.881398 104.655047 65.679373
780 -29.467905 104.932576 65.679373
781 -30.075169 105.164286 66.664683
782 -30.678213 105.406797 66.664683
783 -31.268886 105.677570 67.190029
784 -31.823470 106.016015 67.190029
785 -32.356381 106.388090 67.617306
792 -35.638402 109.047649 68.509415
793 -35.672081 109.084537 68.509415
794 -35.672081 109.084537 68.509415
795 -35.711480 109.078443 68.509415
796 -35.835295 108.945818 68.509415
797 -35.887423 108.480738 68.509415
798 -35.859910 107.993653 68.509415
799 -35.802080 107.526060 68.509415
800 -35.772552 107.184916 68.509415
801 -35.706830 106.907700 68.509415
802 -35.662610 106.400072 68.509415
809 -36.361904 103.110533 68.509415
810 -36.361904 103.110533 68.509415
811 -36.361904 103.110533 68.509415
812 -36.212246 103.048732 68.509415
813 -35.846461 103.174695 68.509415
814 -35.626224 103.698505 68.509415
815 -35.623494 103.857198 68.509415
816 -35.709434 104.237508 68.509415
817 -35.799256 104.716531 68.509415
818 -35.881812 105.018640 68.509415
819 -36.035759 105.349579 68.509415
827 -37.373656 108.329004 68.589358
828 -37.466266 108.682051 68.589358
829 -37.518287 108.972070 69.544949
830 -37.551272 109.335568 69.544949
831 -37.572290 109.865098 70.387073
832 -37.559204 110.094200 70.387073
833 -37.514176 110.506676 70.387073
834 -37.491915 111.011111 71.385853
835 -37.492067 111.516097 71.385853
836 -37.510067 112.005677 71.385853
837 -37.510237 112.235452 71.297265
842 -37.508694 114.369992 71.297265
843 -37.560189 114.751421 71.297265
844 -37.648258 115.263903 71.297265
845 -37.671839 115.747232 71.297265
846 -37.644164 116.010228 71.842188
847 -37.555931 116.384966 71.842188
848 -37.477142 116.715476 71.842188
849 -37.332362 117.017562 71.842188
850 -37.136218 117.525192 71.842188
851 -37.078929 117.780742 71.842188
852 -37.025040 118.161909 72.407872
860 -35.780765 121.116684 73.476119
861 -35.769391 121.133124 73.476119
862 -35.551622 121.221045 73.668039
863 -35.057428 121.022911 73.668039
864 -34.545463 120.626103 73.668039
865 -34.101841 120.158340 73.668039
866 -33.652585 119.688801 73.668039
867 -33.156806 119.268890 73.781434
868 -32.618523 118.904985 73.781434
869 -32.056361 118.578779 73.838879
870 -31.512982 118.223147 73.838879
879 -27.480374 113.949271 73.838879
880 -27.480374 113.949271 73.838879
881 -27.470708 113.951831 73.838879
882 -27.360710 114.076959 73.838879
883 -27.347687 114.227797 73.838879
884 -27.328731 114.181571 73.838879
885 -27.351569 114.214544 73.838879
886 -27.527212 114.463487 73.838879
887 -27.880260 114.746585 73.838879
888 -28.282672 115.031464 73.838879
889 -28.595494 115.540474 73.838879
898 -28.138949 118.758370 79.676973
899 -28.084940 119.199975 79.676973
900 -28.098723 119.411956 80.469249
901 -28.120662 119.856356 80.469249
902 -28.113273 120.053667 80.469249
903 -28.084544 120.532806 81.432794
904 -28.061709 120.984729 81.432794
905 -28.043683 121.198971 81.432794
906 -28.004981 121.642272 82.622152
907 -27.946700 121.849013 82.622152
908 -27.827842 122.324219 82.622152
914 -25.229497 124.027339 84.951398
915 -25.147301 124.044435 84.951398
916 -25.064839 124.129758 84.976350
917 -25.021412 124.460297 84.976350
918 -25.253986 124.941996 84.976350
919 -25.394635 125.104202 84.976350
920 -25.724662 125.438761 84.976350
921 -26.083447 125.893876 84.976350
922 -26.200683 126.052813 84.976350
923 -26.481908 126.453905 84.976350
924 -26.716596 126.897971 84.976350
935 -28.214987 130.542383 84.856231
936 -28.249252 130.638986 84.856231
937 -28.300589 130.722591 84.856231
938 -28.551626 130.838966 84.856231
939 -29.121992 130.806285 84.856231
940 -29.768446 130.773048 84.856231
941 -30.415749 130.787323 84.856231
942 -31.063507 130.839249 84.856231
943 -31.704699 130.929292 84.879326
944 -32.347558 131.025303 84.879326
945 -32.987571 131.123383 84.879326
955 -39.425126 132.984864 84.879326
956 -39.912685 133.094076 84.879326
957 -40.463065 133.424070 84.906654
958 -40.881661 133.917394 84.906654
959 -41.300922 134.404186 84.926439
960 -41.729258 134.869481 84.926439
961 -42.190060 135.327828 84.926439
962 -42.668601 135.767689 84.926439
963 -43.148100 136.206527 84.926439
964 -43.616509 136.646298 84.926439
965 -44.085465 137.096352 84.926439
977 -44.828037 137.835022 84.926439
978 -44.716582 137.727306 84.926439
979 -44.369125 137.418505 84.926439
980 -43.861629 137.012411 84.926439
981 -43.356223 136.603697 84.926439
982 -42.843050 136.204758 84.926439
983 -42.332562 135.802404 84.926439
984 -41.831059 135.388927 84.926439
985 -41.341331 134.961573 84.926439
986 -40.838578 134.549592 84.926439
987 -40.337803 134.135296 84.926439
999 -33.243302 130.943192 84.926439
1000 -32.741202 130.808369 84.926439
1001 -32.127768 130.600184 84.926439
1002 -31.637347 130.180744 84.926439
1003 -31.363094 129.679701 84.926439
1004 -31.261711 129.178217 84.926439
1005 -31.287660 128.666840 84.926439
1006 -31.308719 128.427766 84.926439
1007 -31.331587 128.088583 84.926439
1008 -31.338479 127.803726 84.926439
1009 -31.333347 127.438764 84.926439
1021 -31.618124 122.607638 84.926439
1022 -32.082832 122.171187 84.926439
1023 -32.696817 121.985405 84.926439
1024 -33.343207 121.961550 84.926439
1025 -33.990098 121.989516 84.926439
1026 -34.636976 122.017825 84.926439
1027 -35.284414 122.020709 84.926439
1028 -35.931810 122.009149 84.926439
1029 -36.576697 121.997066 84.926439
1030 -37.224083 121.984935 84.926439
1031 -37.871432 121.971030 84.926439
1043 -45.217082 122.626416 84.926439
1044 -45.217082 122.626416 84.926439
1045 -45.162143 122.698516 84.926439
1046 -44.811514 122.718964 84.926439
1047 -44.537228 122.539245 84.926439
1048 -44.385440 122.264297 84.926439
1049 -44.174542 121.816605 84.926439
1050 -43.845831 121.440005 84.926439
1051 -43.242692 121.236802 84.926439
1052 -42.593816 121.239325 84.926439
1053 -41.950790 121.315083 84.926439
1066 -33.881490 121.784794 84.926439
1067 -33.237596 121.872380 84.926439
1068 -32.600266 121.999504 84.926439
1069 -32.012088 122.176780 84.926439
1070 -31.569300 122.504646 84.926439
1071 -31.321454 122.969046 84.926439
1072 -31.251456 123.188206 84.926439
1073 -31.249144 123.601975 84.926439
1074 -31.326871 124.121016 84.926439
1075 -31.410129 124.583533 84.926439
1076 -31.441512 124.871698 85.083606
1088 -31.378941 129.479791 84.926439
1089 -31.371081 130.002439 84.926439
1090 -31.568069 130.522775 84.926439
1091 -32.011489 130.993446 84.926439
1092 -32.551489 131.354821 84.926439
1093 -33.107834 131.690926 84.926439
1094 -33.654592 132.042215 84.926439
1095 -34.177314 132.428443 84.926439
1096 -34.699743 132.815092 84.926439
1097 -35.236505 133.181671 84.926439
1098 -35.772302 133.549661 84.926439
1111 -36.292387 138.095297 84.926439
1112 -36.270603 138.151203 84.926439
1113 -36.324596 138.233213 84.926439
1114 -36.551950 138.306822 84.926439
1115 -36.759437 138.141208 84.926439
1116 -36.814048 137.603709 84.926439
1117 -36.842269 137.185199 84.926439
1118 -36.900670 136.937914 84.926439
1119 -37.057945 136.586568 84.926439
1120 -37.266786 136.083660 84.926439
1121 -37.356438 135.684288 84.926439
1133 -32.419254 130.817037 84.926439
1134 -31.920187 130.400971 84.926439
1135 -31.555675 129.965416 84.926439
1136 -31.300066 129.484313 84.926439
1137 -31.272693 129.307025 84.926439
1138 -31.267048 128.837313 84.926439
1139 -31.285136 128.362662 84.926439
1140 -31.305496 128.183820 84.926439
1141 -31.334858 127.714824 84.926439
1142 -31.346243 127.294985 84.926439
1143 -31.331628 127.062945 84.926439
1156 -31.507241 122.659553 84.926439
1157 -31.842504 122.119492 84.926439
1158 -32.323723 121.687128 84.926439
1159 -32.826461 121.275116 84.926439
1160 -33.331077 120.865413 84.926439
1161 -33.838381 120.459037 84.926439
1162 -34.347472 120.054910 84.926439
1163 -34.858873 119.653711 84.926439
1164 -35.363879 119.244485 84.926439
1165 -35.868408 118.834677 84.926439
1166 -36.366485 118.417109 84.926439
1179 -39.792410 113.776342 84.926439
1180 -39.908521 113.595432 84.926439
1181 -40.182248 113.183178 84.926439
1182 -40.371732 112.783773 84.926439
1183 -40.470495 112.537905 84.926439
1184 -40.664395 112.055528 84.926439
1185 -40.795359 111.661764 84.926439
1186 -40.935421 111.437107 84.926439
1187 -41.200754 110.996221 84.926439
1188 -41.343067 110.644219 84.926439
1189 -41.421864 110.391490 84.926439
1201 -44.296616 105.339447 84.926439
1202 -44.383454 105.187581 84.926439
1203 -44.502873 104.823364 84.926439
1204 -44.567185 104.377990 84.926439
1205 -44.632082 103.887388 84.926439
1206 -44.643788 103.652855 84.926439
1207 -44.716437 103.259597 84.926439
1208 -44.793669 103.037668 84.926439
1209 -44.950108 102.605109 84.926439
1210 -45.047356 102.453839 84.926439
1211 -45.283983 102.107170 84.926439
1224 -45.414117 101.199775 84.926439
1225 -45.369525 101.172253 84.926439
1226 -45.321770 101.159847 84.926439
1227 -45.241971 101.177161 84.926439
1228 -45.097520 101.338226 84.926439
1229 -45.021443 101.839078 84.926439
1230 -45.032522 102.288734 84.926439
1231 -45.006114 102.505284 84.926439
1232 -44.860556 102.893799 84.926439
1233 -44.799214 103.104578 84.926439
1234 -44.693567 103.505697 84.926439
1247 -42.448838 108.120732 84.926439
1248 -42.410757 108.569889 84.926439
1249 -42.628445 109.155604 84.926439
1250 -43.049459 109.650517 84.926439
1251 -43.513568 110.105419 84.926439
1252 -43.994659 110.542439 84.926439
1253 -44.448184 111.007995 84.926439
1254 -44.761442 111.358178 84.926439
1255 -44.938504 111.568156 84.926439
1256 -45.275380 112.015480 84.926439
1257 -45.663305 112.505422 84.926439
1269 -47.068677 114.044167 84.926439
1270 -46.950511 113.929012 84.926439
1271 -46.634056 113.616154 84.926439
1272 -46.184537 113.160602 84.926439
1273 -45.721049 112.704897 84.926439
1274 -45.250986 112.255967 84.926439
1275 -44.785746 111.805687 84.926439
1276 -44.337299 111.335174 84.926439
1277 -43.867596 110.886208 84.926439
1278 -43.337043 110.511782 84.926439
1279 -42.765628 110.202668 84.926439
1292 -35.122714 106.607748 84.926439
1293 -34.590272 106.365496 84.926439
1294 -33.998362 106.096942 84.926439
1295 -33.398900 105.845696 84.926439
1296 -32.803906 105.584157 84.926439
1297 -32.225977 105.286995 84.926439
1298 -31.699305 104.908585 84.926439
1299 -31.321643 104.466625 84.926439
1300 -31.012723 103.993629 84.926439
1301 -30.752035 103.558218 84.926439
1302 -30.621377 103.365914 84.926439
1315 -28.109443 99.026502 84.926439
1316 -27.852333 98.568775 84.926439
1317 -27.599481 98.091690 84.926439
1318 -27.343877 97.616026 84.926439
1319 -27.262125 97.472734 84.926439
1320 -27.036042 97.072142 84.926439
1321 -26.748408 96.586010 84.926439
1322 -26.409437 96.192193 84.926439
1323 -26.144396 95.867159 84.926439
1324 -25.987125 95.438441 84.926439
1325 -26.019674 95.208464 84.926439
1338 -25.581997 92.921518 84.926439
1339 -25.581997 92.921518 84.926439
1340 -25.581997 92.921518 84.926439
1341 -25.581997 92.921518 84.926439
1342 -25.640155 92.932186 84.926439
1343 -25.749318 93.126187 84.926439
1344 -25.811787 93.564202 84.926439
1345 -25.743159 94.048002 84.926439
1346 -25.659859 94.493973 84.926439
1347 -25.680180 94.626871 84.926439
1348 -25.788478 95.042990 84.926439
1361 -27.626544 92.643594 84.926439
1362 -27.706802 92.439220 84.926439
1363 -27.833754 91.972655 84.926439
1364 -27.860018 91.478867 84.926439
1365 -27.837063 91.104608 84.926439
1366 -27.794675 90.843136 84.926439
1367 -27.772107 90.428867 84.926439
1368 -27.785159 90.214264 84.926439
1369 -27.792189 89.779442 84.926439
1370 -27.760506 89.566877 84.926439
1371 -27.730443 89.133061 84.926439
1384 -27.657748 84.418926 84.926439
1385 -27.672981 84.044385 84.926439
1386 -27.755560 83.792677 84.926439
1387 -27.857087 83.385562 84.926439
1388 -27.872920 83.171146 84.926439
1389 -27.887213 82.686532 84.926439
1390 -27.859318 82.142630 84.926439
1391 -27.760225 81.652891 84.926439
1392 -27.571677 81.153459 84.926439
1393 -27.285201 80.675215 84.926439
1394 -26.977832 80.201341 84.926439
1407 -20.574353 78.178901 84.926439
1408 -19.935376 78.092939 84.926439
1409 -19.293716 78.138892 84.926439
1410 -18.656255 78.234047 84.926439
1411 -18.014936 78.205900 84.926439
1412 -17.375161 78.149347 84.926439
1413 -16.727813 78.155744 84.926439
1414 -16.083633 78.187886 84.926439
1415 -15.437923 78.235624 84.926439
1416 -14.792400 78.286023 84.926439
1417 -14.146318 78.328784 84.926439
1431 -11.034987 78.659903 84.926439
1432 -10.985227 78.546552 84.926439
1433 -11.075620 78.126382 84.926439
1434 -11.329293 77.639563 84.926439
1435 -11.645522 77.211189 84.926439
1436 -11.738517 77.074905 84.926439
1437 -12.004246 76.711833 84.926439
1438 -12.265851 76.289560 84.926439
1439 -12.332321 76.085154 84.926439
1440 -12.500313 75.619704 84.926439
1441 -12.660125 75.223224 84.926439
1456 -14.591504 69.956823 84.926439
1457 -14.615062 69.901641 84.926439
1458 -14.615062 69.901641 84.926439
1459 -14.615062 69.901641 84.926439
1460 -14.615062 69.901641 84.926439
1461 -14.586594 69.917134 84.926439
1462 -14.488389 70.135494 84.926439
1463 -14.485187 70.617820 84.926439
1464 -14.542362 71.126718 84.926439
1465 -14.631450 71.740278 84.926439
1466 -14.669675 72.094438 84.926439
1481 -18.374853 77.498462 84.926439
1482 -19.021515 77.486411 84.926439
1483 -19.659237 77.609911 84.926439
1484 -20.282709 77.784366 84.926439
1485 -20.904933 77.963221 84.926439
1486 -21.534763 78.123738 84.926439
1487 -22.168453 78.268366 84.926439
1488 -22.800970 78.418095 84.926439
1489 -23.434300 78.564255 84.926439
1490 -24.069036 78.691930 84.926439
1491 -24.706155 78.820570 84.926439
1506 -27.826401 84.783112 84.926439
1507 -27.822109 85.097876 84.926439
1508 -27.884453 85.608894 84.926439
1509 -27.959214 86.072861 84.926439
1510 -28.003573 86.361840 84.926439
1511 -28.041249 86.724882 84.926439
1512 -28.056799 87.016869 84.926439
1513 -28.059656 87.381858 84.926439
1514 -28.069365 87.856689 84.926439
1515 -28.106074 88.390427 84.926439
1516 -28.118224 88.860152 84.926439
1531 -27.880856 94.167785 84.926439
1532 -27.840197 94.681001 84.926439
1533 -27.807764 94.972888 84.926439
1534 -27.704726 95.322557 84.926439
1535 -27.589526 95.787674 84.926439
1536 -27.208210 96.261120 84.926439
1537 -26.607137 96.479640 84.926439
1538 -25.957970 96.485032 84.926439
1539 -25.315664 96.387782 84.926439
1540 -24.690790 96.228795 84.926439
1541 -24.072583 96.028068 84.926439
1555 -18.381181 92.913530 84.926439
1556 -18.381181 92.913530 84.926439
1557 -18.353710 92.925403 84.926439
1558 -18.251832 93.107974 84.926439
1559 -18.407920 93.577870 84.926439
1560 -18.923485 93.966661 84.926439
1561 -19.444442 94.232760 84.926439
1562 -20.049271 94.612910 84.926439
1563 -20.580971 94.973172 84.926439
1564 -21.175107 95.219282 84.926439
1565 -21.807884 95.342270 84.926439
1580 -27.625524 93.964140 84.926439
1581 -27.620156 93.534205 84.926439
1582 -27.638041 92.999510 84.926439
1583 -27.664092 92.520356 84.926439
1584 -27.737933 91.990501 84.926439
1585 -27.793640 91.513876 84.926439
1586 -27.812425 90.989294 84.926439
1587 -27.811598 90.589343 84.926439
1588 -27.791748 90.315138 84.926439
1589 -27.777579 89.790335 84.926439
1590 -27.764190 89.395594 84.926439
1605 -27.806289 82.832594 84.926439
1606 -27.857050 82.659915 84.926439
1607 -27.967928 82.219069 84.926439
1608 -27.996900 81.950849 84.926439
1609 -28.004561 81.580957 84.926439
1610 -28.002488 81.015974 84.926439
1611 -27.970989 80.542082 84.926439
1612 -27.938629 80.013098 84.926439
1613 -27.936062 79.533141 84.926439
1614 -27.948755 79.048338 84.926439
1615 -27.952036 78.518355 84.926439
1630 -27.775545 72.011539 84.926439
1631 -27.776082 71.487184 84.926439
1632 -27.855234 71.014007 84.926439
1633 -27.901591 70.748036 84.926439
1634 -27.945344 70.335710 84.926439
1635 -27.933130 70.066630 84.926439
1636 -27.885671 69.654552 84.926439
1637 -27.880922 69.149757 84.926439
1638 -27.880477 68.619783 84.926439
1639 -27.851431 68.135698 84.926439
1640 -27.843243 67.650803 84.926439
1655 -27.715749 61.193040 84.926439
1656 -27.722783 61.028235 84.926439
1657 -27.793084 60.573746 84.926439
1658 -27.869693 60.087331 84.926439
1659 -27.882503 59.907788 84.926439
1660 -27.900821 59.428184 84.926439
1661 -27.880109 58.943775 84.926439
1662 -27.852808 58.414487 84.926439
1663 -27.852295 58.234489 84.926439
1664 -27.846871 57.749519 84.926439
1665 -27.840945 57.219552 84.926439
1680 -27.736605 50.286018 84.926439
1681 -27.776325 49.802906 84.926439
1682 -27.835859 49.276263 84.926439
1683 -27.853851 48.801847 84.926439
1684 -27.854291 48.271853 84.926439
1685 -27.840292 47.792106 84.926439
1686 -27.841814 47.312199 84.926439
1687 -27.835161 46.797306 84.926439
1688 -27.839400 46.617356 84.926439
1689 -27.847634 46.132431 84.926439
1690 -27.843406 45.647520 84.926439
1705 -28.641324 38.749937 84.926439
1706 -28.641324 38.749937 84.926439
1707 -28.641324 38.749937 84.926439
1708 -28.641324 38.749937 84.926439
1709 -28.566757 38.775994 84.926439
1710 -28.411994 39.088381 84.926439
1711 -28.430915 39.541384 84.926439
1712 -28.438066 39.776124 84.926439
1713 -28.382556 40.227536 84.926439
1714 -28.306451 40.427929 84.926439
1715 -28.158411 40.836330 84.926439
1732 -22.511411 44.573598 84.926439
1733 -22.486277 44.508712 84.926439
1734 -22.556460 44.335134 84.926439
1735 -22.960445 44.214059 84.926439
1736 -23.601803 44.184532 84.926439
1737 -24.246591 44.174591 84.926439
1738 -24.891634 44.120469 84.926439
1739 -25.530959 44.004704 84.926439
1740 -26.158886 43.837146 84.926439
1741 -26.714077 43.653004 84.926439
1742 -27.372877 43.377119 84.926439
1760 -35.648640 37.376258 84.926439
1761 -36.280463 37.267663 84.926439
1762 -36.919434 37.367352 84.926439
1763 -37.542080 37.553424 84.926439
1764 -38.153079 37.774980 84.926439
1765 -38.759535 38.008861 84.926439
1766 -39.368647 38.228374 84.926439
1767 -39.987943 38.417235 84.926439
1768 -40.613485 38.584345 84.926439
1769 -41.245214 38.737335 84.926439
1770 -41.878153 38.885128 84.926439
1789 -45.886969 39.060016 84.926439
1790 -45.822067 39.001332 84.926439
1791 -45.615137 38.844629 84.926439
1792 -45.088406 38.689350 84.926439
1793 -44.442879 38.730805 84.926439
1794 -43.799123 38.767807 84.926439
1795 -43.152399 38.739686 84.926439
1796 -42.509276 38.665072 84.926439
1797 -41.867678 38.560994 84.926439
1798 -41.230096 38.434594 84.926439
1799 -40.596330 38.314782 84.926439
1818 -31.139134 35.577558 84.926439
1819 -31.160953 35.213386 84.926439
1820 -31.200349 34.923948 84.926439
1821 -31.255032 34.563515 84.926439
1822 -31.258108 34.028765 84.926439
1823 -31.211747 33.541251 84.926439
1824 -31.156168 33.293400 84.926439
1825 -31.014072 32.957201 84.926439
1826 -30.848741 32.576565 84.926439
1827 -30.720185 32.344943 84.926439
1828 -30.532648 31.953533 84.926439
1847 -29.874783 24.244034 84.926439
1848 -29.879049 24.224937 84.926439
1849 -29.960032 24.160441 84.926439
1850 -30.079289 24.210972 84.926439
1851 -30.199306 24.535190 84.926439
1852 -30.226301 25.021682 84.926439
1853 -30.168167 25.412980 84.926439
1854 -30.119910 25.673465 84.926439
1855 -30.085603 26.141905 84.926439
1856 -30.097964 26.611704 84.926439
1857 -30.139576 26.822531 84.926439
1877 -34.876579 31.547700 84.926439
1878 -34.876579 31.547700 84.926439
1879 -34.876579 31.547700 84.926439
1880 -34.876579 31.547700 84.926439
1881 -34.876579 31.547700 84.926439
1882 -34.876579 31.547700 84.926439
1883 -34.876579 31.547700 84.926439
1884 -34.872113 31.586774 84.926439
1885 -34.946965 31.697482 84.926439
1886 -35.312560 31.768489 84.926439
1887 -35.923268 31.724390 84.926439
1909 -46.688987 30.775692 84.926439
1910 -46.603625 30.704404 84.926439
1911 -46.222158 30.647499 84.926439
1912 -45.598759 30.718099 84.926439
1913 -44.954753 30.784371 84.926439
1914 -44.309293 30.835730 84.926439
1915 -43.663749 30.885963 84.926439
1916 -43.016939 30.915236 84.926439
1917 -42.372382 30.939121 84.926439
1918 -41.725712 30.971842 84.926439
1919 -41.079655 31.014976 84.926439
1941 -30.922694 27.419165 84.926439
1942 -30.913866 26.889248 84.926439
1943 -30.919513 26.709336 84.926439
1944 -30.937032 26.229661 84.926439
1945 -30.969269 25.745785 84.926439
1946 -30.992551 25.221330 84.926439
1947 -31.002705 24.691430 84.926439
1948 -31.012220 24.526704 84.926439
1949 -31.038745 24.067470 84.926439
1950 -31.071088 23.576045 84.926439
1951 -31.121561 23.403449 84.926439
1974 -37.786892 15.243136 84.926439
1975 -37.725988 15.208983 84.926439
1976 -37.366850 15.177703 84.926439
1977 -36.831129 15.468990 84.926439
1978 -36.504923 15.956255 84.926439
1979 -36.403925 16.172780 84.926439
1980 -36.363389 16.535042 84.926439
1981 -36.329942 17.008861 84.926439
1982 -36.278781 17.328836 84.926439
1983 -36.039026 17.613370 84.926439
1984 -35.449818 17.778688 84.926439
1997 -26.916759 17.925764 84.926439
1998 -26.400426 17.959652 84.926439
1999 -25.755373 18.015894 84.926439
2000 -25.111160 18.080736 84.926439
2001 -24.467850 18.154267 84.926439
2002 -23.822148 18.228869 84.926439
2003 -23.178132 18.316809 84.926439
2004 -22.534343 18.406444 84.926439
2005 -21.895924 18.498330 84.926439
2006 -21.254687 18.588158 84.926439
2007 -20.612687 18.672201 84.926439
2032 -14.736905 19.394077 84.926439
2033 -14.736905 19.394077 84.926439
2034 -14.708276 19.402760 84.926439
2035 -14.600409 19.564198 84.926439
2036 -14.717695 20.024550 84.926439
2037 -15.218283 20.425846 84.926439
2038 -15.826608 20.652501 84.926439
2039 -16.434735 20.881450 84.926439
2040 -17.017060 21.169862 84.926439
2041 -17.568694 21.512205 84.926439
2042 -17.949567 21.928574 84.926439
2057 -19.464739 27.767018 84.926439
2058 -19.464739 27.767018 84.926439
2059 -19.464739 27.767018 84.926439
2060 -19.446892 27.758046 84.926439
2061 -19.344902 27.529340 84.926439
2062 -19.353310 27.050110 84.926439
2063 -19.423211 26.847147 84.926439
2064 -19.541884 26.357202 84.926439
2065 -19.567788 25.838587 84.926439
2066 -19.518758 25.351243 84.926439
2067 -19.394502 24.831904 84.926439
2096 -11.698927 13.702261 84.926439
2097 -11.478309 13.204556 84.926439
2098 -11.453719 12.680241 84.926439
2099 -11.543159 12.152893 84.926439
2100 -11.632761 11.691535 84.926439
2101 -11.698126 11.160872 84.926439
2102 -11.707875 10.681225 84.926439
2103 -11.693217 10.146426 84.926439
2104 -11.668213 9.667172 84.926439
2105 -11.644902 9.182890 84.926439
2106 -11.638874 8.647924 84.926439
2136 -12.646420 0.464054 84.926439
2137 -12.590322 0.356756 84.926439
2138 -12.572298 -0.057056 84.926439
2139 -12.602495 -0.359759 84.926439
2140 -12.678209 -0.711431 84.926439
2141 -12.749363 -1.236590 84.926439
2142 -12.793790 -1.714500 84.926439
2143 -12.794202 -2.248789 84.926439
2144 -12.745481 -2.716159 84.926439
2145 -12.668115 -3.235424 84.926439
2146 -12.598442 -3.705236 84.926439
2164 -11.927524 -6.180765 84.926439
2165 -11.927524 -6.180765 84.926439
2166 -11.927524 -6.180765 84.926439
2167 -11.927524 -6.180765 84.926439
2168 -11.927524 -6.180765 84.926439
2169 -11.977591 -6.134624 84.926439
2170 -11.967459 -6.023087 84.926439
2171 -11.686845 -5.876586 84.926439
2172 -11.090897 -5.822989 84.926439
2173 -10.453913 -5.905440 84.926439
2174 -9.812085 -5.990467 84.926439
2207 4.139504 -5.024962 89.061891
2208 4.306631 -5.190167 89.061891
2209 4.655774 -5.488781 89.061891
2210 5.237012 -5.749852 89.061891
2211 5.869953 -5.885507 89.061891
2212 6.503133 -6.031925 89.061891
2213 7.123610 -6.225104 89.061891
2214 7.730412 -6.457770 89.061891
2215 8.328230 -6.712890 89.061891
2216 8.918730 -6.984560 89.061891
2217 9.502061 -7.271268 89.061891
2238 11.853695 -8.906727 89.061891
2239 11.853695 -8.906727 89.061891
2240 11.784638 -9.007579 89.061891
2241 11.419587 -9.023396 89.061891
2242 10.839606 -8.801130 89.061891
2243 10.325081 -8.408774 89.061891
2244 9.806254 -8.017360 89.061891
2245 9.263760 -7.659557 89.061891
2246 8.707820 -7.322794 89.061891
2247 8.138783 -7.008686 89.061891
2248 7.566789 -6.699980 89.061891
2285 -12.762611 -0.280159 89.061891
2286 -12.762611 -0.280159 89.061891
2287 -12.812335 -0.231429 89.061891
2288 -12.855999 -0.207387 89.061891
2289 -12.940184 -0.210547 89.061891
2290 -12.984178 -0.233222 89.061891
2291 -13.096823 -0.499133 89.061891
2292 -13.070052 -0.992517 89.061891
2293 -12.983308 -1.456754 89.061891
2294 -12.863376 -1.972998 89.061891
2295 -12.705455 -2.509818 89.061891
2334 7.067949 -1.944328 89.061891
2335 7.086870 -1.580095 89.061891
2336 7.089574 -1.282656 89.061891
2337 7.124528 -0.914575 89.061891
2338 7.223771 -0.388874 89.061891
2339 7.335164 0.072765 89.061891
2340 7.447457 0.528826 89.061891
2341 7.537988 0.918167 89.061891
2342 7.656987 1.102647 89.061891
2343 7.917949 1.504991 89.061891
2344 8.045998 1.800631 89.061891
2383 9.521138 5.569370 89.061891
2384 9.595024 5.351412 89.061891
2385 9.523454 4.837701 89.061891
2386 9.424247 4.560785 89.061891
2387 9.224332 4.292006 89.061891
2388 8.915744 3.814179 89.061891
2389 8.817709 3.563535 89.061891
2390 8.710169 3.194071 89.061891
2391 8.555547 2.682032 89.061891
2392 8.430695 2.161950 89.061891
2393 8.280994 1.634018 89.061891
2432 -9.664027 -3.552412 89.061891
2433 -10.267174 -3.310178 89.061891
2434 -10.883586 -3.104102 89.061891
2435 -11.507924 -2.933450 89.061891
2436 -12.120103 -2.721846 89.061891
2437 -12.573830 -2.286640 89.061891
2438 -12.836752 -1.800174 89.061891
2439 -12.894912 -1.295371 89.061891
2440 -12.866019 -0.796336 89.061891
2441 -12.824869 -0.320643 89.061891
2442 -12.772674 0.148943 89.061891
2482 -8.675853 14.232205 89.061891
2483 -8.660658 14.450422 89.061891
2484 -8.748064 14.856013 89.061891
2485 -8.810539 15.371915 89.061891
2486 -8.807561 15.581376 89.061891
2487 -8.773803 15.994988 89.061891
2488 -8.772574 16.399606 89.061891
2489 -8.772054 16.567065 89.061891
2490 -8.763756 16.981982 89.061891
2491 -8.746581 17.451617 89.061891
2492 -8.753966 17.956507 89.061891
2533 -8.234984 27.568682 89.061891
2534 -8.160602 27.446078 89.061891
2535 -8.192481 27.007938 89.061891
2536 -8.287398 26.540034 89.061891
2537 -8.363682 26.053944 89.061891
2538 -8.374279 25.531852 89.061891
2539 -8.366369 25.066974 89.061891
2540 -8.363712 24.727127 89.061891
2541 -8.335174 24.433582 89.061891
2542 -8.316984 23.978987 89.061891
2543 -8.297281 23.519520 89.061891
2584 -32.035241 18.234762 89.061891
2585 -32.677409 18.174432 89.061891
2586 -33.324835 18.116918 89.061891
2587 -33.966072 18.012137 89.061891
2588 -34.605172 17.893634 89.061891
2589 -35.246330 17.786927 89.061891
2590 -35.883914 17.663742 89.061891
2591 -36.472311 17.392372 89.061891
2592 -36.984034 16.992686 89.061891
2593 -37.456674 16.546559 89.061891
2594 -37.903341 16.081349 89.061891
2637 -45.913458 9.669485 89.061891
2638 -45.728937 9.500893 89.061891
2639 -45.384581 9.311671 89.061891
2640 -44.771291 9.184922 89.061891
2641 -44.125078 9.115172 89.061891
2642 -43.480774 9.029390 89.061891
2643 -42.841036 8.947570 89.061891
2644 -42.225519 8.747696 89.061891
2645 -41.695792 8.373869 89.061891
2646 -41.223930 7.926951 89.061891
2647 -40.775455 7.459960 89.061891
2690 -32.150679 1.219313 89.061891
2691 -31.956775 1.010786 89.061891
2692 -31.718806 0.503026 89.061891
2693 -31.656145 0.078225 89.061891
2694 -31.613700 -0.167410 89.061891
2695 -31.474420 -0.526286 89.061891
2696 -31.305595 -1.043950 89.061891
2697 -31.189539 -1.545626 89.061891
2698 -31.120903 -1.711827 89.061891
2699 -30.935458 -2.159740 89.061891
2700 -30.822414 -2.661579 89.061891
2745 -29.167530 -10.300921 89.061891
2746 -29.167530 -10.300921 89.061891
2747 -29.251585 -10.408603 89.061891
2748 -29.631023 -10.389836 89.061891
2749 -29.973165 -9.887263 89.061891
2750 -29.990742 -9.680026 89.061891
2751 -30.007533 -9.225558 89.061891
2752 -30.048220 -8.959423 89.061891
2753 -30.177367 -8.683199 89.061891
2754 -30.327772 -8.361822 89.061891
2755 -30.421564 -8.074235 89.061891
2779 -35.348205 -5.941077 89.061891
2780 -35.348205 -5.941077 89.061891
2781 -35.348205 -5.941077 89.061891
2782 -35.348205 -5.941077 89.061891
2783 -35.379627 -5.916729 89.061891
2784 -35.399770 -5.822943 89.061891
2785 -35.211805 -5.671560 89.061891
2786 -34.704773 -5.629282 89.061891
2787 -34.058695 -5.696964 89.061891
2788 -33.423570 -5.807448 89.061891
2789 -32.790402 -5.942000 89.061891
2836 -41.840999 -11.247200 89.061891
2837 -41.840999 -11.247200 89.061891
2838 -41.840999 -11.247200 89.061891
2839 -41.880552 -11.243242 89.061891
2840 -42.033518 -11.050479 89.061891
2841 -42.125937 -10.579914 89.061891
2842 -42.077970 -10.410248 89.061891
2843 -41.929355 -10.012453 89.061891
2844 -41.867739 -9.560641 89.061891
2845 -41.877857 -9.256147 89.061891
2846 -41.948690 -8.977529 89.061891
2894 -46.104646 -0.193085 89.061891
2895 -45.921416 -0.355677 89.061891
2896 -45.523579 -0.720669 89.061891
2897 -45.055055 -1.149183 89.061891
2898 -44.692049 -1.589892 89.061891
2899 -44.463874 -2.067254 89.061891
2900 -44.344482 -2.380020 89.061891
2901 -44.200279 -2.637370 89.061891
2902 -43.993882 -3.086031 89.061891
2903 -43.893389 -3.410555 89.061891
2904 -43.834246 -3.699489 89.061891
2953 -53.018491 -11.555053 89.061891
2954 -52.837867 -11.696865 89.061891
2955 -52.408955 -11.852773 89.061891
2956 -51.769866 -11.816348 89.061891
2957 -51.129976 -11.702259 89.061891
2958 -50.489858 -11.624170 89.061891
2959 -49.843353 -11.590022 89.061891
2960 -49.195947 -11.579266 89.061891
2961 -48.548649 -11.563103 89.061891
2962 -47.903858 -11.546662 89.061891
2963 -47.256484 -11.534270 89.061891
3013 -32.407549 0.117011 89.061891
3014 -32.755510 0.496675 89.061891
3015 -33.198284 0.965687 89.061891
3016 -33.644188 1.435150 89.061891
3017 -34.090328 1.907864 89.061891
3018 -34.525262 2.377293 89.061891
3019 -34.907794 2.816516 89.061891
3020 -35.312860 3.321646 89.061891
3021 -35.742826 3.795576 89.061891
3022 -36.117316 4.207874 89.061891
3023 -36.284859 4.523415 89.061891
3073 -31.424733 24.120887 89.061891
3074 -31.407091 24.480441 89.061891
3075 -31.402872 24.950287 89.061891
3076 -31.422998 25.474898 89.061891
3077 -31.435362 25.819616 89.061891
3078 -31.425562 26.091937 89.061891
3079 -31.431609 26.476776 89.061891
3080 -31.478585 26.745136 89.061891
3081 -31.518043 27.213298 89.061891
3082 -31.512752 27.548142 89.061891
3083 -31.476035 27.870867 89.061891
3133 -31.161826 47.606647 89.061891
3134 -31.187874 48.085876 89.061891
3135 -31.200947 48.375500 89.061891
3136 -31.201828 48.715499 89.061891
3137 -31.203136 49.220497 89.061891
3138 -31.201750 49.650452 89.061891
3139 -31.197579 49.915407 89.061891
3140 -31.214449 50.410084 89.061891
3141 -31.234012 50.704215 89.061891
3142 -31.269170 51.067318 89.061891
3143 -31.274110 51.362186 89.061891
3193 -31.481807 71.431653 89.061891
3194 -31.481807 71.431653 89.061891
3195 -31.471857 71.432654 89.061891
3196 -31.352532 71.361167 89.061891
3197 -31.270324 70.954959 89.061891
3198 -31.294295 70.467182 89.061891
3199 -31.381046 69.944351 89.061891
3200 -31.444587 69.468604 89.061891
3201 -31.477131 69.030122 89.061891
3202 -31.486331 68.615395 89.061891
3203 -31.495991 68.365668 89.061891
3253 -31.030164 48.804100 89.061891
3254 -31.064308 48.270866 89.061891
3255 -31.105662 48.053006 89.061891
3256 -31.190179 47.647363 89.061891
3257 -31.198667 47.443071 89.061891
3258 -31.085956 47.059517 89.061891
3259 -30.998681 46.777809 89.061891
3260 -30.894260 46.428083 89.061891
3261 -30.738536 45.905819 89.061891
3262 -30.658979 45.690446 89.061891
3263 -30.486599 45.312998 89.061891
3313 -28.194174 26.132486 89.061891
3314 -28.194174 26.132486 89.061891
3315 -28.194174 26.132486 89.061891
3316 -28.184244 26.133670 89.061891
3317 -28.068607 26.239747 89.061891
3318 -28.050185 26.622754 89.061891
3319 -28.141725 27.149494 89.061891
3320 -28.181071 27.370844 89.061891
3321 -28.255671 27.779046 89.061891
3322 -28.319593 28.274688 89.061891
3323 -28.330538 28.474184 89.061891
3373 -28.769062 46.057583 89.061891
3374 -28.802020 46.585903 89.061891
3375 -28.847858 46.769699 89.061891
3376 -28.955592 47.200736 89.061891
3377 -28.974186 47.409639 89.061891
3378 -28.992923 47.779163 89.061891
3379 -29.018091 48.303557 89.061891
3380 -29.016785 48.518375 89.061891
3381 -29.002782 48.913112 89.061891
3382 -28.997735 49.443077 89.061891
3383 -29.007431 49.617686 89.061891
3433 -29.379049 66.642126 89.061891
3434 -29.379049 66.642126 89.061891
3435 -29.379049 66.642126 89.061891
3436 -29.338076 66.621304 89.061891
3437 -29.245299 66.380936 89.061891
3438 -29.256575 65.879367 89.061891
3439 -29.293099 65.686797 89.061891
3440 -29.381418 65.405802 89.061891
3441 -29.436526 64.870523 89.061891
3442 -29.421229 64.679143 89.061891
3443 -29.382578 64.261135 89.061891
3493 -28.982508 45.067824 89.061891
3494 -29.022836 44.923682 89.061891
3495 -29.141047 44.489833 89.061891
3496 -29.188064 43.957501 89.061891
3497 -29.170548 43.462816 89.061891
3498 -29.148927 43.314387 89.061891
3499 -29.099014 42.867317 89.061891
3500 -29.075765 42.332862 89.061891
3501 -29.085703 42.223312 89.061891
3502 -29.104155 41.818791 89.061891
3503 -29.106991 41.278816 89.061891
3553 -31.581157 21.821723 89.061891
3554 -31.581157 21.821723 89.061891
3555 -31.618243 21.841910 89.061891
3556 -31.669894 21.969398 89.061891
3557 -31.548506 22.122710 89.061891
3558 -31.151800 22.242071 89.061891
3559 -30.524946 22.240636 89.061891
3560 -29.886117 22.135439 89.061891
3561 -29.250002 22.015194 89.061891
3562 -28.622770 21.845164 89.061891
3563 -28.006978 21.637254 89.061891
3613 2.819107 22.024210 89.061891
3614 2.819107 22.024210 89.061891
3615 2.877084 21.944354 89.061891
3616 2.807246 21.561287 89.061891
3617 2.337436 21.136012 89.061891
3618 1.772097 20.820386 89.061891
3619 1.156474 20.612134 89.061891
3620 0.551594 20.375039 89.061891
3621 -0.018133 20.063222 89.061891
3622 -0.556692 19.699385 89.061891
3623 -1.085965 19.322090 89.061891
3674 -3.437295 2.844628 89.061891
3675 -3.437295 2.844628 89.061891
3676 -3.368327 2.692064 89.061891
3677 -3.522244 2.388434 89.061891
3678 -4.092405 2.241740 89.061891
3679 -4.606081 2.248228 89.061891
3680 -5.240993 2.361621 89.061891
3681 -5.869160 2.483807 89.061891
3682 -6.266053 2.602640 89.061891
3683 -6.460977 2.788861 89.061891
3684 -6.523627 2.962162 89.061891
3736 2.103033 23.348570 89.061891
3737 1.974807 23.683442 89.061891
3738 1.870740 24.001834 89.061891
3739 1.711989 24.470374 89.061891
3740 1.585336 24.938250 89.061891
3741 1.434186 25.356579 89.061891
3742 1.324159 25.564212 89.061891
3743 1.108320 25.964758 89.061891
3744 0.936463 26.342484 89.061891
3797 0.822324 26.587148 89.061891
3798 0.822324 26.587148 89.061891
3799 0.822324 26.587148 89.061891
3800 0.822324 26.587148 89.061891
3801 0.703566 26.615768 89.061891
3802 0.648017 26.732593 89.061891
3803 0.770238 26.872213 89.061891
3804 1.243180 26.860947 89.061891
3805 1.864323 26.678700 89.061891
3806 2.492833 26.524608 89.061891
3807 3.133850 26.433740 89.061891
3860 10.375404 29.777934 89.061891
3861 10.383542 29.759689 89.061891
3862 10.348028 29.582846 89.061891
3863 10.324903 29.556573 89.061891
3864 10.221946 29.505340 89.061891
3865 10.124329 29.454636 89.061891
3866 10.061424 29.414339 89.061891
3867 9.900489 29.142129 89.061891
3868 9.942397 28.555281 89.061891
3869 10.339354 28.048126 89.061891
3870 10.887964 27.701260 89.061891
3924 17.763964 26.594507 89.061891
3925 17.823159 26.423277 89.061891
3926 17.770150 25.962176 89.061891
3927 17.618860 25.470284 89.061891
3928 17.421270 24.983898 89.061891
3929 17.324849 24.811621 89.061891
3930 17.103199 24.484738 89.061891
3931 16.895258 24.047591 89.061891
3932 16.761958 23.565726 89.061891
3933 16.569997 23.077148 89.061891
3934 16.423080 22.589615 89.061891
3989 20.599043 19.783401 89.061891
3990 20.709374 19.700659 89.061891
3991 20.943062 19.595562 89.061891
3992 21.209668 19.545602 89.061891
3993 21.355503 19.542212 89.061891
3994 21.405462 19.544203 89.061891
3995 21.405462 19.544203 89.061891
3996 21.405462 19.544203 89.061891
3997 21.405462 19.544203 89.061891
3998 21.405462 19.544203 89.061891
3999 21.385622 19.546524 89.061891
4029 35.979044 20.986387 89.061891
4030 35.979044 20.986387 89.061891
4031 35.936498 20.917674 89.061891
4032 35.616333 20.866785 89.061891
4033 35.023182 20.982061 89.061891
4034 34.404628 21.181682 89.061891
4035 33.783486 21.373044 89.061891
4036 33.172297 21.593351 89.061891
4037 32.570427 21.838727 89.061891
4038 31.951032 22.034596 89.061891
4039 31.328400 22.193054 89.061891
4098 26.305333 28.041249 89.061891
4099 26.358777 27.957518 89.061891
4100 26.361951 27.576855 89.061891
4101 26.285382 27.176742 89.061891
4102 26.204031 26.956300 89.061891
4103 26.075500 26.494551 89.061891
4104 26.059655 26.330329 89.061891
4105 26.042775 25.870705 89.061891
4106 26.042080 25.378213 89.061891
4107 26.049421 25.198467 89.061891
4108 26.045657 24.718483 89.061891
4169 21.475978 5.044432 93.500912
4170 21.523688 4.627916 93.500912
4171 21.505885 4.218448 93.650523
4172 21.459386 4.008607 93.650523
4173 21.404563 3.511907 93.650523
4174 21.399669 3.032012 93.650523
4175 21.412168 2.877517 94.552105
4176 21.430177 2.417904 94.552105
4177 21.454558 2.008664 94.552105
4178 21.449553 1.793730 94.552105
4179 21.448197 1.348734 95.482462
4243 22.022067 -2.873533 96.113789
4244 22.022067 -2.873533 96.113789
4245 22.051892 -2.870667 96.113789
4246 22.221945 -2.726874 96.113789
4247 22.385564 -2.247024 96.113789
4248 22.394986 -2.089823 96.113789
4249 22.453008 -1.669311 96.113789
4250 22.606134 -1.136941 96.113789
4251 22.836048 -0.704429 96.113789
4252 22.926129 -0.566192 96.113789
4253 23.206368 -0.188961 96.113789
4318 26.119800 8.487991 96.113789
4319 26.115027 8.458475 96.113789
4320 25.900951 8.286769 96.113789
4321 25.327628 8.266003 96.113789
4322 24.699748 8.373158 96.113789
4323 24.065963 8.492276 96.113789
4324 23.424884 8.561761 96.113789
4325 22.777896 8.584598 96.113789
4326 22.130464 8.593883 96.113789
4327 21.483133 8.607579 96.113789
4328 20.878770 8.756573 96.113789
4393 38.703175 27.933509 96.113789
4394 38.703674 27.973419 96.113789
4395 38.680086 28.032334 96.113789
4396 38.584441 28.098114 96.113789
4397 38.505915 28.111245 96.113789
4398 38.436716 28.102501 96.113789
4399 38.403271 28.081356 96.113789
4400 38.314894 27.891342 96.113789
4401 38.311358 27.455332 96.113789
4402 38.330431 27.221200 96.113789
4403 38.307733 26.832005 96.113789
4469 32.402299 11.225233 95.590483
4470 32.399677 11.205431 95.590483
4471 32.338367 11.143664 95.590483
4472 32.237404 11.163120 95.590483
4473 32.124845 11.413710 95.590483
4474 32.076310 11.928562 95.590483
4475 32.169542 12.422161 95.590483
4476 32.280397 12.907098 95.590483
4477 32.362842 13.400097 95.590483
4478 32.417785 13.889497 95.590483
4479 32.490848 14.285199 95.590483
4546 39.814891 15.985348 97.747125
4547 39.814891 15.985348 97.747125
4548 39.926452 16.088617 97.747125
4549 39.911045 16.482277 97.747125
4550 39.458850 16.876408 97.747125
4551 38.823583 16.984003 97.585760
4552 38.174220 17.009720 97.585760
4553 37.532379 17.110630 97.585760
4554 36.899400 17.257695 97.585760
4555 36.276629 17.443769 97.585760
4556 35.648349 17.610074 97.585760
4624 21.531752 -1.159198 97.585760
4625 21.494201 -1.632003 97.585760
4626 21.444483 -1.860822 97.585760
4627 21.365165 -2.231701 97.585760
4628 21.332685 -2.785548 97.585760
4629 21.345154 -3.245319 97.585760
4630 21.348800 -3.470254 97.585760
4631 21.350400 -3.870250 97.585760
4632 21.362473 -4.420062 97.585760
4633 21.379680 -4.596518 97.585760
4634 21.424916 -5.018979 97.585760
4702 20.799868 -9.234122 103.638702
4703 20.776073 -9.271963 103.638702
4705 20.615666 -9.311555 103.638702
4706 20.414470 -8.984525 103.638702
4707 20.353542 -8.656985 103.638702
4708 20.491109 -8.202676 103.638702
4709 20.627607 -7.695888 103.638702
4710 20.649751 -7.464465 103.638702
4712 20.782967 -6.830088 103.638702
4713 21.130679 -6.235335 103.638702
4714 21.424890 -5.770959 103.638702
4784 29.436315 20.414377 103.638702
4785 30.141201 20.497316 103.638702
4786 30.915835 20.512621 103.638702
4787 31.690472 20.491672 103.638702
4788 32.376196 20.311176 103.638702
4789 32.996989 19.843387 103.638702
4790 33.464054 19.319270 103.638702
4792 33.888285 18.756230 103.638702
4793 34.290302 18.248925 103.638702
4794 34.885354 17.753162 103.638702
4795 35.644802 17.391661 103.638702
4865 39.125290 5.422561 103.638702
4866 39.125290 5.422561 103.638702
4867 39.133449 5.428344 103.638702
4869 39.111954 5.449129 103.638702
4870 39.114319 5.738009 103.638702
4871 39.255981 6.372315 103.638702
4872 39.289102 6.584743 103.638702
4873 39.346729 7.131486 103.638702
4874 39.370021 7.553138 103.638702
4876 39.359362 7.862947 103.638702
4877 39.340630 8.420128 103.638702
4947 20.628616 7.080187 103.638702
4948 20.739629 6.613605 103.638702
4949 20.947998 6.160022 103.638702
4951 20.958589 6.156322 103.638702
4952 21.150921 5.993096 103.638702
4953 21.341837 5.524494 103.638702
4954 21.354385 4.935004 103.638702
4955 21.331158 4.350499 103.638702
4956 21.311232 4.116366 103.638702
4958 21.301513 3.656739 103.638702
4959 21.343269 3.395105 103.638702
5029 37.485936 -8.398198 106.417389
5031 37.485936 -8.398198 106.417389
5032 37.485936 -8.398198 106.417389
5033 37.503291 -8.328579 106.417389
5034 37.433001 -8.219606 106.417389
5035 36.991359 -8.154593 106.417389
5037 36.229446 -8.222287 106.417389
5038 35.392218 -8.289120 106.417389
5039 34.615221 -8.316781 106.417389
5040 33.775672 -8.344306 106.417389
5042 32.998229 -8.343908 106.417389
5113 20.534463 10.903441 106.417389
5114 20.520018 11.433240 106.417389
5115 20.536521 11.707741 106.417389
5117 20.549050 12.147456 106.417389
5118 20.528424 12.511852 106.417389
5119 20.514190 13.191686 106.417389
5120 20.490072 13.651018 106.417389
5121 20.499435 14.015874 106.417389
5123 20.470481 14.363394 106.417389
5124 20.324223 14.841033 106.417389
5125 20.256142 15.431679 106.417389
5197 14.532417 28.865043 106.417389
5198 14.574178 28.323528 106.417389
5199 14.527530 28.039885 106.417389
5200 14.343746 27.538172 106.417389
5201 14.280120 27.219693 106.417389
5203 14.037159 26.626300 106.417389
5204 13.393920 26.107693 106.417389
5205 12.633020 25.967193 106.417389
5206 11.858107 25.958039 106.417389
5207 11.015922 25.976060 106.417389
5209 10.241693 26.010619 106.417389
5280 -28.490892 24.046109 106.417389
5281 -28.799400 24.149516 106.417389
5282 -29.353516 23.841038 106.417389
5284 -29.911906 23.168652 106.417389
5285 -30.299072 22.603632 106.417389
5286 -30.787627 21.999796 106.417389
5287 -31.366138 21.391079 106.417389
5289 -31.941511 20.864508 106.417389
5290 -32.531242 20.354010 106.417389
5291 -33.073529 19.888031 106.417389
5292 -33.771780 19.304517 106.417389
5364 -30.853421 -8.352222 106.417389
5365 -30.853421 -8.352222 106.417389
5366 -30.801274 -8.336199 106.417389
5368 -30.639598 -8.000314 106.417389
5369 -30.707077 -7.399476 106.417389
5370 -30.770507 -7.114603 106.417389
5371 -30.917272 -6.581380 106.417389
5372 -30.944279 -6.152546 106.417389
5374 -30.921789 -5.798265 106.417389
5375 -30.924917 -5.404108 106.417389
5376 -30.974726 -4.932144 106.417389
5448 -31.375892 23.795341 106.417389
5449 -31.375892 23.795341 106.417389
5450 -31.443918 23.784490 106.417389
5452 -31.555310 23.533344 106.417389
5453 -31.515132 22.911334 106.417389
5454 -31.463340 22.421651 106.417389
5455 -31.592050 21.715904 106.417389
5456 -32.009321 21.079780 106.417389
5458 -32.560755 20.528551 106.417389
5459 -33.139195 20.005346 106.417389
5460 -33.680146 19.537815 106.417389
5532 -30.921661 -9.466157 106.417389
5533 -31.000611 -9.516341 106.417389
5535 -31.099196 -9.446199 106.417389
5536 -31.101442 -9.457273 106.417389
5537 -31.096242 -9.437969 106.417389
5538 -30.974262 -9.041594 106.417389
5539 -30.936024 -8.455157 106.417389
5541 -31.005931 -8.174314 106.417389
5542 -31.087548 -7.505534 106.417389
5543 -31.083582 -7.218133 106.417389
5544 -31.077000 -6.823210 106.417389
5616 -31.374029 24.146713 106.417389
5618 -31.383683 24.716427 106.417389
5619 -31.401420 25.120958 106.417389
5620 -31.423188 25.600444 106.417389
5621 -31.432258 25.892759 106.417389
5623 -31.473504 26.476299 106.417389
5624 -31.487148 26.848247 106.417389
5625 -31.488622 27.333195 106.417389
5626 -31.477595 27.967695 106.417389
5627 -31.376372 28.482287 106.417389
5629 -31.081316 29.208044 106.417389
5701 -45.835646 19.400840 106.417389
5702 -45.835646 19.400840 106.417389
5703 -45.865300 19.404676 106.417389
5705 -46.003766 19.659374 106.417389
5706 -45.885449 20.248343 106.417389
5707 -45.464455 20.888225 106.417389
5708 -44.936139 21.476154 106.417389
5710 -44.643001 21.900175 106.417389
5711 -44.419923 22.273596 106.417389
5712 -44.192250 22.842909 106.417389
5713 -44.009972 23.345782 106.417389
5786 -36.497461 14.856317 106.417389
5787 -36.542862 14.559772 106.417389
5788 -36.624507 13.980632 106.417389
5789 -36.652388 13.461576 106.417389
5791 -36.638410 12.996909 106.417389
5792 -36.576095 12.586989 106.417389
5793 -36.567516 12.162352 106.417389
5794 -36.581358 11.652540 106.417389
5796 -36.580948 11.227862 106.417389
5797 -36.530931 10.818687 106.417389
5798 -36.514812 10.188939 106.417389
5871 -30.788186 -17.802215 106.417389
5872 -30.831301 -18.164609 106.417389
5873 -30.841727 -18.739252 106.417389
5874 -30.815977 -19.032432 106.417389
5875 -30.741848 -19.561924 106.417389
5876 -30.723549 -20.001476 106.417389
5877 -30.714407 -20.276311 106.417389
5879 -30.696970 -20.850956 106.417389
5880 -30.693410 -21.175824 106.417389
5881 -30.657023 -21.549049 106.417389
5882 -30.641447 -21.873432 106.417389
5956 -29.080951 -32.334551 110.658487
5957 -29.080951 -32.334551 110.658487
5958 -29.064872 -32.322691 110.658487
5959 -28.989361 -32.081910 110.658487
5960 -29.011940 -31.572730 110.658487
5961 -29.143649 -31.088561 110.658487
5962 -29.330880 -30.635796 110.658487
5963 -29.472605 -30.302439 110.658487
5964 -29.568252 -29.981388 110.658487
5965 -29.756313 -29.454071 110.658487
5966 -29.904453 -29.098808 110.658487
6007 -40.926242 -24.764832 110.597019
6008 -40.638671 -24.837225 110.597019
6009 -40.057582 -24.799042 110.597019
6010 -39.414716 -24.721768 110.597019
6011 -38.773673 -24.650501 110.597019
6012 -38.128617 -24.594465 110.597019
6013 -37.482936 -24.546100 110.597019
6014 -36.902395 -24.498711 110.597019
6015 -36.193637 -24.425842 110.597019
6016 -35.552093 -24.359186 110.597019
6017 -34.907312 -24.300116 110.597019
6098 -41.091638 -18.837998 110.597019
6099 -40.912500 -18.916501 110.597019
6100 -40.446063 -18.887063 110.597019
6101 -39.812972 -18.777584 110.597019
6102 -39.174918 -18.684259 110.597019
6103 -38.529041 -18.640265 110.597019
6104 -37.881793 -18.622535 110.597019
6105 -37.234474 -18.607223 110.597019
6106 -36.589923 -18.583480 110.597019
6107 -35.942999 -18.556178 110.597019
6108 -35.295995 -18.531133 110.597019
6189 -21.501974 -31.518924 110.597019
6190 -21.476834 -31.669221 110.597019
6191 -21.730157 -32.045514 110.597019
6192 -22.315877 -32.302917 110.597019
6193 -22.958144 -32.401542 110.597019
6194 -23.595536 -32.528844 110.597019
6195 -24.233337 -32.654134 110.597019
6196 -24.860957 -32.820259 110.597019
6197 -25.457772 -33.077025 110.597019
6198 -26.037494 -33.370716 110.597019
6199 -26.596411 -33.697467 110.597019
6282 -29.800560 -50.060681 128.131576
6283 -29.800560 -50.060681 128.131576
6284 -29.911433 -50.132035 128.131576
6285 -30.314962 -50.017438 128.131576
6286 -30.635161 -49.480964 128.131576
6287 -30.759369 -49.049181 128.131576
6288 -30.798944 -48.886427 128.131576
6289 -30.826384 -48.813952 128.131576
6290 -30.943927 -48.447385 128.131576
6291 -31.164056 -47.882540 128.131576
6292 -31.523118 -47.438925 128.131576
6340 -41.062498 -49.778158 128.143751
6341 -41.062498 -49.778158 128.143751
6342 -41.062498 -49.778158 128.143751
6343 -41.062498 -49.778158 128.143751
6344 -41.099895 -49.764684 128.143751
6345 -41.205477 -49.537421 128.143751
6346 -41.002492 -49.172665 128.143751
6347 -40.393761 -49.011897 128.143751
6348 -39.749606 -48.982972 128.143751
6349 -39.103096 -48.921796 128.143751
6350 -38.467104 -48.787829 128.143751
6449 -22.708326 -38.570809 128.143751
6450 -22.708326 -38.570809 128.143751
6451 -22.708326 -38.570809 128.143751
6452 -22.708326 -38.570809 128.143751
6453 -22.678768 -38.531033 128.143751
6454 -22.669655 -38.492174 128.143751
6455 -22.725019 -38.422633 128.143751
6456 -23.015357 -38.345121 128.143751
6457 -23.568939 -38.381888 128.143751
6458 -24.211683 -38.435634 128.143751
6459 -24.858383 -38.467589 128.143751
6561 -47.481841 -60.516285 128.143751
6562 -47.481841 -60.516285 128.143751
6563 -47.481841 -60.516285 128.143751
6564 -47.481841 -60.516285 128.143751
6565 -47.490965 -60.512192 128.143751
6566 -47.598953 -60.312909 128.143751
6567 -47.380572 -59.846321 128.143751
6568 -47.333215 -59.801797 128.143751
6569 -47.163096 -59.639675 128.143751
6570 -46.746706 -59.305594 128.143751
6571 -46.171593 -59.003912 128.143751
6675 -16.530951 -44.318959 128.143751
6676 -16.530951 -44.318959 128.143751
6677 -16.530951 -44.318959 128.143751
6678 -16.530951 -44.318959 128.143751
6679 -16.530951 -44.318959 128.143751
6680 -16.538414 -44.264862 128.143751
6681 -16.683327 -44.148244 128.143751
6682 -17.142538 -44.139552 128.143751
6683 -17.782152 -44.200347 128.143751
6684 -18.424297 -44.260966 128.143751
6685 -19.070275 -44.304045 128.143751
6790 -54.717433 -64.339117 128.143751
6791 -54.529243 -64.418854 128.143751
6792 -54.073719 -64.414313 128.143751
6793 -53.437876 -64.341636 128.143751
6794 -52.790565 -64.283213 128.143751
6795 -52.156542 -64.142787 128.143751
6796 -51.548948 -63.935592 128.143751
6797 -50.950843 -63.681446 128.143751
6798 -50.325990 -63.516272 128.143751
6799 -49.681843 -63.452732 128.143751
6800 -49.102300 -63.430226 128.143751
6855 -25.074591 -52.483644 128.119713
6856 -24.430962 -52.427426 128.119713
6857 -23.783631 -52.441514 128.119713
6858 -23.138682 -52.449076 128.119713
6859 -22.491183 -52.449344 128.119713
6860 -21.843683 -52.448758 128.119713
6861 -21.196267 -52.441085 128.119713
6862 -20.549158 -52.418589 128.119713
6863 -19.904568 -52.395604 128.119713
6864 -19.257407 -52.374875 128.119713
6865 -18.610137 -52.357592 128.119713
6972 -14.093931 -53.308828 128.119713
6973 -14.093931 -53.308828 128.119713
6974 -14.183338 -53.420486 128.119713
6975 -14.608658 -53.449352 128.119713
6976 -15.238103 -53.327526 128.119713
6977 -15.852216 -53.122836 128.119713
6978 -16.457814 -52.886810 128.119713
6979 -17.066593 -52.666617 128.119713
6980 -17.695223 -52.501936 128.119713
6981 -18.330384 -52.376295 128.119713
6982 -18.969195 -52.270621 128.119713
7092 -55.013403 -42.831969 128.119713
7093 -54.805271 -43.026658 128.119713
7094 -54.359647 -43.389727 128.119713
7095 -53.833490 -43.771298 128.119713
7096 -53.309437 -44.155653 128.119713
7097 -52.808134 -44.569370 128.119713
7098 -52.289463 -44.960635 128.119713
7099 -51.728179 -45.277946 128.119713
7100 -51.167377 -45.605868 128.119713
7101 -50.637237 -45.973245 128.119713
7102 -50.069781 -46.281896 128.119713
7212 -7.915364 -50.058341 128.254828
7213 -7.882971 -50.232277 128.254828
7214 -8.155710 -50.615474 128.254828
7215 -8.697399 -50.956833 128.254828
7216 -9.319653 -51.142111 128.254828
7217 -9.944146 -51.312802 128.254828
7218 -10.537922 -51.562601 128.254828
7219 -11.135687 -51.809895 128.254828
7220 -11.769309 -51.952137 128.254828
7221 -12.411048 -52.013990 128.254828
7222 -13.058248 -52.033244 128.254828
7333 -26.991611 -66.049670 143.813007
7334 -26.991611 -66.049670 143.813007
7335 -26.991611 -66.049670 143.813007
7336 -26.991611 -66.049670 143.813007
7337 -27.060489 -66.023811 143.813007
7338 -27.096860 -65.932362 143.813007
7339 -26.934274 -65.738765 143.813007
7340 -26.388311 -65.622062 143.813007
7341 -25.748016 -65.676532 143.813007
7342 -25.110852 -65.791676 143.813007
7343 -24.468194 -65.869391 143.813007
7402 -13.674056 -65.603076 143.813007
7403 -13.674056 -65.603076 143.813007
7404 -13.674056 -65.603076 143.813007
7405 -13.705738 -65.680637 143.813007
7406 -14.054802 -65.825475 143.813007
7407 -14.681066 -65.845633 143.813007
7408 -15.324671 -65.757414 143.813007
7409 -15.959976 -65.620704 143.813007
7410 -16.594436 -65.479522 143.813007
7411 -17.234502 -65.366695 143.813007
7412 -17.875329 -65.294618 143.813007
7529 -33.608491 -77.644238 153.335518
7530 -33.617680 -77.661975 153.335518
7531 -33.787981 -77.744670 153.335518
7532 -34.231189 -77.549542 153.335518
7533 -34.673892 -77.095335 153.335518
7534 -34.978347 -76.651068 153.335518
7535 -35.302680 -76.141936 153.335518
7536 -35.676725 -75.639997 153.335518
7537 -36.120687 -75.165376 153.335518
7538 -36.586477 -74.712072 153.335518
7539 -37.159135 -74.182486 153.335518
7603 -39.408039 -71.983629 153.335518
7604 -39.098931 -72.275266 153.335518
7605 -38.569773 -72.631793 153.335518
7606 -37.967992 -72.869893 153.335518
7607 -37.356175 -73.081770 153.335518
7608 -36.741054 -73.291776 153.335518
7609 -36.128177 -73.508245 153.335518
7610 -35.521481 -73.741467 153.335518
7611 -34.920463 -73.988961 153.335518
7612 -34.332176 -74.265233 153.335518
7613 -33.766356 -74.579449 153.335518
7737 -22.984336 -78.247634 153.798378
7738 -22.984336 -78.247634 153.798378
7739 -23.171537 -78.348625 153.798378
7740 -23.695608 -78.345838 153.798378
7741 -24.334591 -78.241788 153.798378
7742 -25.034715 -78.096839 153.798378
7743 -25.604657 -77.976824 153.798378
7744 -26.054836 -77.934637 153.798378
7745 -26.054836 -77.934637 153.798378
7746 -26.054836 -77.934637 153.798378
7747 -26.054836 -77.934637 153.798378
7873 -32.051441 -90.437577 168.154992
7874 -32.058261 -90.444891 168.154992
7875 -32.328898 -90.487801 168.154992
7876 -32.992163 -90.349812 168.154992
7877 -33.595688 -90.109467 168.154992
7879 -34.354520 -89.738325 168.165696
7880 -34.910352 -89.418702 168.165696
7881 -35.622507 -89.101000 168.165696
7882 -36.275363 -88.809753 168.165696
7883 -37.107218 -88.441153 168.165696
7885 -37.767402 -88.173197 168.165696
7954 -41.638997 -86.683995 168.165696
7955 -41.406538 -86.872521 168.165696
7957 -40.747251 -87.052499 168.165696
7958 -40.036316 -87.098661 168.165696
7959 -39.329650 -87.188555 168.165696
7960 -38.631079 -87.339535 168.165696
7961 -37.756645 -87.590136 168.165696
7963 -37.695308 -87.611647 168.165696
7964 -37.425036 -87.729211 168.165696
7965 -36.805837 -88.044671 168.165696
7966 -36.172885 -88.366085 168.165696
8103 -21.287994 -87.343052 168.165696
8104 -21.413543 -87.625015 168.165696
8105 -22.073230 -87.801699 168.165696
8106 -22.850106 -87.820819 168.165696
8107 -23.560457 -87.897258 168.165696
8108 -24.325671 -88.047612 168.165696
8110 -25.079764 -88.246397 168.165696
8111 -25.758425 -88.471202 168.165696
8112 -26.468540 -88.786100 168.165696
8113 -27.113949 -89.258477 168.165696
8114 -27.380957 -89.677955 168.165696
8252 -25.153105 -105.909318 180.342179
8254 -25.153105 -105.909318 180.342179
8255 -25.153105 -105.909318 180.342179
8256 -25.153105 -105.909318 180.342179
8257 -25.153105 -105.909318 180.342179
8259 -25.153105 -105.909318 180.342179
8260 -25.153105 -105.909318 180.342179
8261 -25.153105 -105.909318 180.342179
8262 -25.153105 -105.909318 180.342179
8264 -25.153105 -105.909318 180.342179
8265 -25.153105 -105.909318 180.342179
