6 -10.000000 6.000000 -0.333139
7 -10.007902 5.865339 15.766420
8 -10.183623 5.460111 15.766420
9 -10.522215 4.931846 15.766420
10 -10.867362 4.459579 17.661824
11 -11.176202 3.942794 17.661824
12 -11.338921 3.542095 20.821623
13 -11.457981 3.327987 21.572668
14 -11.708783 2.872615 21.572668
15 -11.875710 2.439150 21.572668
16 -11.927829 2.199967 22.343232
17 -12.100113 1.704365 22.343232
18 -12.362662 1.204176 22.343232
19 -12.569301 0.716731 22.788155
20 -12.687235 0.246302 22.788155
21 -12.775072 -0.112964 23.152106
22 -12.886221 -0.375329 23.152106
23 -13.047194 -0.863687 23.593643
24 -13.132992 -1.386560 23.593643
25 -13.206986 -1.865864 23.612285
26 -13.259590 -2.232018 23.612285
27 -13.329236 -2.518667 23.612285
28 -13.424426 -2.953339 23.612285
29 -13.474921 -3.064623 23.612285
30 -13.524708 -3.176159 23.612285
31 -13.559455 -3.372554 23.612285
32 -13.557848 -3.497496 23.612285
33 -13.553992 -3.567389 23.612285
34 -13.547111 -3.596568 23.612285
35 -13.446833 -3.655899 23.612285
36 -13.055562 -3.686969 23.612285
37 -12.428692 -3.669103 23.612285
38 -11.783539 -3.742391 23.612285
39 -11.147208 -3.874562 23.612285
40 -10.526263 -4.034388 23.612285
41 -9.892494 -4.119756 23.612285
42 -9.245257 -4.102428 23.612285
43 -8.595508 -4.102261 23.612285
44 -7.948526 -4.161647 23.703587
45 -7.311510 -4.289700 23.703587
46 -6.715209 -4.502823 24.869661
47 -6.111046 -4.719517 25.935691
48 -5.473222 -4.806785 25.935691
49 -4.825906 -4.801646 26.712170
50 -4.179109 -4.771702 26.712170
51 -3.532927 -4.730427 27.596015
52 -2.888987 -4.693909 28.668102
53 -2.244325 -4.673425 28.668102
54 -1.597101 -4.654518 29.936267
55 -0.948111 -4.619786 30.726211
56 -0.304007 -4.586462 30.726211
57 0.343295 -4.570769 31.372919
58 0.991897 -4.596514 31.372919
59 1.602386 -4.814287 31.182368
60 2.183719 -5.087748 31.469669
61 2.790800 -5.311354 31.469669
62 3.420186 -5.451233 31.469669
63 4.065595 -5.485648 31.666071
64 4.712375 -5.456914 31.666071
65 5.360991 -5.488690 32.173593
66 5.999802 -5.607406 32.173593
67 6.630929 -5.762598 32.319964
68 7.256924 -5.937378 32.319964
69 7.872845 -6.144771 32.319964
70 8.479670 -6.377683 32.319964
71 9.074958 -6.638396 32.319964
72 9.666939 -6.906809 32.319964
73 10.253792 -7.186269 32.319964
74 10.312373 -7.214435 32.319964
75 10.391218 -7.159896 32.319964
76 10.470439 -6.808301 32.319964
77 10.372436 -6.350454 32.319964
78 10.261549 -6.155114 32.319964
79 10.004952 -5.720398 32.213352
80 9.842727 -5.363227 32.213352
81 9.756385 -5.083773 32.213352
82 9.626402 -4.658221 32.213352
83 9.528494 -4.433660 32.213352
84 9.316225 -3.904714 32.213352
85 9.274776 -3.814393 32.213352
86 9.079866 -3.710780 32.213352
87 8.563153 -3.711693 32.213352
88 7.925089 -3.829754 32.213352
89 7.330709 -4.087193 32.213352
90 6.787997 -4.440225 32.213352
91 6.208513 -4.732449 32.213352
92 5.582360 -4.892312 32.213352
93 4.939237 -4.931067 32.213352
94 4.292076 -4.910570 32.213352
95 3.515061 -4.883124 32.213352
96 2.997810 -4.867146 32.213352
97 2.352911 -4.856010 32.213352
98 1.703664 -4.830511 32.213352
99 1.065782 -4.736711 32.213352
100 0.425633 -4.640603 32.213352
101 -0.220252 -4.596898 32.213352
102 -0.862634 -4.595569 32.213352
103 -1.510129 -4.594999 32.319964
104 -2.157624 -4.595856 32.319964
105 -2.795009 -4.607518 32.319964
106 -3.572260 -4.627156 32.319964
107 -4.091920 -4.643480 32.319964
108 -4.731832 -4.722809 32.319964
109 -5.375739 -4.772501 32.535827
110 -6.005134 -4.615996 32.535827
111 -6.611942 -4.383467 32.535827
112 -7.204256 -4.128301 32.535827
113 -7.807620 -3.886837 32.535827
114 -8.427062 -3.689998 32.535827
115 -9.052266 -3.512217 32.535827
116 -9.679947 -3.343441 32.535827
117 -10.432091 -3.137018 32.535827
118 -10.939080 -3.021553 32.535827
119 -11.575238 -2.901115 32.535827
120 -12.205664 -2.749012 32.535827
121 -12.758051 -2.411576 32.535827
122 -13.214846 -1.971273 32.535827
123 -13.616718 -1.492694 32.535827
124 -14.113380 -1.087114 32.535827
125 -14.723539 -0.876033 32.535827
126 -15.359806 -0.771526 32.535827
127 -16.004467 -0.711062 32.535827
128 -16.646029 -0.645494 32.535827
129 -16.654097 -0.639585 32.535827
130 -16.723022 -0.415889 32.535827
131 -16.479494 0.047631 32.535827
132 -16.061755 0.509271 32.535827
133 -15.544636 0.903062 32.535827
134 -15.031385 1.301819 32.535827
135 -14.553737 1.742293 32.535827
136 -14.109582 2.216732 32.535827
137 -13.688434 2.705228 32.535827
138 -13.258001 3.185578 32.535827
139 -12.741608 3.722418 32.535827
140 -12.461963 4.117958 32.535827
141 -12.165480 4.622030 32.535827
142 -11.937709 5.100465 32.535827
143 -11.770942 5.485901 32.535827
144 -11.668681 5.686313 32.535827
145 -11.430281 6.120085 32.535827
146 -11.206103 6.611146 32.535827
147 -11.035810 7.091818 32.535827
148 -10.877548 7.576627 32.535827
149 -10.790384 7.799597 32.535827
151 -10.474522 8.439804 32.535827
151 -10.414511 8.646011 32.535827
152 -10.400239 8.879633 32.535827
153 -10.501912 9.301798 32.535827
154 -10.597183 9.659207 32.535827
155 -10.649928 9.949440 32.535827
156 -10.741418 10.466353 32.535827
157 -10.819854 10.950027 32.535827
158 -10.888806 11.374454 32.535827
159 -10.969902 11.605465 32.535827
160 -11.123452 12.091616 32.535827
162 -11.292995 12.904023 32.535827
162 -11.298948 12.928304 32.535827
163 -11.330569 13.175477 32.535827
164 -11.118166 13.658200 32.535828
165 -10.586169 14.028162 32.535828
166 -9.981930 14.264408 32.535828
167 -9.362351 14.460854 32.535828
168 -8.748230 14.673726 32.535828
169 -8.138096 14.897305 32.535828
170 -7.552525 15.178601 32.535828
171 -6.995155 15.512933 32.535828
173 -6.221618 15.992216 32.535828
173 -6.221618 15.992216 32.535828
174 -6.185740 15.975103 32.535828
175 -6.116072 15.767425 32.535828
176 -6.354116 15.315869 32.535828
177 -6.785363 14.836507 32.535828
178 -7.256601 14.388839 32.535828
179 -7.694501 13.922506 32.535828
180 -8.062155 13.420760 32.535828
181 -8.322715 12.953543 32.535828
182 -8.611373 12.467863 32.535828
184 -9.173450 11.493920 32.535828
184 -9.220232 11.399917 32.535828
185 -9.268843 11.343332 32.535828
186 -9.596910 11.288996 32.535828
187 -10.017344 11.693273 32.535828
188 -10.109226 12.084665 32.535828
189 -10.145730 12.374844 32.535828
190 -10.241502 12.890758 32.535828
191 -10.406595 13.409791 32.535828
192 -10.644303 13.899615 32.535828
193 -10.979590 14.415023 32.535828
195 -11.784814 15.476180 32.535828
196 -11.856958 15.578259 32.535828
196 -12.068102 15.885129 32.535828
197 -12.424413 16.370842 32.535828
198 -12.879739 16.775076 32.535828
199 -13.485571 16.997355 32.535828
200 -14.122504 17.097319 32.535828
201 -14.766573 17.163631 32.535828
202 -15.407093 17.257361 32.535828
203 -16.045631 17.378217 32.535828
204 -16.680588 17.517125 32.535828
207 -18.203390 17.843757 32.535828
208 -18.267027 17.857002 32.535828
209 -18.267027 17.857002 32.535828
210 -18.267027 17.857002 32.535828
211 -18.267027 17.857002 32.535828
212 -18.267027 17.857002 32.535828
213 -18.267027 17.857002 32.535828
214 -18.267027 17.857002 32.535828
215 -18.267027 17.857002 32.535828
216 -18.183314 17.946038 32.535828
217 -18.153677 18.265442 32.535828
218 -18.228555 18.976495 32.889208
219 -18.232030 18.996185 32.889208
220 -18.232030 18.996185 32.889208
221 -18.232030 18.996185 32.889208
222 -18.285418 18.960126 32.709937
223 -18.368722 18.641265 32.709937
224 -18.031637 18.161151 32.709937
225 -17.411489 18.006915 32.709937
226 -16.766970 17.944999 32.709937
227 -16.125741 17.839895 32.709937
228 -15.492393 17.694137 32.709937
230 -13.953572 17.177010 32.709937
231 -13.382291 16.895329 32.709937
232 -12.868185 16.513614 32.709937
233 -12.542249 16.055212 32.709937
234 -12.465298 15.854462 32.709937
235 -12.363190 15.366203 32.709937
236 -12.347291 14.956674 32.709937
237 -12.361543 14.742152 32.709937
238 -12.354059 14.297426 32.709937
239 -12.309682 14.089732 32.709937
240 -12.263696 13.647544 32.709937
243 -12.307107 12.919334 32.709937
244 -12.307857 12.554382 32.709937
245 -12.318340 12.074577 32.709937
246 -12.338650 11.519959 32.709937
247 -12.335449 11.030087 32.709937
248 -12.338678 10.800291 32.709937
249 -12.350258 10.385500 32.709937
250 -12.336509 10.083828 32.709937
251 -12.282946 9.723057 32.709937
252 -12.270302 9.428460 32.709937
253 -12.272812 9.063469 32.709937
255 -12.298421 8.123923 32.709937
256 -12.299335 7.714028 32.709937
257 -12.361523 7.508518 32.709937
258 -12.447922 7.072873 32.709937
259 -12.444030 6.857944 32.709937
260 -12.430932 6.413136 32.709937
261 -12.432650 6.198144 32.709937
262 -12.433324 5.753145 32.709937
263 -12.440985 5.540786 32.709937
264 -12.433143 5.100901 32.709937
265 -12.440441 4.896055 32.709937
268 -13.126459 3.705885 32.709937
269 -13.729036 3.481752 32.709937
270 -14.374199 3.431783 32.709937
271 -15.018007 3.392728 32.889208
272 -15.664894 3.329664 32.889208
273 -16.305026 3.232994 32.889208
274 -16.943116 3.109146 32.889208
275 -17.578468 2.984385 32.889208
276 -18.218567 2.871715 32.889208
277 -18.858030 2.770175 32.889208
278 -19.496102 2.660141 32.889208
280 -21.092552 2.371202 32.889208
281 -21.218343 2.350395 32.889208
282 -21.298005 2.429009 32.889208
283 -21.278749 2.542167 32.889208
284 -20.975545 2.670778 32.889208
285 -20.371200 2.675022 32.889208
286 -19.727766 2.630283 32.889208
287 -19.078143 2.619406 32.889208
288 -18.432660 2.667950 32.889208
289 -17.793460 2.753427 32.889208
290 -17.152592 2.861872 32.889208
293 -15.495359 3.137415 32.889208
294 -15.303256 3.170901 32.889208
295 -15.284757 3.141332 32.889208
296 -15.310808 2.961228 32.889208
297 -15.693594 2.760799 32.889208
298 -16.331644 2.689642 32.889208
299 -16.977736 2.647046 32.889208
300 -17.624305 2.582035 32.889208
301 -18.262649 2.461009 32.889208
302 -18.891217 2.295707 32.889208
303 -19.510600 2.098593 32.889208
306 -21.273476 1.440035 32.889208
307 -21.885826 1.222298 32.889208
308 -22.505481 1.026032 32.889208
309 -23.124006 0.826248 32.889208
310 -23.736175 0.607959 32.889208
311 -24.341802 0.372104 32.889208
312 -24.937794 0.112768 32.889208
313 -25.524379 -0.167242 32.889208
314 -26.109931 -0.449413 32.889208
315 -26.694269 -0.734075 32.889208
316 -27.277089 -1.021803 32.889208
318 -28.794759 -2.020919 33.381732
319 -28.956209 -2.169244 34.188010
320 -29.121923 -2.503375 34.188010
321 -29.160623 -2.821758 34.907020
322 -29.077455 -3.114901 34.907020
323 -28.969924 -3.581967 35.223004
324 -28.945345 -3.920873 35.784075
325 -28.949570 -4.225840 35.784075
326 -28.938430 -4.580501 36.460664
327 -28.907061 -4.848426 36.460664
328 -28.904277 -5.353390 36.460664
332 -28.941401 -6.666939 38.431498
333 -28.940483 -6.726932 38.431498
334 -28.978366 -6.738971 38.431498
335 -29.096437 -6.677783 38.431498
336 -29.167068 -6.310217 38.801289
337 -29.137943 -6.052841 38.801289
338 -28.981255 -5.690282 38.801289
339 -28.748892 -5.230821 38.801289
340 -28.618029 -4.988971 38.801289
341 -28.436388 -4.649529 38.801289
342 -28.241401 -4.120402 38.801289
345 -27.911885 -3.020432 38.801289
346 -27.791549 -2.665516 38.801289
347 -27.775964 -2.451178 38.801289
348 -27.715807 -1.970548 38.801289
349 -27.450499 -1.416033 38.801289
350 -26.937845 -1.024156 38.801289
351 -26.339764 -0.783548 38.801289
352 -25.717969 -0.594583 38.801289
353 -25.091002 -0.423101 38.801289
354 -24.461030 -0.263138 38.801289
355 -23.835452 -0.086858 38.801289
359 -21.463730 0.602610 38.801289
360 -20.847335 0.800802 38.801289
361 -20.222145 0.978608 38.801289
362 -19.601021 1.170122 38.801289
363 -18.975146 1.345491 38.801289
364 -18.353615 1.535413 38.801289
365 -17.741051 1.752412 38.801289
366 -17.132640 1.981078 38.801289
367 -16.518042 2.192629 38.801289
368 -15.908186 2.417488 38.801289
369 -15.305385 2.653856 38.801289
373 -13.053367 3.615825 38.801289
374 -12.647297 3.860225 38.801289
375 -12.327132 4.295445 38.801289
376 -12.193203 4.714370 38.801289
377 -12.158537 4.888295 38.801289
378 -12.065603 5.297866 38.801289
379 -11.950492 5.776693 38.801289
380 -11.844195 6.252342 38.801289
381 -11.824792 6.438618 38.801289
382 -11.758335 6.878600 38.801289
383 -11.709600 7.076593 38.801289
387 -11.233001 8.441080 38.801289
388 -11.075312 8.967587 38.801289
389 -10.961963 9.408221 38.801289
390 -10.894082 9.617159 38.801289
391 -10.729485 9.981680 38.801289
392 -10.639712 10.251842 38.801289
393 -10.525259 10.598331 38.801289
394 -10.392011 11.100534 38.801289
395 -10.337202 11.313353 38.801289
396 -10.188459 11.695404 38.801289
397 -10.131171 11.904583 38.801289
401 -9.846470 13.542593 38.801289
402 -9.771391 14.006338 38.801289
403 -9.792464 14.464790 38.801289
404 -9.852904 14.930726 38.801289
405 -9.870310 15.400074 38.801289
406 -9.851752 15.869632 38.801289
407 -9.791142 16.325074 38.801289
408 -9.693406 16.671328 38.801289
409 -9.579594 16.943485 38.801289
410 -9.437235 17.301143 38.801289
411 -9.362205 17.534287 38.801289
414 -9.083219 18.959373 38.801289
415 -9.041728 19.152465 38.801289
416 -8.968049 19.611346 38.801289
417 -8.929401 20.014479 38.801289
418 -8.860771 20.217878 38.801289
419 -8.696324 20.674117 38.801289
420 -8.485258 21.156537 38.912467
421 -8.216187 21.547894 38.912467
422 -7.962252 21.993025 38.912467
423 -7.803569 22.420509 38.912467
424 -7.785742 22.634385 38.912467
428 -8.338681 24.165258 38.801289
429 -8.369942 24.244299 38.801289
430 -8.418549 24.294322 38.801289
431 -8.476215 24.310422 38.801289
432 -8.525788 24.311910 38.801289
433 -8.578648 24.275059 38.801289
434 -8.688618 23.998588 38.801289
435 -8.655691 23.515915 38.801289
436 -8.494537 22.981035 38.801289
437 -8.286727 22.559605 38.801289
438 -8.102725 22.043441 38.801289
442 -8.216755 20.507214 38.912467
443 -8.290407 20.134476 38.912467
444 -8.311408 19.930800 38.912467
445 -8.344852 19.537233 38.912467
446 -8.379097 19.295697 38.912467
447 -8.477883 18.939342 38.912467
448 -8.570988 18.374556 38.912467
449 -8.672456 17.899674 38.912467
450 -8.734832 17.719284 38.912467
451 -8.905847 17.308466 38.912467
452 -9.083666 16.772452 38.912467
456 -9.586816 15.166571 38.912467
457 -9.647186 14.975942 38.912467
458 -9.776898 14.550490 38.912467
459 -9.845387 14.080830 38.912467
460 -9.900312 13.604011 38.912467
461 -9.907389 13.414287 38.912467
462 -9.941697 12.971077 38.912467
463 -9.984519 12.771296 38.912467
464 -10.118063 12.410230 38.912467
465 -10.264212 11.906314 38.912467
466 -10.326117 11.727071 38.912467
470 -10.698738 10.153676 38.912467
471 -10.749434 9.878780 38.912467
472 -10.868362 9.544341 38.912467
473 -10.991927 9.008769 38.912467
474 -11.091900 8.483218 38.912467
475 -11.220048 8.015647 38.912467
476 -11.363775 7.526352 38.912467
477 -11.444171 7.333252 38.912467
478 -11.637360 6.954782 38.912467
479 -11.823709 6.416796 38.801289
480 -11.921616 5.957439 38.801289
484 -12.475923 4.409756 38.801289
485 -12.834576 3.986487 38.801289
486 -13.128717 3.743504 38.801289
487 -13.184777 3.710609 38.801289
488 -13.484169 3.573830 38.801289
489 -14.072733 3.477685 38.801289
490 -14.719909 3.466025 38.801289
491 -15.367015 3.488143 38.801289
492 -16.011097 3.522319 38.801289
493 -16.658450 3.533284 38.801289
494 -17.305672 3.516194 38.801289
498 -19.751370 3.287647 38.801289
499 -20.383524 3.137651 38.801289
500 -20.993239 2.920552 38.801289
501 -21.611246 2.729528 38.801289
502 -22.251730 2.638350 38.801289
503 -22.896246 2.616812 38.801289
504 -23.543709 2.610541 38.801289
505 -24.191209 2.609915 38.801289
506 -24.838708 2.609288 38.801289
507 -25.478708 2.609068 38.801289
508 -26.116065 2.598791 38.801289
512 -28.705475 2.554420 38.801289
513 -29.222820 2.541765 38.801289
514 -29.870254 2.541586 38.801289
515 -30.517143 2.568823 38.801289
516 -31.161545 2.631173 38.801289
517 -31.802763 2.720910 38.801289
518 -32.442523 2.835506 38.801289
519 -33.078349 2.970455 38.801289
520 -33.710031 3.112608 38.801289
521 -34.344741 3.252740 38.801289
522 -34.980901 3.385976 38.801289
525 -37.281055 4.502438 39.113425
526 -37.421297 4.656108 39.113425
527 -37.490990 5.027596 39.113425
528 -37.505320 5.541916 39.113425
529 -37.479627 6.051269 39.113425
530 -37.485074 6.530919 39.113425
531 -37.521429 6.853635 39.113425
532 -37.621282 7.173356 39.770592
533 -37.693970 7.489902 39.770592
534 -37.749971 7.820177 40.621423
535 -37.818491 8.137646 40.621423
538 -38.183475 9.334597 46.105314
539 -38.206515 9.433510 46.105314
540 -38.303862 9.505730 46.105314
541 -38.703063 9.561953 46.105314
542 -39.337736 9.566119 46.054098
543 -39.984733 9.540622 46.054098
544 -40.629319 9.549249 46.054098
545 -41.274551 9.602965 46.054098
546 -41.917726 9.677316 46.054098
547 -42.560808 9.752824 46.054098
548 -43.202932 9.835966 46.054098
553 -46.151794 10.253427 45.934083
554 -46.276897 10.288772 45.934083
555 -46.283973 10.281706 45.921019
556 -46.342064 10.079353 45.921019
557 -46.126965 9.684966 45.921019
558 -45.524703 9.479912 45.921019
559 -44.877723 9.456529 45.961941
560 -44.236192 9.371741 45.907080
561 -43.600032 9.238658 45.907080
562 -42.968907 9.083181 45.961941
563 -42.348030 8.893407 45.961941
568 -39.765978 7.044542 45.961941
569 -39.261885 6.634251 45.961941
570 -38.797439 6.278564 45.961941
571 -38.230499 5.842904 45.961941
572 -37.721622 5.438511 45.961941
573 -37.217329 5.028410 45.961941
574 -36.725179 4.604166 45.961941
575 -36.264747 4.156090 45.961941
576 -35.764913 3.759530 45.961941
577 -35.223191 3.542845 45.961941
578 -34.526794 3.407559 45.961941
583 -31.468905 2.878415 45.961941
584 -30.980502 2.707420 45.961941
585 -30.356552 2.556483 45.961941
586 -29.712708 2.491264 45.961941
587 -29.065371 2.480400 45.961941
588 -28.417932 2.488998 45.961941
589 -27.773289 2.470752 45.961941
590 -27.126057 2.452905 45.961941
591 -26.478711 2.464105 45.961941
592 -25.829706 2.499759 45.961941
593 -25.183448 2.539835 45.961941
597 -21.959119 2.513152 45.961941
598 -21.377073 2.534044 45.961941
599 -20.731442 2.582793 45.961941
600 -20.088568 2.634984 45.961941
601 -19.441795 2.665246 45.961941
602 -18.794478 2.680474 45.961941
603 -18.147017 2.687521 45.961941
604 -17.499535 2.690908 45.961941
605 -16.854551 2.695109 45.961941
606 -16.207076 2.700757 45.961941
607 -15.559600 2.706406 45.961941
612 -12.454992 2.751285 45.961941
613 -11.807663 2.766134 45.961941
614 -11.160325 2.780607 45.961941
615 -10.512871 2.788300 45.961941
616 -9.865417 2.795993 45.961941
617 -9.217963 2.803687 45.961941
618 -8.573008 2.811350 45.961941
619 -7.926082 2.796408 45.961941
620 -7.284749 2.694222 45.961941
621 -6.677766 2.507921 45.961941
622 -6.039355 2.410623 45.961941
627 -2.982412 2.980606 45.961941
628 -2.855644 3.009415 45.961941
629 -2.828936 2.967503 45.961941
630 -2.866338 2.735453 45.961941
631 -3.246697 2.474971 45.961941
632 -3.851036 2.285642 45.961941
633 -4.500454 2.266270 45.961941
634 -5.145160 2.248780 45.961941
635 -5.791705 2.214079 45.983693
636 -6.437281 2.164240 45.983693
637 -7.082651 2.112013 46.079279
642 -10.234338 1.753348 46.079279
643 -10.877780 1.711613 46.079279
644 -11.522717 1.704585 46.079279
645 -12.167057 1.676043 46.079279
646 -12.813810 1.611987 46.079279
647 -13.455313 1.524168 46.079279
648 -14.096764 1.419136 46.079279
649 -14.735134 1.310807 46.079279
650 -15.373592 1.202982 46.079279
651 -16.014217 1.093024 46.079279
652 -16.653893 0.977746 46.079279
657 -19.851071 0.409346 46.079279
658 -20.495896 0.328607 46.079279
659 -21.140364 0.266160 46.079279
660 -21.785342 0.186229 46.079279
661 -22.427332 0.084506 46.079279
662 -23.064875 -0.041300 46.079279
663 -23.696169 -0.196094 46.079279
664 -24.321979 -0.371553 46.079279
665 -24.945630 -0.554649 46.079279
666 -25.574111 -0.720483 46.079279
667 -26.200655 -0.893519 46.079279
672 -27.648463 -2.302629 46.079279
673 -27.669893 -2.581659 46.079279
674 -27.716094 -2.913439 46.079279
675 -27.753151 -3.431979 46.079279
676 -27.752092 -3.916820 46.079279
677 -27.751170 -4.171682 46.079279
678 -27.750462 -4.556608 46.079279
679 -27.719010 -5.050493 46.079279
680 -27.710489 -5.329694 46.079279
681 -27.783988 -5.656509 46.079279
682 -27.837895 -6.172951 46.079279
687 -27.647237 -7.918468 46.079279
688 -27.743806 -8.336442 46.079279
689 -27.877272 -8.643419 46.079279
690 -28.027920 -8.908553 46.079279
691 -28.178063 -9.388010 46.079279
692 -28.184731 -9.862325 46.079279
693 -28.151721 -10.170398 46.079279
694 -28.091176 -10.504951 46.079279
695 -28.047183 -10.899831 46.079279
696 -28.048982 -11.164824 46.079279
697 -28.047412 -11.614786 46.079279
700 -28.047362 -12.824024 46.079279
701 -28.043574 -12.933958 46.079279
702 -28.185170 -13.069332 46.079279
703 -28.668305 -13.055805 46.079279
704 -29.295538 -12.906281 46.079279
705 -29.924426 -12.742184 46.079279
706 -30.558136 -12.623191 46.079279
707 -31.201161 -12.548007 46.079279
708 -31.844357 -12.499818 46.079279
709 -32.490946 -12.466030 46.079279
710 -33.137994 -12.441854 46.079279
715 -36.626256 -12.210661 48.269452
716 -36.690912 -12.203982 48.269452
717 -36.716605 -12.147968 48.977750
718 -36.651840 -12.050177 48.977750
719 -36.300959 -11.947375 49.407894
720 -35.683761 -11.963191 49.407894
721 -35.047486 -12.081439 49.407894
722 -34.416994 -12.217350 49.407894
723 -33.780908 -12.338239 49.407894
724 -33.142585 -12.460872 49.407894
725 -32.503890 -12.567175 49.407894
730 -31.050136 -14.233062 49.407894
731 -31.063262 -14.647843 49.407894
732 -31.083127 -15.192440 49.407894
733 -31.092261 -15.684757 49.407894
734 -31.057681 -16.130817 49.407894
735 -31.015506 -16.340823 49.407894
736 -30.881275 -16.733511 49.407894
737 -30.713362 -17.257182 49.407894
738 -30.558950 -17.701056 49.407894
739 -30.436910 -18.139250 49.407894
740 -30.391036 -18.349273 49.407894
746 -30.045991 -21.204699 50.229275
747 -30.052093 -21.278170 50.229275
748 -30.159671 -21.330286 50.229275
749 -30.449805 -21.203610 51.218162
750 -30.614784 -20.697389 51.761183
751 -30.643046 -20.212527 51.761183
752 -30.695631 -19.729379 51.761183
753 -30.752142 -19.493300 51.761183
754 -30.901987 -19.138658 51.761183
755 -31.014538 -18.888256 51.761183
756 -31.180565 -18.597595 51.761183
759 -32.066254 -17.695041 51.593218
760 -32.130671 -17.686357 51.593218
761 -32.130671 -17.686357 51.593218
762 -32.130671 -17.686357 51.593218
763 -32.130671 -17.686357 51.593218
764 -32.130671 -17.686357 51.593218
765 -32.130671 -17.686357 51.593218
766 -32.084911 -17.706304 51.761183
767 -31.893035 -17.740524 51.761183
768 -31.426519 -17.871451 51.761183
769 -30.811830 -18.082553 51.761183
776 -27.295989 -20.140367 51.761183
777 -26.678391 -20.316571 51.761183
778 -26.031517 -20.341090 51.761183
779 -25.384933 -20.283647 51.761183
780 -24.751296 -20.139233 51.593218
781 -24.127330 -19.957544 51.593218
782 -23.516037 -19.737039 51.761183
783 -22.925310 -19.466057 51.761183
784 -22.327691 -19.216940 51.593218
785 -21.861355 -19.043652 51.593218
786 -21.626304 -18.958500 51.593218
792 -21.446421 -18.897350 51.761183
793 -21.446421 -18.897350 51.761183
794 -21.446421 -18.897350 51.761183
795 -21.446421 -18.897350 51.761183
796 -21.446421 -18.897350 51.761183
797 -21.446421 -18.897350 51.761183
798 -21.425151 -18.831208 51.761183
799 -21.481657 -18.708890 51.761183
800 -21.816403 -18.588850 51.761183
801 -22.435427 -18.574106 51.761183
802 -23.061731 -18.737741 51.761183
809 -26.969670 -20.178563 51.761183
810 -27.616494 -20.152602 51.761183
811 -28.249963 -20.276913 51.761183
812 -28.725132 -20.703708 51.761183
813 -29.024568 -21.173633 51.761183
814 -29.357658 -21.725607 51.761183
815 -29.728170 -22.234680 51.761183
816 -30.173920 -22.707390 51.761183
817 -30.643186 -23.157094 51.761183
818 -31.129981 -23.587604 51.761183
819 -31.656353 -23.968310 52.686432
825 -35.547536 -26.185356 53.993519
826 -35.547536 -26.185356 53.993519
827 -35.659992 -26.095341 53.993519
828 -35.635170 -25.701093 53.993519
829 -35.178133 -25.266353 53.993519
830 -34.598826 -24.976777 53.993519
831 -33.974094 -24.798013 53.993519
832 -33.344480 -24.636530 54.071990
833 -32.728215 -24.431396 54.071990
834 -32.140869 -24.153626 54.071990
835 -31.614261 -23.786657 54.071990
843 -31.213169 -20.851683 54.071990
844 -31.201669 -20.471901 54.071990
845 -31.223974 -19.937502 54.071990
846 -31.234293 -19.537702 54.071990
847 -31.250943 -19.306078 54.071990
848 -31.220219 -18.847120 54.071990
849 -31.180748 -18.408976 54.071990
850 -31.201360 -18.174910 54.071990
851 -31.231234 -17.715907 54.071990
852 -31.241192 -17.231010 54.071990
853 -31.245831 -17.051070 54.071990
861 -31.305178 -13.958655 54.071990
862 -31.293918 -13.598920 54.071990
863 -31.320960 -13.323888 54.071990
864 -31.416741 -13.055479 54.071990
865 -31.519028 -12.800439 54.071990
866 -31.591439 -12.677772 54.071990
867 -31.656734 -12.589329 54.071990
868 -31.734225 -12.526649 54.071990
869 -32.080760 -12.424066 54.071990
870 -32.697125 -12.449750 54.071990
871 -33.342140 -12.506196 54.071990
878 -38.374385 -12.201175 54.071990
879 -38.439383 -12.200682 54.071990
880 -38.459776 -12.167257 54.071990
881 -38.422253 -12.097928 54.071990
882 -38.125202 -11.996250 54.071990
883 -37.567630 -11.987444 54.071990
884 -36.925329 -12.069075 54.071990
885 -36.283676 -12.155846 54.071990
886 -35.642672 -12.247316 54.071990
887 -35.001156 -12.335110 54.071990
888 -34.358666 -12.415273 54.071990
897 -31.790963 -12.915281 54.071990
898 -31.828995 -12.759867 54.071990
899 -31.866994 -12.614762 54.071990
900 -31.890769 -12.527959 54.071990
901 -31.890769 -12.527959 54.071990
902 -31.890769 -12.527959 54.071990
903 -31.890769 -12.527959 54.071990
904 -31.890769 -12.527959 54.071990
905 -31.885078 -12.567300 54.071990
906 -31.976773 -12.684671 54.071990
907 -32.315642 -12.730294 54.071990
915 -37.565071 -11.469459 54.071990
916 -38.131816 -11.324543 54.071990
917 -38.765839 -11.181667 54.071990
918 -39.342217 -10.901469 54.071990
919 -39.717101 -10.399137 54.071990
920 -39.861653 -9.934098 54.071990
921 -39.868114 -9.760154 54.071990
922 -39.874467 -9.335595 54.071990
923 -39.924379 -9.106775 54.071990
924 -40.060558 -8.704198 54.071990
925 -40.255120 -8.211235 54.071990
933 -41.147742 -6.469481 54.071990
934 -41.147742 -6.469481 54.071990
935 -41.147742 -6.469481 54.071990
936 -41.221351 -6.580289 54.071990
937 -41.608894 -6.615755 54.071990
938 -41.985445 -6.173796 54.071990
939 -42.029449 -5.809647 54.071990
940 -42.045076 -5.545119 54.071990
941 -42.104181 -5.068968 54.071990
942 -42.168496 -4.863875 54.071990
943 -42.347000 -4.391622 54.071990
952 -44.280953 -0.865220 54.071990
953 -44.290311 -0.842038 54.071990
954 -44.290311 -0.842038 54.071990
955 -44.377996 -0.891889 54.071990
956 -44.492779 -1.254568 54.071990
957 -44.490198 -1.773705 54.071990
958 -44.328352 -2.307618 54.071990
959 -44.184431 -2.598560 54.071990
960 -43.985954 -2.904873 54.071990
961 -43.662180 -3.410012 54.071990
962 -43.322852 -3.922842 54.071990
970 -41.522540 -7.053008 54.071990
971 -41.315469 -7.429730 54.071990
972 -41.136727 -7.891192 54.071990
973 -41.063491 -8.093315 54.071990
974 -40.877623 -8.568204 54.071990
975 -40.772209 -8.760747 54.071990
976 -40.564196 -9.119577 54.071990
977 -40.308428 -9.626134 54.071990
978 -40.227340 -9.825204 54.071990
979 -40.056076 -10.305490 54.071990
980 -39.728690 -10.846365 54.071990
989 -34.205871 -12.263926 54.071990
990 -33.571876 -12.407213 54.071990
991 -32.934670 -12.535061 54.071990
992 -32.295695 -12.652240 54.071990
993 -31.735350 -12.963591 54.071990
994 -31.443645 -13.358573 54.071990
995 -31.366081 -13.539305 54.071990
996 -31.335368 -13.890308 54.071990
997 -31.331162 -14.437762 54.071990
998 -31.338727 -14.891392 54.071990
999 -31.344808 -15.063513 54.071990
1008 -31.268269 -18.166525 54.071990
1009 -31.269140 -18.501509 54.071990
1010 -31.278094 -18.776359 54.071990
1011 -31.284105 -19.151297 54.071990
1012 -31.290617 -19.426176 54.071990
1013 -31.285892 -19.801130 54.071990
1014 -31.287821 -20.076094 54.071990
1015 -31.282977 -20.451047 54.071990
1016 -31.286514 -20.726005 54.071990
1017 -31.283918 -21.100981 54.071990
1018 -31.285823 -21.375912 54.071990
1026 -32.436851 -24.521659 54.071990
1027 -33.003948 -24.838126 54.071990
1028 -33.579293 -25.140321 54.473664
1029 -34.138860 -25.470960 54.473664
1030 -34.680026 -25.830875 54.473664
1031 -35.189642 -26.230036 54.473664
1032 -35.615171 -26.673149 54.473664
1033 -35.887871 -27.141341 54.473664
1034 -36.000377 -27.634221 54.473664
1035 -35.962606 -28.047425 54.473664
1036 -35.978608 -28.281693 54.473664
1045 -36.447276 -30.705222 54.473664
1046 -36.444145 -30.840125 54.473664
1047 -36.500878 -30.997126 54.473664
1048 -36.869176 -31.171808 54.473664
1049 -37.496443 -31.275605 54.473664
1050 -38.146217 -31.291187 55.158862
1051 -38.793144 -31.352576 55.158862
1052 -39.431465 -31.474174 56.162088
1053 -40.060207 -31.638728 56.162088
1054 -40.665610 -31.872352 56.162088
1055 -41.249270 -32.158378 56.162088
1064 -42.588412 -32.581994 56.162088
1065 -42.502066 -32.634102 56.162088
1066 -42.175248 -32.673911 56.162088
1067 -41.603543 -32.508714 56.162088
1068 -41.040555 -32.185917 56.162088
1069 -40.540580 -31.771522 56.162088
1070 -40.084544 -31.311907 56.162088
1071 -39.633693 -30.852423 56.162088
1072 -39.188325 -30.385957 56.162088
1073 -38.946460 -30.109320 56.162088
1074 -38.736347 -29.881417 56.162088
1083 -34.807942 -25.746951 56.162088
1084 -34.259438 -25.398287 56.162088
1085 -33.702996 -25.062331 56.162088
1086 -33.148299 -24.723512 56.162088
1087 -32.596605 -24.379833 56.162088
1088 -32.058694 -24.015087 56.162088
1089 -31.585797 -23.609801 56.162088
1090 -31.275982 -23.116956 56.162088
1091 -31.219486 -22.935826 56.169921
1092 -31.186753 -22.637915 56.169921
1093 -31.177817 -22.113070 56.169921
1102 -31.203970 -18.296156 56.169921
1103 -31.207150 -17.824086 56.169921
1104 -31.232964 -17.585755 56.169921
1105 -31.274516 -17.163057 56.169921
1106 -31.300661 -16.628712 56.169921
1107 -31.299320 -16.393867 56.169921
1108 -31.296167 -15.968889 56.169921
1109 -31.301675 -15.736504 56.169921
1110 -31.319387 -15.311878 56.169921
1111 -31.324819 -14.776919 56.169921
1112 -31.314679 -14.342100 56.169921
1121 -34.011281 -12.474665 56.169921
1122 -34.655321 -12.413270 56.169921
1123 -35.294480 -12.309679 56.169921
1124 -35.935069 -12.215500 56.169921
1125 -36.575695 -12.140769 56.169921
1126 -37.220573 -12.082924 56.169921
1127 -37.866539 -12.038992 56.169921
1128 -38.511439 -12.031568 56.169921
1129 -39.158852 -12.041610 56.169921
1130 -39.805775 -12.068795 56.169921
1131 -40.447638 -12.097396 56.169921
1140 -46.271175 -12.036873 56.169921
1141 -46.786646 -11.993786 56.169921
1142 -47.427535 -11.901512 56.169921
1143 -48.071170 -11.831706 56.162088
1144 -48.717320 -11.790370 56.162088
1145 -49.361478 -11.757424 56.162088
1146 -50.010514 -11.722072 56.162088
1147 -50.657048 -11.656037 56.162088
1148 -51.299380 -11.574589 55.872892
1149 -51.936167 -11.445160 55.872892
1150 -52.561571 -11.268743 56.169921
1159 -53.806207 -10.719407 56.169921
1160 -53.692658 -10.824896 56.169921
1161 -53.337327 -11.116972 56.169921
1162 -52.838050 -11.442125 56.169921
1163 -52.216819 -11.616578 56.169921
1164 -51.573450 -11.653935 56.169921
1165 -50.926239 -11.635972 56.169921
1166 -50.279945 -11.596594 56.169921
1167 -49.633505 -11.559925 56.169921
1168 -48.988575 -11.555183 56.169921
1169 -48.341557 -11.579209 56.169921
1178 -42.397320 -11.887496 56.169921
1179 -41.877458 -11.890390 56.169921
1180 -41.230292 -11.869669 56.169921
1181 -40.582830 -11.863264 56.169921
1182 -39.938200 -11.883946 56.169921
1183 -39.291760 -11.920922 56.169921
1184 -38.645719 -11.964260 56.169921
1185 -38.003121 -12.019841 56.024460
1186 -37.358562 -12.081489 56.024460
1187 -36.713781 -12.140723 56.024460
1188 -36.068535 -12.194698 56.024460
1197 -31.192159 -14.153405 56.024460
1198 -31.165421 -14.270388 56.024460
1199 -31.218886 -14.327147 56.024460
1200 -31.327854 -14.312738 56.024460
1201 -31.434003 -14.090336 56.024460
1202 -31.481271 -13.574796 56.024460
1203 -31.434409 -13.082536 56.024460
1204 -31.356186 -12.611543 56.024460
1205 -31.317649 -12.140920 56.024460
1206 -31.324436 -11.916728 56.024460
1207 -31.365878 -11.503973 56.024460
1216 -30.787874 -7.701042 56.169921
1217 -30.798761 -7.596607 56.169921
1218 -30.840592 -7.183729 56.169921
1219 -30.855917 -6.899222 56.169921
1220 -30.861169 -6.534260 56.169921
1221 -30.868724 -6.009314 56.169921
1222 -30.863769 -5.792039 56.169921
1223 -30.854731 -5.377274 56.169921
1224 -30.874615 -5.158749 56.169921
1225 -30.920762 -4.746652 56.169921
1226 -30.923713 -4.506902 56.169921
1235 -31.784050 -0.745365 56.169921
1236 -32.265763 -0.309191 56.169921
1237 -32.765215 0.106782 56.169921
1238 -33.268182 0.518515 56.169921
1239 -33.771149 0.930248 56.169921
1240 -34.271739 1.344854 56.169921
1241 -34.765164 1.767961 56.169921
1242 -35.256876 2.193070 56.169921
1243 -35.754203 2.611592 56.169921
1244 -36.250425 3.031419 56.169921
1245 -36.743675 3.454737 56.169921
1254 -41.177545 7.466835 56.169921
1255 -41.645306 7.918060 56.169921
1256 -42.070586 8.392773 56.169921
1257 -42.446315 8.786165 56.169921
1258 -43.028899 9.062492 56.169921
1259 -43.671408 9.129184 56.169921
1260 -44.317514 9.090016 56.169921
1261 -44.959909 9.032100 56.169921
1262 -45.606199 8.993419 56.169921
1263 -46.253399 8.974020 56.169921
1264 -46.900798 8.962868 56.169921
1273 -52.246040 7.353495 56.169921
1274 -52.471752 6.963134 56.169921
1275 -52.538758 6.474400 56.169921
1276 -52.425497 5.990203 56.169921
1277 -52.396470 5.827779 56.169921
1278 -52.304574 5.382212 56.169921
1279 -52.251898 4.945519 56.169921
1280 -52.251353 4.713021 56.169921
1281 -52.238385 4.253245 56.169921
1282 -52.190424 3.755594 56.169921
1283 -52.151170 3.468273 56.169921
1293 -52.112161 3.251772 56.169921
1294 -52.112161 3.251772 56.169921
1295 -52.112161 3.251772 56.169921
1296 -52.112161 3.251772 56.169921
1297 -52.196636 3.256525 56.169921
1298 -52.308649 3.465323 56.169921
1299 -52.355514 3.951211 56.169921
1300 -52.285084 4.440696 56.169921
1301 -52.200405 4.948580 56.169921
1302 -52.175508 5.222224 56.169921
1303 -52.173168 5.557216 56.169921
1312 -52.207298 8.711873 56.169921
1313 -52.217522 9.066726 56.169921
1314 -52.215116 9.281712 56.169921
1315 -52.222132 9.716619 56.169921
1316 -52.249068 9.929904 56.169921
1317 -52.275679 10.363932 56.169921
1318 -52.272707 10.578911 56.169921
1319 -52.266692 11.013869 56.169921
1320 -52.240281 11.226914 56.169921
1321 -52.111078 11.699320 56.169921
1322 -51.942539 12.153882 56.169921
1332 -54.062873 16.064878 56.169921
1333 -54.116589 16.124160 56.169921
1334 -54.090478 16.174719 56.169921
1335 -53.813098 16.255457 56.169921
1336 -53.342322 15.937788 56.169921
1337 -52.977311 15.435016 56.169921
1338 -52.745248 14.982366 56.169921
1339 -52.679483 14.831048 56.169921
1340 -52.453577 14.413972 56.169921
1341 -52.021398 13.929698 56.169921
1342 -51.575244 13.464162 56.169921
1352 -46.523068 11.697985 56.169921
1353 -45.874254 11.691662 56.169921
1354 -45.299322 11.409278 56.169921
1355 -44.815160 10.976281 56.169921
1356 -44.359509 10.512785 56.169921
1357 -43.886476 10.067263 56.169921
1358 -43.374682 9.667212 56.169921
1359 -42.828240 9.315347 56.169921
1360 -42.272317 8.978612 56.169921
1361 -41.749332 8.593287 56.169921
1362 -41.262457 8.162820 56.169921
1372 -36.810314 3.524654 56.169921
1373 -36.359986 3.055936 56.169921
1374 -35.903487 2.593237 56.169921
1375 -35.437699 2.139924 56.169921
1376 -34.963249 1.695650 56.169921
1377 -34.484395 1.256112 56.169921
1378 -34.007999 0.813906 56.169921
1379 -33.534084 0.369056 56.169921
1380 -33.054929 -0.070156 56.169921
1381 -32.581709 -0.512073 56.169921
1382 -32.088078 -0.926864 56.169921
1392 -30.805982 -5.322258 56.169921
1393 -30.788207 -5.736693 56.169921
1394 -30.796352 -6.146579 56.169921
1395 -30.804245 -6.411430 56.169921
1396 -30.802904 -6.861382 56.169921
1397 -30.786287 -7.255991 56.169921
1398 -30.796376 -7.520792 56.169921
1399 -30.788271 -7.980552 56.169921
1400 -30.755119 -8.499321 56.169921
1401 -30.749782 -8.811660 56.169921
1402 -30.732617 -9.176036 56.169921
1411 -30.634266 -13.053731 56.169921
1412 -30.651943 -13.362759 56.169921
1413 -30.709711 -13.879498 56.169921
1414 -30.718289 -14.329021 56.169921
1415 -30.694627 -14.562812 56.169921
1416 -30.672939 -15.072236 56.169921
1417 -30.659175 -15.336586 56.169921
1418 -30.628346 -15.720159 56.169921
1419 -30.623502 -16.057581 56.169921
1420 -30.628520 -16.367527 56.169921
1421 -30.617872 -16.887409 56.169921
1431 -30.539175 -20.225943 56.169921
1432 -30.524634 -20.460485 56.169921
1433 -30.555381 -20.984249 56.169921
1434 -30.587433 -21.463149 56.169921
1435 -30.588345 -21.678147 56.169921
1436 -30.590465 -22.178142 56.169921
1437 -30.599544 -22.587996 56.169921
1438 -30.559078 -22.799042 56.169921
1439 -30.517502 -23.241776 56.169921
1440 -30.515527 -23.456752 56.169921
1441 -30.503852 -23.901599 56.169921
1451 -30.444684 -27.567748 56.169921
1452 -30.451519 -27.631647 56.169921
1453 -30.492072 -27.675037 56.700089
1454 -30.559495 -27.684602 56.700089
1455 -30.682218 -27.551809 56.700089
1456 -30.769124 -27.093287 57.776986
1457 -30.732273 -26.917767 57.776986
1458 -30.611629 -26.453350 57.776986
1459 -30.586006 -26.277711 57.776986
1460 -30.546014 -25.799542 57.776986
1461 -30.550909 -25.622114 57.776986
1471 -30.601146 -21.748423 57.776986
1472 -30.603240 -21.698467 57.776986
1473 -30.703990 -21.631542 57.776986
1474 -31.076317 -21.686859 57.776986
1475 -31.356708 -22.184122 57.776986
1476 -31.278445 -22.675836 57.776986
1477 -31.290191 -23.250886 57.776986
1478 -31.642029 -23.776116 57.776986
1479 -32.242027 -24.001398 57.776986
1480 -32.888429 -24.020050 57.700088
1481 -33.535723 -24.003711 57.700088
1491 -40.067996 -24.081339 57.700088
1492 -40.067996 -24.081339 57.670271
1493 -40.067996 -24.081339 57.670271
1494 -40.073525 -24.100550 57.670271
1495 -40.064109 -24.173749 57.670271
1496 -39.933248 -24.283330 57.670271
1497 -39.479459 -24.340036 57.670271
1498 -38.832237 -24.322266 57.700088
1499 -38.187449 -24.327795 57.700088
1500 -37.539779 -24.381942 57.700088
1501 -36.901002 -24.470658 57.700088
1511 -31.164715 -26.217070 57.700088
1512 -31.164715 -26.217070 57.700088
1513 -31.202588 -26.252687 57.700088
1514 -31.448712 -26.252312 57.700088
1515 -31.613428 -26.032506 57.700088
1516 -31.603576 -26.073848 57.700088
1517 -31.599866 -26.054195 57.700088
1518 -31.559197 -25.777294 57.700088
1519 -31.577341 -25.514381 57.670271
1520 -31.679202 -25.333404 57.670271
1521 -32.029175 -25.174513 57.670271
1531 -38.536924 -25.413294 57.670271
1532 -39.119056 -25.405499 57.670271
1533 -39.759660 -25.332232 57.670271
1534 -40.392198 -25.183491 57.670271
1535 -41.007858 -25.009178 57.670271
1536 -41.653564 -24.960038 57.670271
1537 -42.290906 -25.080278 57.670271
1538 -42.895880 -25.316203 57.670271
1539 -43.461683 -25.635231 57.670271
1540 -43.980032 -26.026744 57.670271
1541 -44.453273 -26.468354 57.670271
1551 -44.886437 -27.286795 57.670271
1552 -44.830242 -27.031116 57.670271
1553 -44.575652 -26.540261 57.670271
1554 -44.064087 -26.146808 57.670271
1555 -43.461966 -25.902790 57.670271
1556 -43.042069 -25.737873 57.670271
1557 -42.817073 -25.597894 57.670271
1558 -42.579472 -25.459485 57.670271
1559 -42.452140 -25.390129 57.670271
1560 -42.381118 -25.348513 57.670271
1561 -42.320933 -25.275741 57.670271
1571 -36.598916 -24.968561 57.670271
1572 -35.954666 -24.991359 57.670271
1573 -35.307420 -24.973485 57.670271
1574 -34.660287 -24.985200 57.670271
1575 -34.014173 -25.054539 57.670271
1576 -33.373513 -25.147736 57.670271
1577 -32.731088 -25.227583 57.670271
1578 -32.094443 -25.348086 57.670271
1579 -31.601429 -25.732366 57.670271
1580 -31.380676 -26.220117 57.670271
1581 -31.259236 -26.683865 57.670271
1592 -30.343352 -30.625664 58.104218
1593 -30.336948 -31.053935 59.292665
1594 -30.375603 -31.304904 59.292665
1595 -30.473597 -31.645640 59.292665
1596 -30.504288 -31.971012 60.223086
1597 -30.447697 -32.301126 60.223086
1598 -30.397503 -32.778048 61.041135
1599 -30.394248 -33.247842 61.041135
1600 -30.401278 -33.482722 61.041135
1601 -30.390669 -33.932423 61.859358
1602 -30.356316 -34.164859 61.859358
1607 -30.293870 -36.490414 64.718005
1608 -30.293870 -36.490414 64.718005
1609 -30.267278 -36.504216 64.718005
1610 -29.986343 -36.526468 65.659882
1611 -29.485828 -36.258240 65.659882
1612 -29.023680 -35.801448 65.659882
1613 -28.553360 -35.352979 65.848464
1614 -28.060326 -34.933252 65.848464
1615 -27.567497 -34.509437 65.848464
1616 -27.072518 -34.088194 65.848464
1617 -26.532089 -33.729102 65.848464
1628 -21.445614 -32.420587 65.848464
1629 -21.445614 -32.420587 65.848464
1630 -21.383579 -32.526093 65.848464
1631 -21.444685 -32.682189 65.848464
1632 -21.828584 -32.829800 65.848464
1633 -22.462391 -32.879647 65.848464
1634 -23.111294 -32.914383 65.848464
1635 -23.755586 -32.998483 65.848464
1636 -24.390964 -33.134962 65.848464
1637 -25.016352 -33.311881 65.848464
1638 -25.636892 -33.504771 65.848464
1649 -27.676183 -37.375405 65.848464
1650 -27.676183 -37.375405 65.848464
1651 -27.833992 -37.482602 65.848464
1652 -28.322864 -37.504804 65.848464
1653 -28.961089 -37.431905 65.848464
1654 -29.606482 -37.382667 66.414608
1655 -30.253625 -37.391926 66.414608
1656 -30.900666 -37.452023 66.736048
1657 -31.537812 -37.551992 66.736048
1658 -32.177044 -37.669726 66.736048
1659 -32.812359 -37.781034 66.603455
1670 -36.199354 -38.512020 66.991493
1671 -36.090905 -38.575775 66.991493
1672 -35.684983 -38.623541 66.991493
1673 -35.056642 -38.541652 66.991493
1674 -34.413286 -38.469477 66.991493
1675 -33.766203 -38.408354 66.991493
1676 -33.123708 -38.352254 66.991493
1677 -32.477202 -38.316406 66.991493
1678 -31.830419 -38.286352 66.991493
1679 -31.183124 -38.270479 66.991493
1680 -30.538170 -38.263138 66.991493
1692 -23.106562 -38.245250 67.169191
1693 -23.051603 -38.247381 67.169191
1694 -23.051603 -38.247381 67.169191
1695 -23.049332 -38.237642 67.169191
1696 -23.054940 -38.168999 67.169191
1697 -23.188477 -38.040423 67.169191
1698 -23.608987 -37.993383 67.169191
1699 -24.195958 -38.078527 67.169191
1700 -24.839483 -38.149831 67.169191
1701 -25.484151 -38.210090 67.169191
1702 -26.125305 -38.316059 67.169191
1714 -27.591941 -43.217563 70.088659
1715 -27.582853 -43.706917 70.088659
1716 -27.791696 -44.115625 70.088659
1717 -28.257458 -44.468755 71.468176
1718 -28.850595 -44.731271 71.468176
1719 -29.457816 -44.955536 71.468176
1720 -30.043634 -45.236436 72.670903
1721 -30.607448 -45.559694 72.670903
1722 -31.157747 -45.900900 73.455975
1723 -31.709816 -46.243997 73.455975
1724 -32.263351 -46.584703 73.455975
1737 -35.623207 -50.063117 79.842972
1738 -35.578192 -50.094480 79.842972
1739 -35.241967 -50.123762 79.842972
1740 -34.763673 -49.765180 80.664864
1741 -34.484190 -49.249075 80.664864
1742 -34.380685 -49.021738 80.664864
1743 -34.255893 -48.700124 80.664864
1744 -34.045656 -48.246774 80.664864
1745 -33.691234 -47.719072 80.664864
1746 -33.195355 -47.301432 80.664864
1747 -32.628965 -46.983934 80.664864
1755 -27.752405 -44.559007 80.664864
1756 -27.702212 -44.521765 80.664864
1757 -27.702212 -44.521765 80.664864
1758 -27.666451 -44.726465 80.664864
1759 -27.990068 -45.114982 80.664864
1760 -28.595175 -45.342194 80.664864
1761 -29.223362 -45.508489 80.664864
1762 -29.857279 -45.652172 80.664864
1763 -30.484115 -45.823878 80.664864
1764 -31.103126 -46.021767 80.724843
1765 -31.696396 -46.285918 80.724843
1781 -38.932777 -53.011039 81.269061
1782 -39.378516 -53.483389 81.829703
1783 -39.870358 -53.908305 81.924479
1784 -40.362180 -54.333248 81.924479
1785 -40.833411 -54.780798 82.630867
1786 -41.292458 -55.240976 82.630867
1787 -41.760941 -55.691484 82.630867
1788 -42.259171 -56.108586 84.197507
1789 -42.770159 -56.510318 84.197507
1790 -43.283875 -56.908537 85.399884
1791 -43.805442 -57.296438 85.399884
1807 -46.744981 -59.532823 86.636368
1808 -46.716465 -59.560873 86.636368
1809 -46.716465 -59.560873 86.636368
1810 -46.716465 -59.560873 86.636368
1811 -46.716465 -59.560873 86.636368
1812 -46.716465 -59.560873 86.636368
1813 -46.716465 -59.560873 86.636368
1814 -46.651689 -59.465558 86.636368
1815 -46.298082 -59.374594 86.636368
1816 -45.692743 -59.388433 86.636368
1817 -45.051977 -59.496289 86.636368
1833 -34.577117 -61.199790 86.636368
1834 -33.977762 -61.446871 86.636368
1835 -33.430507 -61.797418 86.636368
1836 -32.891631 -62.160879 86.636368
1837 -32.346455 -62.514766 86.636368
1838 -31.791379 -62.852937 86.636368
1839 -31.229427 -63.179595 86.636368
1840 -30.685149 -63.534530 86.636368
1841 -30.165519 -63.924976 86.636368
1842 -29.634311 -64.299396 91.171159
1843 -29.093512 -64.659985 91.171159
1853 -28.094791 -65.364654 93.158469
1854 -27.958563 -65.497089 93.158469
1855 -27.729695 -65.682441 93.158469
1856 -27.212881 -65.856622 93.158469
1857 -26.571348 -65.855249 93.158469
1858 -25.926871 -65.793377 93.547957
1859 -25.282565 -65.729528 93.547957
1860 -24.635941 -65.737118 93.706458
1861 -23.989182 -65.801819 93.706458
1862 -23.345777 -65.892988 93.706458
1863 -22.704712 -66.000374 93.706458
1881 -21.428733 -66.145705 93.751695
1882 -21.368585 -66.181222 93.751695
1883 -21.015592 -66.231064 93.751695
1884 -20.413558 -66.134215 93.751695
1885 -19.773598 -66.036381 93.751695
1886 -19.129849 -65.967663 93.751695
1887 -18.487077 -65.914094 93.751695
1888 -17.841594 -65.863180 93.751695
1889 -17.195630 -65.818611 93.751695
1890 -16.552279 -65.772526 93.751695
1891 -15.906500 -65.725376 93.751695
1909 -10.492758 -64.819085 93.751695
1910 -10.492758 -64.819085 93.751695
1911 -10.492758 -64.819085 93.751695
1912 -10.475714 -64.808634 93.751695
1913 -10.432510 -64.767308 93.751695
1914 -10.432510 -64.767308 93.751695
1915 -10.432510 -64.767308 93.751695
1916 -10.432510 -64.767308 93.751695
1917 -10.544043 -64.878644 93.751695
1918 -10.993558 -64.935067 93.751695
1919 -11.629005 -64.870849 93.751695
1938 -23.709292 -65.597022 93.751695
1939 -24.287744 -65.615455 93.751695
1940 -24.934840 -65.638340 93.751695
1941 -25.581377 -65.619654 93.751695
1942 -26.226491 -65.540201 93.751695
1943 -26.833701 -65.459933 93.751695
1944 -27.193623 -65.399783 93.751695
1945 -27.439231 -65.263583 93.751695
1946 -27.627619 -64.812800 93.751695
1947 -27.680418 -64.422165 93.751695
1948 -27.626234 -64.203961 93.751695
1968 -27.977596 -57.061740 93.751695
1969 -27.958280 -56.727316 93.751695
1970 -27.976637 -56.212895 93.751695
1971 -27.991394 -55.933423 93.751695
1972 -27.995208 -55.598448 93.751695
1973 -27.997702 -55.283490 93.751695
1974 -27.997313 -54.988496 93.751695
1975 -28.000356 -54.493505 93.751695
1976 -28.002046 -54.218510 93.751695
1977 -28.003419 -53.883516 93.751695
1978 -27.995395 -53.363578 93.751695
1997 -28.018977 -46.642961 93.751695
1998 -28.041458 -46.409132 93.751695
1999 -28.034953 -46.009473 93.751695
2000 -27.967038 -45.784691 93.751695
2001 -27.798104 -45.298203 93.751695
2002 -27.632211 -44.784367 93.751695
2003 -27.299228 -44.274919 93.751695
2004 -26.731149 -43.982225 93.751695
2005 -26.089868 -43.903088 93.751695
2006 -25.442571 -43.910916 93.751695
2007 -24.796322 -43.950714 93.751695
2027 -16.733071 -43.872463 93.751695
2028 -16.733071 -43.872463 93.751695
2029 -16.733071 -43.872463 93.751695
2030 -16.733071 -43.872463 93.751695
2031 -16.733071 -43.872463 93.751695
2032 -16.736552 -43.832796 93.751695
2033 -16.846836 -43.723773 93.751695
2034 -17.270975 -43.708518 93.751695
2035 -17.895503 -43.831278 93.751695
2036 -18.521294 -44.006984 93.751695
2037 -19.155588 -44.133187 93.751695
2057 -27.626405 -47.053612 93.751695
2058 -27.634413 -47.418437 93.751695
2059 -27.628045 -47.713351 93.751695
2060 -27.643852 -48.187945 93.751695
2061 -27.662161 -48.582296 93.751695
2062 -27.619107 -48.823466 93.751695
2063 -27.502250 -49.319335 93.751695
2064 -27.225321 -49.871872 93.751695
2065 -26.788348 -50.351253 93.751695
2066 -26.249783 -50.701126 93.751695
2067 -25.628497 -50.866570 93.751695
2088 -12.900956 -52.522568 93.751695
2089 -12.900956 -52.522568 93.751695
2090 -12.900956 -52.522568 93.751695
2091 -12.879835 -52.467614 93.751695
2092 -12.937503 -52.356336 93.751695
2093 -13.284515 -52.265885 93.751695
2094 -13.901270 -52.262181 93.751695
2095 -14.547744 -52.329122 93.751695
2096 -15.190486 -52.407354 93.751695
2097 -15.836301 -52.452558 93.751695
2098 -16.483419 -52.474371 93.751695
2119 -27.611267 -55.101926 93.751695
2120 -27.680645 -55.516142 93.751695
2121 -27.741304 -56.037581 93.751695
2122 -27.791735 -56.529880 93.751695
2123 -27.793546 -56.679825 93.751695
2124 -27.819062 -57.129061 93.751695
2125 -27.863294 -57.662179 93.751695
2126 -27.921666 -58.088189 93.751695
2127 -27.996303 -58.278678 93.751695
2128 -28.161182 -58.707594 93.751695
2129 -28.205168 -58.894936 93.751695
2151 -30.077525 -66.878100 94.176963
2152 -30.132631 -67.400172 94.176963
2153 -30.186766 -67.897201 94.176963
2154 -30.242376 -68.394069 94.176963
2155 -30.261979 -68.583043 95.146731
2156 -30.340840 -69.020954 95.146731
2157 -30.436197 -69.547376 95.146731
2158 -30.562669 -70.030751 96.216113
2159 -30.633152 -70.228281 96.216113
2160 -30.793295 -70.583854 96.216113
2161 -30.935969 -71.072219 97.429463
2183 -34.817333 -78.406228 103.555301
2184 -34.817333 -78.406228 103.555301
2185 -34.724435 -78.518670 103.555301
2186 -34.306403 -78.531263 103.555301
2187 -33.841396 -78.109913 103.555301
2188 -33.619037 -77.648606 103.555301
2189 -33.535387 -77.486746 103.555301
2190 -33.329529 -77.180200 103.555301
2191 -32.851612 -76.902583 103.555301
2192 -32.210144 -76.833443 103.555301
2193 -31.567976 -76.852244 103.555301
2217 -22.114081 -77.938900 105.026951
2218 -22.114081 -77.938900 105.026951
2219 -22.146809 -77.976275 105.026951
2220 -22.455608 -78.020912 105.026951
2221 -23.043543 -77.933469 105.026951
2222 -23.671314 -77.775471 105.026951
2223 -24.361491 -77.598709 105.026951
2224 -24.995205 -77.466000 105.026951
2225 -25.634551 -77.364161 104.983524
2226 -26.276968 -77.283226 104.983524
2227 -26.918758 -77.197460 104.983524
2254 -43.952791 -76.307280 104.983524
2255 -43.952791 -76.307280 104.983524
2256 -43.952791 -76.307280 104.983524
2257 -43.952791 -76.307280 104.983524
2258 -43.945004 -76.313553 104.983524
2259 -43.791158 -76.370020 104.983524
2260 -43.332935 -76.355472 104.983524
2261 -42.690013 -76.278724 104.983524
2262 -42.045490 -76.219232 104.983524
2263 -41.398181 -76.218987 104.983524
2264 -40.753675 -76.244213 104.983524
2292 -31.872731 -82.575652 108.324422
2293 -31.862604 -83.100552 109.300414
2294 -31.864360 -83.375406 109.300414
2295 -31.880408 -83.704993 109.300414
2296 -31.891304 -84.214836 109.300414
2297 -31.873260 -84.734315 110.515250
2298 -31.867148 -84.941698 110.515250
2299 -31.851827 -85.396440 110.515250
2300 -31.846787 -85.671262 111.687154
2301 -31.852360 -86.001202 111.687154
2302 -31.848224 -86.298402 111.687154
2317 -32.450012 -91.012246 117.120880
2318 -32.450012 -91.012246 117.120880
2319 -32.450012 -91.012246 118.184688
2320 -32.450012 -91.012246 118.184688
2321 -32.357754 -90.886482 118.184688
2322 -32.413103 -90.518166 118.652857
2323 -32.898722 -90.221056 118.652857
2324 -33.542860 -90.173209 118.652857
2325 -34.190969 -90.127297 118.652857
2326 -34.829111 -90.018098 118.652857
2327 -35.465134 -89.884258 118.652857
2343 -41.273450 -87.822371 118.768096
2344 -41.170405 -87.905641 118.768096
2345 -40.893555 -88.064350 118.768096
2346 -40.309652 -88.150302 118.768096
2347 -39.662311 -88.092927 118.768096
2348 -39.015724 -88.064438 118.768096
2349 -38.371230 -88.122956 118.768096
2350 -37.728957 -88.222773 118.768096
2351 -37.091221 -88.334780 118.768096
2352 -36.450339 -88.443243 118.768096
2353 -35.813954 -88.548232 118.768096
2384 -21.386841 -84.748004 118.184688
2385 -21.741236 -84.835300 118.184688
2386 -22.337455 -85.004792 118.184688
2387 -22.928698 -85.273148 118.184688
2388 -23.489466 -85.601687 118.184688
2389 -24.045782 -85.937846 118.184688
2390 -24.592247 -86.289792 118.184688
2391 -25.136623 -86.644869 118.184688
2392 -25.614616 -87.015523 118.184688
2393 -26.067538 -87.369298 118.184688
2394 -26.676996 -87.559645 118.184688
2425 -29.242093 -75.331145 118.184688
2426 -29.301950 -75.127593 118.184688
2427 -29.386684 -74.630669 118.184688
2428 -29.395990 -74.421078 118.184688
2429 -29.400097 -74.006099 118.184688
2430 -29.398430 -73.491159 118.184688
2431 -29.423706 -73.334231 118.184688
2432 -29.506363 -72.928105 118.184688
2433 -29.529048 -72.453966 118.184688
2434 -29.557315 -71.989869 118.184688
2435 -29.577853 -71.791134 118.184688
2467 -38.565577 -63.295855 118.184688
2468 -39.210434 -63.308617 118.184688
2469 -39.857509 -63.332065 118.184688
2470 -40.504573 -63.355821 118.184688
2471 -41.151766 -63.375440 118.184688
2472 -41.796684 -63.385434 118.184688
2473 -42.444099 -63.395904 118.184688
2474 -43.091515 -63.406374 118.184688
2475 -43.738930 -63.416844 118.184688
2476 -44.386344 -63.427417 118.184688
2477 -45.033699 -63.441089 118.184688
2509 -54.180879 -64.331285 118.184688
2510 -54.180879 -64.331285 118.184688
2511 -54.101857 -64.269075 118.184688
2512 -54.054075 -63.920231 118.184688
2513 -54.113500 -63.429338 118.184688
2514 -54.240035 -62.943209 118.184688
2515 -54.321139 -62.447905 118.184688
2516 -54.349450 -61.996416 118.184688
2517 -54.387266 -61.469082 118.184688
2518 -54.393249 -61.289183 118.184688
2519 -54.410652 -60.804495 118.184688
2552 -55.027635 -52.072071 118.184688
2553 -54.834261 -52.367500 118.184688
2554 -54.700551 -52.876173 118.184688
2555 -54.685401 -53.075588 118.184688
2556 -54.619539 -53.510521 118.184688
2557 -54.558879 -53.726263 118.184688
2558 -54.399711 -54.098644 118.184688
2559 -54.232842 -54.596147 118.184688
2560 -54.189508 -54.791334 118.184688
2561 -54.036186 -55.267164 118.184688
2562 -53.972978 -55.448957 118.184688
2596 -42.511941 -62.869484 118.184688
2597 -41.864769 -62.851739 118.184688
2598 -41.218082 -62.819294 118.184688
2599 -40.573800 -62.789118 118.184688
2600 -39.926630 -62.768634 118.184688
2601 -39.279156 -62.764914 118.184688
2602 -38.632021 -62.786429 118.184688
2603 -37.987495 -62.810982 118.184688
2604 -37.340795 -62.843162 118.184688
2605 -36.694024 -62.873843 118.184688
2606 -36.047132 -62.901905 118.184688
2639 -19.719595 -62.329515 118.184688
2640 -19.695571 -62.480064 118.184688
2641 -19.955670 -62.850203 118.184688
2642 -20.119868 -62.918453 118.184688
2643 -20.534530 -62.933292 118.184688
2644 -21.171994 -62.939898 118.184688
2645 -21.813484 -62.968910 118.184688
2646 -22.434475 -63.151967 118.184688
2647 -22.984906 -63.495881 118.184688
2648 -23.458010 -63.932867 118.184688
2649 -23.830816 -64.415046 118.184688
2683 -28.976989 -77.131768 118.184688
2684 -29.028523 -77.503203 118.184688
2685 -29.060507 -77.687857 118.184688
2686 -29.112452 -78.129671 118.184688
2687 -29.116860 -78.319476 118.184688
2688 -29.147763 -78.763181 118.184688
2689 -29.182704 -78.959392 118.184688
2690 -29.301681 -79.325507 118.184688
2691 -29.435575 -79.874239 118.184688
2692 -29.558360 -80.338186 118.184688
2693 -29.656097 -80.863724 118.184688
2727 -41.154501 -89.132139 118.184688
2728 -41.154501 -89.132139 118.184688
2729 -41.186592 -89.184126 118.184688
2730 -41.210569 -89.284465 118.184688
2731 -41.208118 -89.354117 118.184688
2732 -41.148707 -89.441792 118.184688
2733 -40.836858 -89.572676 118.184688
2734 -40.228129 -89.535270 118.184688
2735 -39.581331 -89.515869 118.184688
2736 -38.936874 -89.573879 118.184688
2737 -38.301276 -89.707346 118.184688
2770 -28.252696 -100.684244 125.255980
2771 -28.263589 -100.703900 125.255980
2772 -28.549598 -100.799876 126.439316
2773 -29.096782 -100.747375 126.439316
2774 -29.741231 -100.687632 126.439316
2775 -30.388315 -100.700973 126.439316
2776 -31.032603 -100.783338 127.458623
2777 -31.641245 -100.985511 127.458623
2778 -32.228100 -101.264659 127.458623
2779 -32.821705 -101.528806 127.458623
2780 -33.429913 -101.757988 127.458623
2816 -37.778830 -105.122102 127.494394
2817 -37.778830 -105.122102 127.494394
2818 -37.778830 -105.122102 127.494394
2819 -37.778830 -105.122102 127.494394
2820 -37.861016 -105.052101 127.494394
2821 -37.881987 -104.808948 127.494394
2822 -37.555467 -104.578814 127.494394
2823 -36.966590 -104.518989 127.494394
2824 -36.321737 -104.528714 127.494394
2825 -35.608731 -104.483175 127.494394
2826 -34.966638 -104.383272 127.494394
2863 -24.393195 -105.716669 129.234131
2864 -24.399907 -105.735483 129.234131
2865 -24.611889 -105.861021 129.234131
2866 -25.122083 -105.688404 129.234131
2867 -25.618883 -105.279367 129.234131
2868 -25.963036 -104.837600 129.234131
2869 -26.177896 -104.567682 129.234131
2870 -26.290878 -104.434883 129.234131
2871 -26.372218 -104.348803 129.234131
2872 -26.446013 -104.289426 129.234131
2873 -26.694150 -104.220498 129.234131
2912 -30.401422 -117.685900 129.266935
2913 -30.401422 -117.685900 129.266935
2914 -30.401422 -117.685900 129.266935
2915 -30.401422 -117.685900 129.266935
2916 -30.384278 -117.675644 129.266935
2917 -30.283309 -117.443931 129.266935
2918 -30.321752 -116.965817 129.266935
2919 -30.380389 -116.517184 129.266935
2920 -30.403983 -116.156046 129.266935
2921 -30.403983 -116.156046 129.266935
2922 -30.403983 -116.156046 129.266935
2962 -39.863931 -113.005184 129.266935
2963 -40.369819 -113.124173 129.266935
2964 -40.985314 -113.332906 129.266935
2965 -41.590344 -113.570408 129.266935
2966 -42.194218 -113.810874 129.266935
2967 -42.787108 -114.076361 133.302140
2968 -43.355572 -114.386320 133.302140
2969 -43.752430 -114.655168 133.302140
3011 -44.006076 -114.957308 133.360641
3012 -43.741620 -115.035524 133.360641
3013 -43.210346 -114.860107 133.360641
3014 -42.661329 -114.512280 133.360641
3015 -42.119564 -114.153132 133.360641
3016 -41.561653 -113.819993 133.360641
3017 -40.988066 -113.514332 133.360641
3018 -40.412492 -113.217762 133.360641
3019 -39.834747 -112.919964 133.360641
3020 -39.242287 -112.659236 133.360641
3021 -38.625303 -112.473052 133.360641
3063 -30.986999 -99.476654 133.493448
3064 -31.005266 -99.416994 133.493448
3065 -31.090336 -99.353006 133.493448
3066 -31.457160 -99.332305 133.493448
3067 -31.903287 -99.723130 133.493448
3068 -31.999905 -99.985750 133.493448
3069 -32.118683 -100.282824 133.493448
3070 -32.222306 -100.745312 133.493448
3071 -32.256854 -101.123331 133.493448
3072 -32.361165 -101.336785 133.493448
3073 -32.840175 -101.557317 133.493448
3116 -46.858472 -103.740578 133.493448
3117 -46.663608 -103.814731 133.493448
3118 -46.141488 -103.761574 133.493448
3119 -45.529914 -103.542365 133.493448
3120 -44.936602 -103.277028 133.493448
3121 -44.366552 -102.965211 133.493448
3122 -43.781324 -102.685230 133.493448
3123 -43.153067 -102.544435 133.493448
3124 -42.507704 -102.493889 133.493448
3125 -41.860644 -102.470034 133.493448
3126 -41.214565 -102.429701 133.493448
3170 -33.061303 -91.081791 133.493448
3171 -33.693043 -90.940183 133.493448
3172 -34.329757 -90.837578 133.493448
3173 -34.971293 -90.750019 133.493448
3174 -35.613150 -90.664763 133.493448
3175 -36.252054 -90.576353 133.493448
3176 -36.894419 -90.477121 133.493448
3177 -37.533720 -90.374430 133.493448
3178 -38.175912 -90.274013 133.493448
3179 -38.816382 -90.178934 133.493448
3180 -39.453922 -90.081198 133.493448
3224 -47.721195 -90.981326 133.493448
3225 -47.721195 -90.981326 133.493448
3226 -47.721195 -90.981326 133.493448
3227 -47.740279 -90.975427 133.493448
3228 -47.842003 -90.814368 133.493448
3229 -47.684476 -90.366740 133.493448
3230 -47.226787 -90.012645 133.493448
3231 -46.612995 -89.829012 133.493448
3232 -45.966205 -89.849136 133.493448
3233 -45.322248 -89.833521 133.493448
3234 -44.761605 -89.692808 133.493448
3278 -31.986624 -100.683330 133.302140
3279 -32.001585 -100.985421 133.302140
3280 -32.006412 -101.495382 133.302140
3281 -32.009146 -101.805270 133.302140
3282 -32.039762 -102.088585 133.302140
3283 -32.062394 -102.592959 133.302140
3284 -32.059174 -102.912666 133.302140
3285 -31.980213 -103.207121 133.302140
3286 -31.905491 -103.553909 133.302140
3287 -31.873724 -103.857194 133.302140
3288 -31.856583 -104.371831 133.302140
3332 -39.910209 -114.284163 133.302140
3333 -39.910209 -114.284163 133.302140
3334 -40.010546 -114.287920 133.302140
3335 -40.157294 -114.070161 133.302140
3336 -40.073874 -113.569484 133.360641
3337 -39.767692 -113.016311 133.360641
3338 -39.217670 -112.680706 133.360641
3339 -38.586894 -112.537493 133.360641
3340 -37.945763 -112.430513 133.360641
3341 -37.306366 -112.314148 133.360641
3342 -36.677631 -112.149708 133.360641
3387 -29.348673 -97.350380 133.360641
3388 -29.408769 -97.074490 133.360641
3389 -29.436466 -96.735856 133.360641
3390 -29.437274 -96.430857 133.360641
3391 -29.417717 -95.916278 133.360641
3392 -29.386137 -95.639109 133.360641
3393 -29.285991 -95.298848 133.360641
3394 -29.243417 -94.992339 133.360641
3395 -29.260749 -94.687832 133.360641
3396 -29.271286 -94.343106 133.360641
3397 -29.247391 -94.039047 133.360641
3442 -28.914102 -78.463130 133.360641
3443 -28.914102 -78.463130 133.360641
3444 -28.968478 -78.406994 133.360641
3445 -29.048649 -78.366676 133.360641
3446 -29.100558 -78.365100 133.360641
3447 -29.198304 -78.433708 133.360641
3448 -29.276468 -78.779210 133.360641
3449 -29.248677 -79.122708 133.360641
3450 -29.164834 -79.405400 133.360641
3451 -29.112151 -79.876531 133.360641
3452 -29.114034 -80.156475 133.360641
3496 -29.165593 -97.181916 133.360641
3497 -29.289540 -97.647582 133.360641
3498 -29.429825 -98.072411 133.360641
3499 -29.485862 -98.323734 133.360641
3500 -29.564563 -98.792026 133.360641
3501 -29.588355 -99.090802 133.360641
3502 -29.586860 -99.445799 133.360641
3503 -29.584691 -99.960795 133.360641
3504 -29.593065 -100.425663 133.360641
3505 -29.581458 -100.765211 133.360641
3506 -29.537563 -101.066924 133.360641
3551 -36.618652 -117.665491 133.360641
3552 -36.624253 -117.684664 133.360641
3553 -36.779588 -117.786146 133.360641
3554 -37.041982 -117.695150 133.360641
3555 -37.222344 -117.235450 133.360641
3556 -37.289980 -116.937068 133.360641
3557 -37.339257 -116.590656 133.360641
3558 -37.420641 -116.087338 133.360641
3559 -37.451575 -115.608613 133.360641
3560 -37.446793 -115.308876 133.360641
3561 -37.386692 -114.959169 133.360641
3607 -30.053983 -96.899079 133.360641
3608 -30.110407 -96.640537 133.360641
3609 -30.198539 -96.133691 133.360641
3610 -30.197926 -95.830027 133.360641
3611 -30.124958 -95.472549 133.360641
3612 -30.068534 -94.940826 133.360641
3613 -30.058826 -94.646056 133.360641
3614 -30.060827 -94.281061 133.360641
3615 -30.059445 -93.986114 133.360641
3616 -30.046375 -93.621361 133.360641
3617 -30.033496 -93.086516 133.360641
3662 -28.447456 -76.120165 133.360641
3663 -28.486857 -75.888691 133.360641
3664 -28.549770 -75.438470 133.360641
3665 -28.550504 -74.893564 133.360641
3666 -28.536356 -74.413853 133.360641
3667 -28.524642 -74.119144 133.360641
3668 -28.522992 -73.754147 133.360641
3669 -28.515403 -73.284284 133.360641
3670 -28.501110 -72.994666 133.360641
3671 -28.478050 -72.630395 133.360641
3672 -28.466470 -72.338189 133.360641
3717 -25.962149 -53.426334 133.360641
3718 -25.314870 -53.410485 133.360641
3719 -24.667495 -53.398133 133.360641
3720 -24.020988 -53.363742 133.360641
3721 -23.376176 -53.304821 133.360641
3722 -22.730790 -53.252739 133.360641
3723 -22.087497 -53.205856 133.360641
3724 -21.439458 -53.155471 133.360641
3725 -20.794873 -53.094140 133.360641
3726 -20.155679 -53.029046 133.360641
3727 -19.511064 -52.968152 133.360641
3772 -8.131277 -50.037937 133.360641
3773 -8.120170 -50.314121 133.360641
3774 -8.483868 -50.746624 133.360641
3775 -9.026807 -51.092097 133.360641
3776 -9.641023 -51.303072 133.360641
3777 -10.257033 -51.508701 133.360641
3778 -10.855590 -51.761712 133.360641
3779 -11.479671 -51.921022 133.360641
3780 -12.124094 -51.979649 133.360641
3781 -12.768886 -51.995259 133.360641
3782 -13.416809 -52.046259 133.360641
3827 -28.386835 -41.141707 133.360641
3828 -28.477664 -40.778142 133.360641
3829 -28.497653 -40.564074 133.360641
3830 -28.521134 -40.129805 133.360641
3831 -28.519104 -39.914815 133.360641
3832 -28.514997 -39.479834 133.360641
3833 -28.505646 -39.265041 133.360641
3834 -28.505576 -38.830132 133.360641
3835 -28.542556 -38.618439 133.360641
3836 -28.580540 -38.185379 133.360641
3837 -28.578397 -37.970390 133.360641
3883 -28.819897 -21.648793 133.360641
3884 -28.825431 -21.363894 133.360641
3885 -28.821025 -20.998920 133.360641
3886 -28.814785 -20.714031 133.360641
3887 -28.802892 -20.344262 133.360641
3888 -28.816081 -20.060056 133.360641
3889 -28.866915 -19.698872 133.360641
3890 -28.877886 -19.414210 133.360641
3891 -28.874003 -19.044231 133.360641
3892 -28.868213 -18.759332 133.360641
3893 -28.855176 -18.394597 133.360641
3938 -30.938348 -2.785936 133.360641
3939 -31.031175 -2.340634 133.360641
3940 -31.131366 -1.907066 133.360641
3941 -31.207529 -1.706179 133.360641
3942 -31.405158 -1.241501 133.360641
3943 -31.707618 -0.703932 133.360641
3944 -32.114485 -0.203786 133.360641
3945 -32.560697 0.268735 133.360641
3946 -33.012946 0.735593 133.360641
3947 -33.457925 1.199026 133.360641
3948 -33.906925 1.669019 133.360641
3994 -34.885356 18.609359 133.360641
3995 -34.429488 18.975941 133.360641
3996 -33.931196 19.393309 133.360641
3997 -33.428470 19.805331 133.360641
3998 -32.925504 20.217065 133.360641
3999 -32.423536 20.630015 133.360641
4000 -31.920905 21.042136 133.360641
4001 -31.411895 21.446351 133.360641
4002 -30.917243 21.867898 133.360641
4003 -30.448577 22.318190 133.360641
4004 -30.030323 22.741356 133.360641
4049 -29.601831 23.132014 133.360641
4050 -29.601831 23.132014 133.360641
4051 -29.601831 23.132014 133.360641
4052 -29.672621 23.117126 133.360641
4053 -29.784506 23.252087 133.360641
4054 -29.866481 23.663409 133.360641
4055 -29.843656 24.149565 133.360641
4056 -29.769025 24.654062 133.360641
4057 -29.717493 25.161362 133.360641
4058 -29.701933 25.623435 133.360641
4059 -29.706033 26.090857 133.360641
4085 -30.076078 35.467555 133.360641
4086 -30.076078 35.467555 133.360641
4087 -30.068482 35.461052 133.360641
4088 -30.018608 35.229822 133.360641
4089 -30.268066 34.754042 133.360641
4090 -30.708651 34.277728 133.360641
4091 -31.172320 33.829417 133.360641
4092 -31.648482 33.387085 133.360641
4093 -32.166376 33.009509 133.360641
4094 -32.778240 32.806349 133.360641
4095 -33.423619 32.763385 133.360641
4145 -40.697817 32.023690 133.360641
4146 -40.438849 31.966592 133.360641
4147 -39.908553 32.009419 133.360641
4148 -39.264417 32.075140 133.360641
4149 -38.618403 32.118907 133.360641
4150 -37.974831 32.161790 133.360641
4151 -37.328991 32.208097 133.360641
4152 -36.683769 32.261877 133.360641
4153 -36.039786 32.329231 133.360641
4154 -35.394200 32.404630 133.360641
4155 -34.751601 32.484144 133.360641
4208 -29.472070 48.484567 133.360642
4209 -29.441079 48.240292 133.360642
4210 -29.482618 47.855501 133.360642
4211 -29.578988 47.622208 133.360642
4212 -29.710574 47.197780 133.360642
4213 -29.730180 47.001303 133.360642
4214 -29.798163 46.531208 133.360642
4215 -29.856218 46.090109 133.360642
4216 -29.928173 45.690337 133.360642
4217 -30.027367 45.444901 133.360642
4218 -30.233627 44.967863 133.360642
4250 -31.247420 40.074222 133.360642
4251 -31.247420 40.074222 133.360642
4252 -31.247420 40.074222 133.360642
4253 -31.256814 40.004856 133.360642
4254 -31.333636 39.648295 133.360642
4255 -31.448581 39.115637 133.360642
4256 -31.512616 38.906628 133.360642
4257 -31.714858 38.574241 133.360642
4258 -32.203143 38.190192 133.360642
4259 -32.829382 38.049846 133.360642
4260 -33.478728 38.059080 133.360642
4320 -41.797936 39.197320 133.360642
4321 -41.797936 39.197320 133.360642
4322 -41.797936 39.197320 133.360642
4323 -41.797936 39.197320 133.360642
4324 -41.797936 39.197320 133.360642
4325 -41.797936 39.197320 133.360642
4326 -41.778883 39.255901 133.360642
4327 -41.504593 39.382953 133.360642
4328 -40.920552 39.448517 133.360642
4329 -40.287946 39.354424 133.360642
4330 -39.658502 39.213704 133.360642
4390 -37.337752 54.456748 133.360642
4391 -37.162023 54.068003 133.360642
4392 -36.740216 53.580534 133.360642
4393 -36.236698 53.170380 133.360642
4394 -35.715577 52.782046 133.360642
4395 -35.211865 52.371243 133.360642
4396 -34.693730 51.978905 133.360642
4397 -34.152883 51.618593 133.360642
4398 -33.602388 51.272980 133.360642
4399 -33.047816 50.933977 133.360642
4400 -32.478009 50.621330 133.360642
4433 -42.709658 43.510424 133.360642
4434 -42.782975 43.546257 133.360642
4435 -42.811475 43.586967 133.360642
4436 -42.811475 43.586967 133.360642
4437 -42.811475 43.586967 133.360642
4438 -42.811475 43.586967 133.360642
4439 -42.811475 43.586967 133.360642
4440 -42.811475 43.586967 133.360642
4441 -42.781029 43.527636 133.360642
4442 -42.505400 43.432218 133.360642
4443 -41.955700 43.434319 133.360642
4508 -21.744937 53.791956 133.360642
4509 -21.755285 53.753576 133.360642
4510 -21.967376 53.629110 133.360642
4511 -22.471713 53.614351 133.360642
4512 -23.117648 53.658782 133.360642
4513 -23.764898 53.664855 133.360642
4514 -24.411199 53.598507 133.360642
4515 -25.051437 53.486395 133.360642
4516 -25.690783 53.369230 133.360642
4517 -26.331029 53.257082 133.360642
4518 -26.971357 53.145406 133.360642
4583 -47.036868 54.493377 133.360642
4584 -46.955201 54.416004 133.360642
4585 -46.857484 54.361322 133.360642
4586 -46.478505 54.270325 133.360642
4587 -45.856352 54.171656 133.360642
4588 -45.222457 54.028112 133.360642
4589 -44.593868 53.862978 133.360642
4590 -43.975803 53.662081 133.360642
4591 -43.360790 53.451781 133.360642
4592 -42.741604 53.271241 133.360642
4593 -42.120113 53.089671 133.360642
4659 -31.186285 32.164774 133.360642
4660 -31.209607 31.711758 133.360642
4661 -31.262262 31.517090 133.360642
4662 -31.350742 31.072440 133.360642
4663 -31.260658 30.518106 133.360642
4664 -31.193626 30.384017 133.360642
4665 -31.005698 29.975892 133.360642
4666 -30.926636 29.504161 133.360642
4667 -30.937109 28.949611 133.360642
4668 -30.978366 28.693457 133.360642
4669 -31.103173 28.371906 133.360642
4735 -35.356387 25.525214 133.360642
4736 -35.356387 25.525214 133.360642
4737 -35.356387 25.525214 133.360642
4738 -35.366208 25.527096 133.360642
4739 -35.455925 25.613296 133.360642
4740 -35.431887 25.735614 133.360642
4741 -35.124333 25.850591 133.360642
4742 -34.550369 25.673363 133.360642
4743 -33.950499 25.444307 133.360642
4744 -33.307049 25.386898 133.360642
4745 -32.670010 25.514832 133.360642
4811 -29.697709 53.260882 133.360642
4812 -29.742357 53.733743 133.360642
4813 -29.746314 53.883690 133.360642
4814 -29.758726 54.338521 133.360642
4815 -29.755593 54.543411 133.360642
4816 -29.733577 54.987866 133.360642
4817 -29.712545 55.517441 133.360642
4818 -29.714727 55.997319 133.360642
4819 -29.712917 56.202279 133.360642
4820 -29.704644 56.657204 133.360642
4821 -29.683867 57.136673 133.360642
4888 -29.377197 69.097527 133.360642
4889 -29.346450 68.796509 133.360642
4890 -29.388406 68.268349 133.360642
4891 -29.425400 67.759770 133.360642
4892 -29.417257 67.272618 133.360642
4893 -29.353233 66.794751 133.360642
4894 -29.220222 66.321206 133.360642
4895 -29.027952 65.795397 133.360642
4896 -28.868803 65.315105 133.360642
4897 -28.746542 64.838183 133.360642
4898 -28.707150 64.634503 133.360642
4934 -21.229723 57.606013 133.360642
4935 -21.236924 57.587381 133.360642
4936 -21.441214 57.474111 133.360642
4937 -21.969451 57.562711 133.360642
4938 -22.589862 57.755862 133.360642
4939 -23.190646 57.997207 133.360642
4940 -23.788747 58.238369 133.360642
4941 -24.406823 58.439175 133.360642
4942 -25.031271 58.610109 133.360642
4943 -25.652086 58.775485 133.360642
4944 -26.288226 58.878145 133.360642
5012 -32.646809 78.636679 133.360642
5013 -32.260896 78.578089 133.360642
5014 -31.643881 78.676107 133.360642
5015 -31.005719 78.768558 133.360642
5016 -30.359730 78.810950 133.360642
5017 -29.712470 78.828222 133.360642
5018 -29.065021 78.835769 133.360642
5019 -28.417546 78.841435 133.360642
5020 -27.772553 78.841463 133.360642
5021 -27.125056 78.839529 133.360642
5022 -26.477595 78.832451 133.360642
5060 -18.463906 78.431368 133.360642
5061 -18.210274 78.148425 133.360642
5062 -17.744172 77.733864 133.360642
5063 -17.162534 77.447954 133.360642
5064 -16.552897 77.223058 133.360642
5065 -15.980495 76.916080 133.360642
5066 -15.439798 76.556116 133.360642
5067 -14.966668 76.111714 133.360642
5068 -14.549520 75.619807 133.360642
5069 -14.148816 75.133752 133.360642
5070 -13.834726 74.728971 133.360642
5146 -10.212279 70.692326 133.360642
5147 -10.212279 70.692326 133.360642
5148 -10.343150 70.613607 133.360642
5149 -10.752933 70.759069 133.360642
5150 -11.178488 71.232152 133.360642
5151 -11.463449 71.686240 133.360642
5152 -11.766337 72.166119 133.360642
5153 -11.834293 72.316424 133.360642
5154 -12.050052 72.739064 133.360642
5155 -12.437871 73.253495 133.360642
5156 -12.879519 73.726856 133.360642
5233 -47.306925 82.535879 133.360642
5234 -47.057492 82.242866 133.360642
5235 -46.666732 81.751888 133.360642
5236 -46.547457 81.617087 133.360642
5237 -46.224757 81.255047 133.360642
5238 -45.782335 80.778861 133.360642
5239 -45.380446 80.360672 133.360642
5240 -44.887803 79.845941 133.360642
5241 -44.450138 79.368781 133.360642
5242 -44.007065 78.900055 133.360642
5243 -43.567493 78.424645 133.360642
5327 -39.651330 67.884853 133.360642
5328 -39.651330 67.884853 133.360642
5329 -39.651330 67.884853 133.360642
5330 -39.671165 67.887215 133.360642
5331 -39.786041 68.010879 133.360642
5332 -39.856678 68.464566 133.360642
5333 -39.848299 68.750724 133.360642
5334 -39.743285 69.037039 133.360642
5335 -39.654555 69.527698 133.360642
5336 -39.656439 69.997362 133.360642
5337 -39.697499 70.470427 133.360642
5424 -55.331165 80.527916 133.360642
5425 -55.331165 80.527916 133.360642
5426 -55.331165 80.527916 133.360642
5427 -55.331165 80.527916 133.360642
5428 -55.407643 80.546323 133.360642
5429 -55.424967 80.556317 133.360642
5430 -55.435529 80.616419 133.360642
5431 -55.279108 80.745248 133.360642
5432 -54.777354 80.828729 133.360642
5433 -54.070698 80.750642 133.360642
5434 -53.631202 80.643173 133.360642
5522 -29.358725 97.469476 133.360642
5523 -29.240307 97.193529 133.360642
5524 -29.216643 96.655259 133.360642
5525 -29.303873 96.188622 133.360642
5526 -29.354501 95.671709 133.360642
5527 -29.315425 95.188912 133.360642
5528 -29.193098 94.668560 133.360642
5529 -29.002701 94.174164 133.360642
5530 -28.806031 93.692838 133.360642
5531 -28.764502 93.499825 133.360642
5532 -28.647877 93.029103 133.360642
5581 -18.500769 85.898857 133.360642
5582 -18.323244 85.819725 133.360642
5583 -17.817295 85.804545 133.360642
5584 -17.181568 85.912980 133.360642
5585 -16.541684 85.991835 133.360642
5586 -15.894480 85.995594 133.360642
5587 -15.118060 85.923484 133.360642
5588 -14.607197 85.827151 133.360642
5589 -13.981198 85.652829 133.360642
5590 -13.372105 85.433362 133.360642
5591 -12.765991 85.205753 133.360642
5686 -10.129448 84.354295 133.360642
5687 -10.136186 84.335491 133.360642
5688 -10.333541 84.221909 133.360642
5689 -10.863179 84.300676 133.360642
5690 -11.479389 84.506473 133.360642
5691 -12.078812 84.757644 133.360642
5692 -12.662785 85.037330 133.360642
5693 -13.246892 85.322454 133.360642
5694 -13.834440 85.594506 133.360642
5695 -14.430757 85.845296 133.360642
5696 -15.059749 85.983901 133.360642
5792 -44.961730 95.943103 133.360642
5793 -44.696945 95.874819 133.360642
5794 -44.103708 95.909350 133.360642
5795 -43.461037 95.988268 133.360642
5796 -42.816104 96.044515 133.360642
5797 -42.169173 96.071012 133.360642
5798 -41.524327 96.084869 133.360642
5799 -40.876864 96.091670 133.360642
5800 -40.229372 96.095030 133.360642
5801 -39.581878 96.093110 133.360642
5802 -38.937235 96.074617 133.360642
5899 -36.804882 90.840997 133.360642
5900 -36.804882 90.840997 133.360642
5901 -36.804882 90.840997 133.360642
5902 -36.804882 90.840997 133.360642
5903 -36.804882 90.840997 133.360642
5904 -36.810548 90.931820 133.360642
5905 -36.945203 91.038991 133.360642
5906 -37.224829 90.989000 133.360642
5907 -37.249669 90.972178 133.360642
5908 -37.328917 90.844834 133.360642
5909 -37.558589 90.626861 133.360642
6007 -46.969264 90.802177 133.360642
6008 -46.798033 90.741131 133.360642
6009 -46.693560 90.738496 133.360642
6010 -46.538780 90.746711 133.360642
6011 -46.453937 90.751871 133.360642
6012 -46.463935 90.751663 133.360642
6013 -46.463935 90.751663 133.360642
6014 -46.463935 90.751663 133.360642
6015 -46.463935 90.751663 133.360642
6016 -46.483133 90.746149 133.360642
6017 -46.681372 90.839190 133.360642
6116 -18.221578 82.968309 133.360642
6117 -18.221578 82.968309 133.360642
6118 -18.362509 82.863085 133.360642
6119 -18.825739 82.914576 133.360642
6120 -19.429756 83.143017 133.360642
6121 -20.003430 83.448467 133.360642
6122 -20.581458 83.745004 133.360642
6123 -21.187731 83.978909 133.360642
6124 -21.765013 84.273595 133.360642
6125 -22.252880 84.701403 133.360642
6126 -22.613762 85.132467 133.360642
6224 -26.481912 111.864892 133.360642
6225 -26.481912 111.864892 133.360642
6226 -26.481912 111.864892 133.360642
6227 -26.481912 111.864892 133.360642
6228 -26.467989 111.912694 133.360642
6229 -26.488682 111.988711 133.360642
6230 -26.722147 112.162493 133.360642
6231 -27.292956 112.101956 133.360642
6232 -27.852983 111.774695 133.360642
6233 -28.378477 111.392159 133.360642
6234 -28.907320 111.014251 133.360642
6288 -40.130966 106.278924 133.360642
6289 -40.133441 106.269235 133.360642
6290 -40.140254 106.261915 133.360642
6291 -40.169500 106.280920 133.360642
6292 -40.245367 106.495015 133.360642
6293 -40.246040 106.988810 133.360642
6294 -40.192272 107.432761 133.360642
6295 -40.114984 107.908986 133.360642
6296 -40.066832 108.408728 133.360642
6297 -40.061479 108.856050 133.360642
6298 -40.060183 109.145990 133.360642
6404 -41.120745 117.599822 133.360642
6405 -40.821176 117.521845 133.360642
6406 -40.255460 117.668767 133.360642
6407 -39.707528 118.017844 133.360642
6408 -39.163714 118.373865 133.360642
6409 -38.661046 118.672854 133.360642
6410 -38.027566 119.004277 133.360642
6411 -37.439783 119.281729 133.360642
6412 -36.852383 119.560021 133.360642
6413 -36.263244 119.834632 133.360642
6414 -35.674246 120.109518 133.360642
6525 -27.547074 126.211552 137.885822
6526 -27.483789 125.843580 137.885822
6527 -27.487191 125.399143 137.885822
6528 -27.524667 125.165815 137.885822
6529 -27.642235 124.831017 137.885822
6530 -27.730964 124.193169 137.885822
6531 -27.783202 123.826910 137.885822
6532 -27.830379 123.612551 137.885822
6533 -27.928171 123.209680 137.885822
6534 -27.964669 122.741662 137.885822
6535 -27.932195 122.127760 137.885822
