6 -29.000000 -60.000000 -0.020891
7 -29.000000 -60.000000 19.990499
8 -28.952561 -60.085173 19.990499
9 -28.871356 -60.411688 19.990499
10 -28.946310 -60.930804 20.032475
11 -29.078369 -61.399888 20.408333
12 -29.218596 -61.920736 20.408333
13 -29.247033 -62.215944 21.367734
14 -29.209830 -62.553895 21.367734
15 -29.188767 -63.030681 21.367734
16 -29.186289 -63.335628 22.418297
17 -29.172472 -63.700365 22.418297
18 -29.170487 -64.180272 22.418297
19 -29.187344 -64.654900 23.377341
20 -29.204697 -65.189573 23.377341
21 -29.199897 -65.669429 24.390573
22 -29.182315 -66.149062 24.390573
23 -29.186324 -66.608997 25.404332
24 -29.196025 -66.873816 25.404332
25 -29.200001 -67.333737 26.400380
26 -29.191695 -67.648584 26.400380
27 -29.193424 -68.013580 26.400380
28 -29.193698 -68.493544 27.433193
29 -29.180348 -68.953300 27.433193
30 -29.188213 -69.218118 28.529635
31 -29.227878 -69.575872 28.529635
32 -29.273352 -69.814070 28.529635
33 -29.332476 -70.262377 29.538112
34 -29.342037 -70.767126 29.538112
35 -29.338798 -71.258283 29.538112
36 -29.340603 -71.558226 30.559124
37 -29.330615 -71.923089 30.559124
38 -29.319479 -72.402924 31.599052
39 -29.330460 -72.937812 31.599052
40 -29.344750 -73.407531 31.599052
41 -29.361208 -73.867187 32.611962
42 -29.420338 -74.115089 32.611962
43 -29.499904 -74.593024 33.608631
44 -29.518586 -75.082334 33.608631
45 -29.516928 -75.567248 33.608631
46 -29.529880 -76.102091 34.621671
47 -29.545664 -76.581772 34.621671
48 -29.556128 -77.056555 35.587921
49 -29.538391 -77.591261 35.587921
50 -29.528478 -78.071076 36.615026
51 -29.532138 -78.606064 36.615026
52 -29.541685 -79.080871 37.738311
53 -29.603724 -79.607018 37.738311
54 -29.680345 -80.136490 38.721830
55 -29.752994 -80.615949 38.721830
56 -29.836444 -81.134228 39.736383
57 -29.909643 -81.613592 39.736383
58 -30.008256 -82.129245 40.754142
59 -30.118257 -82.652661 40.754142
60 -30.266219 -83.166756 41.763383
61 -30.389854 -83.609730 41.763383
62 -30.465479 -83.863572 42.773124
63 -30.596273 -84.361293 43.657074
64 -30.642074 -84.659928 43.657074
65 -30.649768 -85.024831 43.657074
66 -30.635705 -85.559618 44.594396
67 -30.617736 -85.853849 44.594396
68 -30.578089 -86.216639 44.594396
69 -30.539943 -86.750226 45.605484
70 -30.529435 -87.230010 45.605484
71 -30.538599 -87.704847 46.766870
72 -30.539253 -88.239707 46.766870
73 -30.515552 -88.709025 46.766870
74 -30.485056 -89.233109 47.755420
75 -30.500644 -89.717326 48.786270
76 -30.539958 -90.250800 48.786270
77 -30.533692 -90.730512 48.786270
78 -30.510517 -91.214884 49.753193
79 -30.484746 -91.749249 49.753193
80 -30.463698 -92.228705 50.752145
81 -30.446094 -92.713210 50.752145
82 -30.404522 -93.246591 51.751137
83 -30.387267 -93.716160 51.751137
84 -30.384777 -94.251154 52.779733
86 -30.380167 -94.891055 53.778250
86 -30.382983 -95.200930 53.778250
87 -30.430224 -95.733839 53.778250
88 -30.462186 -96.207624 54.726412
89 -30.471756 -96.742493 54.726412
90 -30.458272 -97.212191 55.725938
91 -30.432050 -97.736513 55.725938
92 -30.426543 -98.206364 56.731827
93 -30.437569 -98.731249 56.731827
94 -30.438806 -99.216133 57.731276
95 -30.422347 -99.695816 57.731276
96 -30.415097 -100.275754 58.937426
97 -30.424864 -100.700066 58.937426
98 -30.490393 -101.155337 59.924121
99 -30.553918 -101.412554 59.924121
100 -30.635708 -101.859957 60.929633
101 -30.675023 -102.348264 60.929633
102 -30.674299 -102.883052 60.929633
103 -30.622872 -103.410524 61.923342
104 -30.570640 -103.887619 61.923342
105 -30.539060 -104.361232 62.335385
106 -30.530605 -104.896149 62.335385
108 -30.479285 -105.954780 62.335385
109 -30.476440 -106.069745 62.335385
109 -30.474483 -106.379682 62.335385
110 -30.454111 -106.863951 62.335385
111 -30.396018 -107.395787 62.335385
112 -30.340428 -107.862359 62.335385
113 -30.266654 -108.255390 62.335385
114 -30.171570 -108.502720 62.335385
115 -30.016047 -108.908918 62.335385
116 -29.925734 -109.158027 62.335385
117 -29.746029 -109.645902 62.335385
120 -29.492858 -110.812622 62.358482
121 -29.446644 -111.173964 62.358482
122 -29.479396 -111.707658 62.358482
123 -29.537298 -112.184097 62.358482
124 -29.587718 -112.716636 62.358482
125 -29.610931 -112.980575 62.358482
126 -29.647483 -113.373863 62.358482
127 -29.692787 -113.851654 62.350142
128 -29.742319 -114.268662 62.350142
129 -29.811347 -114.550224 62.350142
130 -29.861909 -115.016961 62.350142
132 -30.073842 -116.350620 62.350142
133 -30.094327 -116.407015 62.350142
134 -30.133184 -116.398637 62.350142
135 -30.248531 -116.218309 62.350142
136 -30.235374 -115.744575 62.350142
137 -30.048180 -115.212962 62.358482
138 -29.815008 -114.748389 62.350142
139 -29.656587 -114.274966 62.350142
140 -29.615627 -113.922522 62.342443
141 -29.576246 -113.620519 62.342443
142 -29.497531 -113.269426 62.350142
145 -29.183303 -112.400697 62.350142
146 -29.051329 -112.012631 62.350142
147 -28.999559 -111.457961 62.350142
148 -29.075620 -110.984181 62.350142
149 -29.134284 -110.512920 62.350142
150 -29.144857 -110.298181 62.350142
151 -29.165768 -109.853676 62.350142
152 -29.164116 -109.641182 62.350142
153 -29.160192 -109.136197 62.350142
154 -29.141897 -108.711627 62.350142
155 -29.152222 -108.496895 62.350142
158 -29.161539 -107.449907 62.350142
159 -29.128671 -107.087136 62.350142
160 -28.931877 -106.554457 62.350142
161 -28.630899 -106.024271 62.350142
162 -28.319589 -105.526051 62.350142
163 -28.044879 -105.075759 62.350142
164 -27.784988 -104.631206 62.350142
165 -27.523921 -104.175779 62.350142
166 -27.390085 -103.929944 62.350142
167 -27.214639 -103.576096 62.350142
168 -26.902808 -103.058100 62.350142
171 -25.933428 -101.686679 62.350142
172 -25.904531 -101.634096 62.350142
173 -25.908976 -101.625139 62.342443
174 -25.983037 -101.577219 62.342443
175 -26.101434 -101.565133 62.342443
176 -26.180168 -101.579165 62.342443
177 -26.180168 -101.579165 62.342443
178 -26.180168 -101.579165 62.342443
179 -26.180168 -101.579165 62.342443
180 -26.180168 -101.579165 62.342443
181 -26.118119 -101.563079 62.342443
184 -26.598051 -102.475639 62.342443
185 -27.111963 -102.424005 62.342443
186 -27.706704 -102.185929 62.342443
187 -28.032642 -101.758151 62.342443
188 -28.176269 -101.394937 62.342443
189 -28.257641 -101.111385 62.342443
190 -28.379600 -100.725228 62.342443
191 -28.486450 -100.450419 62.342443
192 -28.742311 -99.946828 62.342443
193 -28.891242 -99.704390 62.342443
194 -29.108619 -99.374641 62.342443
197 -29.731137 -98.087957 62.342443
198 -29.787255 -97.993436 62.342443
199 -30.000741 -97.649342 62.342443
200 -30.216907 -97.123015 62.342443
201 -30.335023 -96.658071 62.342443
202 -30.466576 -96.207094 62.342443
203 -30.576590 -95.885618 62.342443
204 -30.739975 -95.570474 62.342443
205 -30.877639 -95.254750 62.342443
206 -30.990191 -94.918067 62.342443
207 -31.160523 -94.384660 62.342443
210 -31.543846 -93.038350 62.342443
211 -31.725196 -92.525043 62.342443
212 -32.004701 -92.057633 62.342443
213 -32.387709 -91.627161 62.342443
214 -32.951802 -91.324869 62.342443
215 -33.587737 -91.205652 62.342443
216 -34.218745 -91.072958 62.342443
217 -34.844819 -90.898560 62.342443
218 -35.469933 -90.720451 62.342443
219 -36.100113 -90.561314 62.342443
220 -36.733449 -90.415104 62.342443
224 -38.996361 -89.830594 62.342443
225 -39.623615 -89.695033 62.342443
226 -40.269816 -89.660596 62.342443
227 -40.917184 -89.672221 62.342443
228 -41.564456 -89.683475 62.342443
229 -42.206822 -89.605872 62.342443
230 -42.834003 -89.456563 62.342443
231 -43.464284 -89.321722 62.342443
232 -44.109735 -89.274743 62.342443
233 -44.757020 -89.283256 62.342443
234 -45.405791 -89.322614 62.342443
238 -46.986732 -89.627750 62.342443
239 -46.986732 -89.627750 62.342443
240 -46.986732 -89.627750 62.342443
241 -46.954884 -89.572202 62.342443
242 -46.678194 -89.461985 62.342443
243 -46.105540 -89.358748 62.342443
244 -45.463754 -89.272977 62.342443
245 -44.820284 -89.181140 62.342443
246 -44.177479 -89.130727 62.342443
247 -43.530144 -89.116628 62.342443
248 -42.882676 -89.115533 62.342443
252 -40.295777 -89.150154 62.342443
253 -39.648281 -89.147820 62.342443
254 -39.003286 -89.145494 62.342443
255 -38.355790 -89.143160 62.342443
256 -37.708396 -89.133242 62.342443
257 -37.061196 -89.113740 62.342443
258 -36.413712 -89.109325 62.342443
259 -35.766228 -89.107134 62.342443
260 -35.119515 -89.137561 62.342443
261 -34.475071 -89.200251 62.342443
262 -33.835720 -89.199950 62.342443
265 -31.622712 -88.513807 62.342443
266 -31.440340 -88.117731 62.342443
267 -31.361404 -87.586224 62.342443
268 -31.312252 -87.291355 62.342443
269 -31.169590 -86.960851 62.342443
270 -31.030026 -86.544297 62.342443
271 -30.959114 -86.289112 62.342443
272 -30.825710 -85.807427 62.342443
273 -30.730218 -85.377994 62.342443
274 -30.682511 -85.140339 62.342443
275 -30.556795 -84.661572 62.342443
279 -30.167347 -83.035768 62.342443
280 -30.154958 -82.984751 62.342443
281 -29.953913 -82.932496 62.342443
282 -29.546410 -83.222416 62.342443
283 -29.387860 -83.697984 62.342443
284 -29.343327 -83.994159 62.342443
285 -29.237610 -84.343500 62.342443
286 -29.100771 -84.724306 62.342443
287 -28.966847 -84.952927 62.342443
288 -28.700684 -85.428510 62.342443
289 -28.477021 -85.810162 62.342443
293 -27.569980 -87.144392 62.342443
294 -27.517428 -87.238170 62.342443
295 -27.470866 -87.320962 62.342443
296 -27.402694 -87.416562 62.342443
297 -27.322083 -87.501943 62.342443
298 -27.244351 -87.579773 62.342443
299 -27.186543 -87.631261 62.342443
300 -26.940682 -87.717165 62.342443
301 -26.384845 -87.683788 62.342443
302 -25.777486 -87.457259 62.342443
303 -25.220849 -87.122371 62.342443
308 -23.059371 -85.456436 62.342443
309 -23.059371 -85.456436 62.342443
310 -23.052598 -85.463793 62.342443
311 -23.031180 -85.680085 62.342443
312 -23.381618 -86.052657 62.342443
313 -23.980080 -86.305964 62.342443
314 -24.592047 -86.524994 62.342443
315 -25.206517 -86.729066 62.342443
316 -25.797250 -86.953498 62.342443
317 -26.193458 -87.166551 62.342443
318 -26.491582 -87.319189 62.342443
322 -26.728280 -87.433555 62.342443
323 -27.256588 -87.304717 62.342443
324 -27.528153 -87.015913 62.342443
325 -27.618512 -86.756808 62.342443
326 -27.667760 -86.234846 62.342443
327 -27.664879 -85.749912 62.342443
328 -27.648483 -85.275254 62.342443
329 -27.668952 -85.042578 62.342443
330 -27.774347 -84.631120 62.342443
331 -27.820408 -84.163937 62.342443
332 -27.854178 -83.932314 62.342443
336 -28.217142 -81.882217 62.342443
337 -28.322261 -81.486263 62.342443
338 -28.560241 -80.969131 62.342443
339 -28.758015 -80.472689 62.342443
340 -28.841442 -80.000884 62.342443
341 -28.847521 -79.796140 62.342443
342 -28.823640 -79.342277 62.342443
343 -28.593056 -78.773307 62.342443
344 -28.128612 -78.323137 62.342443
345 -27.572510 -77.988780 62.342443
346 -26.984234 -77.712448 62.342443
350 -24.332899 -76.478127 62.342443
351 -24.332899 -76.478127 62.342443
352 -24.332899 -76.478127 62.342443
353 -24.332899 -76.478127 62.342443
354 -24.424220 -76.576520 62.342443
355 -24.847230 -76.628682 62.342443
356 -25.474485 -76.538254 62.342443
357 -26.104164 -76.387545 62.342443
358 -26.737460 -76.253076 62.342443
359 -27.375675 -76.160355 62.342443
360 -28.016912 -76.090803 62.342443
365 -31.036200 -75.718471 62.342443
366 -31.127957 -75.699714 62.342443
367 -31.242558 -75.480589 62.342443
368 -31.294884 -74.979937 62.342443
369 -31.220839 -74.516293 62.342443
370 -31.117664 -74.104068 62.342443
371 -31.079915 -73.894949 62.342443
372 -31.018598 -73.454337 62.342443
373 -31.008681 -73.242069 62.342443
374 -30.997962 -72.737201 62.342443
375 -31.011012 -72.312443 62.342443
380 -30.961967 -70.508477 62.342443
381 -30.980944 -70.400384 62.342443
382 -31.078018 -70.007507 62.342443
383 -31.124515 -69.480198 62.342443
384 -31.098063 -69.001240 62.342443
385 -31.059711 -68.802844 62.342443
386 -30.966791 -68.357552 62.342443
387 -30.884415 -67.828956 62.342443
388 -30.775907 -67.367226 62.342443
389 -30.675124 -67.101432 62.342443
390 -30.503866 -66.790503 62.342443
395 -30.184683 -64.901606 62.342443
396 -30.145365 -64.690246 62.342443
397 -30.106687 -64.187656 62.342443
398 -30.188882 -63.715715 62.342443
399 -30.238272 -63.450357 62.342443
400 -30.311183 -63.041836 62.342443
401 -30.361305 -62.539520 62.342443
402 -30.363430 -62.342031 62.342443
403 -30.368593 -61.862059 62.342443
404 -30.373971 -61.362088 62.342443
405 -30.379349 -60.862117 62.342443
411 -30.356177 -58.265348 62.342443
412 -30.351370 -57.755374 62.342443
413 -30.357289 -57.485707 62.342443
414 -30.369464 -57.126338 62.342443
415 -30.347939 -56.797557 62.342443
416 -30.278765 -56.449496 62.342443
417 -30.232246 -55.896700 62.342443
418 -30.241927 -55.704749 62.342443
419 -30.269127 -55.275726 62.342443
420 -30.276347 -54.765841 62.342443
421 -30.256910 -54.256216 62.342443
427 -30.200263 -51.945441 62.342443
428 -30.212377 -51.565944 62.342443
429 -30.300763 -51.274193 62.342443
430 -30.364263 -50.925338 62.342443
431 -30.382143 -50.620934 62.342443
432 -30.386243 -50.265983 62.342443
433 -30.378830 -49.963574 62.342443
434 -30.365443 -49.488795 62.342443
435 -30.350476 -49.124226 62.342443
436 -30.362903 -48.819480 62.342443
437 -30.372972 -48.464676 62.342443
444 -30.362802 -45.913334 62.342443
445 -30.354685 -45.738525 62.342443
446 -30.347318 -45.278600 62.342443
447 -30.351639 -45.113760 62.342443
448 -30.327356 -44.659477 62.342443
449 -30.287341 -44.181171 62.342443
450 -30.229497 -43.790498 62.342443
451 -30.119362 -43.538744 62.342443
452 -29.927002 -43.050684 62.342443
453 -29.796328 -42.542274 62.342443
454 -29.685796 -42.075189 62.342443
462 -29.083386 -39.278681 62.342443
463 -28.901403 -38.819052 62.342443
464 -28.878340 -38.303497 62.342443
465 -29.004845 -37.804455 62.342443
466 -29.036474 -37.642519 62.342443
467 -29.122817 -37.190858 62.342443
468 -29.156814 -36.692134 62.342443
469 -29.175377 -36.212514 62.342443
470 -29.170718 -35.817557 62.342443
471 -29.158302 -35.542840 62.342443
472 -29.148542 -35.072955 62.342443
481 -29.147227 -31.739670 62.342443
482 -29.160023 -31.464968 62.342443
483 -29.173211 -31.080232 62.342443
484 -29.169401 -30.807759 62.342443
485 -29.162761 -30.332806 62.342443
486 -29.147820 -29.938160 62.342443
487 -29.162008 -29.663531 62.342443
488 -29.184990 -29.279232 62.342443
489 -29.193884 -29.004377 62.342443
490 -29.209824 -28.529645 62.342443
491 -29.207597 -28.134667 62.342443
501 -29.335420 -24.137905 62.342443
502 -29.343989 -23.913119 62.342443
503 -29.352291 -23.558216 62.342443
504 -29.364190 -22.998342 62.342443
505 -29.362686 -22.805880 62.342443
506 -29.355467 -22.375942 62.342443
507 -29.351987 -21.865955 62.342443
508 -29.351449 -21.355956 62.342443
509 -29.355878 -21.028546 62.342443
510 -29.368336 -20.673766 62.342443
511 -29.372146 -20.403953 62.342443
522 -29.377785 -16.103346 62.928690
523 -29.379130 -16.048363 62.928690
524 -29.379130 -16.048363 62.928690
525 -29.299368 -16.105375 62.928690
526 -29.215697 -16.471124 63.728330
527 -29.234008 -16.967086 63.728330
528 -29.273777 -17.170326 63.728330
529 -29.342955 -17.619429 63.728330
530 -29.336403 -18.088795 63.728330
531 -29.254236 -18.617063 63.728330
532 -29.107122 -19.130981 63.728330
544 -28.321978 -23.880922 63.728330
545 -28.318222 -24.244916 63.728330
546 -28.359934 -24.753196 63.728330
547 -28.382539 -24.966996 63.728330
548 -28.400958 -25.466447 63.728330
549 -28.370696 -25.950437 63.728330
550 -28.351146 -26.429958 63.728330
551 -28.349705 -26.699907 63.728330
552 -28.350023 -27.119906 63.728330
553 -28.333648 -27.388858 63.728330
554 -28.282427 -27.800454 63.728330
566 -27.335615 -32.531782 63.728330
567 -27.335615 -32.531782 63.728330
568 -27.335615 -32.531782 63.728330
569 -27.324710 -32.515024 63.728330
570 -27.272430 -32.258744 63.728330
571 -27.352488 -31.846950 63.728330
572 -27.450905 -31.601049 63.728330
573 -27.580271 -31.160719 63.728330
574 -27.609853 -30.672256 63.728330
575 -27.601689 -30.377412 63.728330
576 -27.582506 -30.012922 63.728330
589 -27.627604 -25.461788 63.728330
590 -27.697453 -25.052769 63.728330
591 -27.724143 -24.809231 63.728330
592 -27.758834 -24.395794 63.728330
593 -27.761059 -24.153304 63.728330
594 -27.764514 -23.733326 63.728330
595 -27.757821 -23.508426 63.728330
596 -27.756378 -23.018477 63.728330
597 -27.770043 -22.508661 63.728330
598 -27.782464 -21.998814 63.728330
599 -27.771683 -21.511434 63.728330
612 -27.838726 -15.509253 63.728330
613 -27.862056 -15.110000 63.728330
614 -27.903222 -14.767477 63.728330
615 -27.944871 -14.477965 63.975151
616 -27.984204 -14.150500 63.975151
617 -27.995614 -13.855723 63.975151
618 -28.009950 -13.386010 63.659249
619 -28.024754 -12.901377 63.659249
620 -28.049134 -12.482142 63.659249
621 -28.058508 -12.187301 63.659249
622 -28.082151 -11.800599 63.659249
635 -28.086808 -6.402321 63.755313
636 -28.084244 -6.075402 63.773505
637 -28.163984 -5.729557 63.773505
638 -28.187652 -5.461783 63.831810
639 -28.141524 -5.109802 63.831810
640 -28.097561 -4.556607 63.831810
641 -28.091031 -4.354248 68.363294
642 -28.076813 -3.899502 68.363294
643 -28.040680 -3.415937 70.675172
644 -27.997920 -3.216193 70.675172
645 -27.902902 -2.771576 70.675172
652 -27.083911 0.108290 71.233278
653 -27.036834 0.207663 71.233278
654 -26.912511 0.323394 71.233278
655 -26.473330 0.394449 71.233278
656 -25.828730 0.378684 71.233278
657 -25.183958 0.367293 71.233278
658 -24.537797 0.406898 71.233278
659 -23.893868 0.474245 71.233278
660 -23.251925 0.558851 71.233278
661 -22.614090 0.669839 71.233278
662 -21.978462 0.793239 71.233278
675 -15.005291 2.548465 71.278187
676 -15.005291 2.548465 71.278187
677 -15.005291 2.548465 71.278187
678 -14.988164 2.584595 71.278187
679 -14.981510 2.643421 72.799588
680 -15.059222 2.749607 72.799588
681 -15.447823 2.831172 72.799588
682 -16.079349 2.823845 72.799588
683 -16.721593 2.741742 72.799588
684 -17.362591 2.670812 72.799588
685 -18.007594 2.614010 72.799588
693 -23.163625 2.174477 72.799588
694 -23.810140 2.147127 72.799588
695 -24.456970 2.176144 72.799588
696 -25.104159 2.195368 72.799588
697 -25.748991 2.183177 72.799588
698 -26.397087 2.134310 72.799588
699 -27.040665 2.063202 72.799588
700 -27.684392 1.993449 72.799588
701 -28.326271 1.930074 72.799588
702 -28.970951 1.869894 72.799588
703 -29.613173 1.810192 72.799588
718 -38.825166 0.951144 81.455878
719 -38.825166 0.951144 81.455878
720 -38.944834 1.114930 81.515275
721 -39.023284 1.607868 81.515275
722 -38.983797 1.806743 81.515275
723 -38.855156 2.242740 81.631979
724 -38.786083 2.772796 81.631979
725 -38.783286 3.252548 82.195499
726 -38.782225 3.445017 82.195499
727 -38.789297 3.874948 82.348649
728 -38.800408 4.384826 82.348649
743 -38.936409 10.009155 82.348649
744 -38.928256 10.233325 82.348649
745 -38.845377 10.552657 82.348649
746 -38.662880 11.095153 82.348649
747 -38.569515 11.284102 82.348649
748 -38.348705 11.653047 82.348649
749 -38.106717 12.145999 82.348649
750 -37.971466 12.606179 82.348649
751 -37.823897 13.120398 82.348649
752 -37.653368 13.627428 82.348649
753 -37.476245 14.078841 82.348649
762 -36.043792 18.031356 87.309678
763 -35.707497 18.558666 87.309678
764 -35.228423 18.996654 87.309678
765 -34.722725 19.405024 87.309678
766 -34.215397 19.811369 87.309678
767 -33.704118 20.212726 87.309678
768 -33.191348 20.612165 87.309678
769 -32.684434 21.014995 87.309678
770 -32.174411 21.417888 87.309678
771 -31.713489 21.858683 87.309678
772 -31.362464 22.351001 87.709634
781 -29.592150 24.201736 103.940464
782 -29.638725 23.995536 103.940464
783 -29.893868 23.550262 103.940464
784 -30.323751 23.066263 103.940464
785 -30.765862 22.596633 103.940464
786 -31.205390 22.124734 103.940464
787 -31.627750 21.637283 103.940464
788 -32.055669 21.148025 103.940464
789 -32.493531 20.667714 103.940464
790 -32.955767 20.210810 103.940464
791 -33.435824 19.772598 103.940464
802 -36.468834 15.402359 103.940464
803 -36.458682 15.043828 103.940464
804 -36.523671 14.568547 103.940464
805 -36.603179 14.039582 103.940464
806 -36.625364 13.760691 103.940464
807 -36.625106 13.415691 103.940464
808 -36.624717 12.895692 103.940464
809 -36.631910 12.425832 103.940464
810 -36.645016 11.891002 103.940464
811 -36.640913 11.421138 103.940464
812 -36.623408 10.886430 103.940464
830 -34.257951 1.392731 103.940464
831 -33.905212 1.010698 103.940464
832 -33.531304 0.570649 103.940464
833 -33.098413 0.085811 103.940464
834 -32.659173 -0.393298 103.940464
835 -32.216065 -0.851102 103.940464
836 -31.757403 -1.311521 103.940464
837 -31.395067 -1.788346 103.940464
838 -31.216049 -2.248913 103.940464
839 -31.167977 -2.770609 103.940464
840 -31.203649 -3.244235 103.940464
859 -30.924332 -12.538715 103.940464
860 -30.950622 -12.902652 103.940464
861 -30.979431 -13.261349 103.940464
862 -30.974553 -13.556308 103.940464
863 -30.965696 -14.086234 103.940464
864 -30.954987 -14.348382 103.940464
865 -30.929311 -14.717422 103.940464
866 -30.925590 -15.199806 103.940464
867 -30.926176 -15.472256 103.940464
868 -30.917332 -15.842150 103.940464
869 -30.911663 -16.387119 103.940464
887 -30.897268 -24.713700 103.940464
888 -30.878112 -24.972987 103.940464
889 -30.901340 -25.447054 103.940464
890 -30.940080 -25.779791 103.940464
891 -30.976961 -26.080010 103.940464
892 -30.992207 -26.604599 103.940464
893 -30.982605 -26.969327 103.940464
894 -30.940428 -27.271287 103.940464
895 -30.919106 -27.795735 103.940464
896 -30.911077 -28.275642 103.940464
897 -30.889804 -28.760142 103.940464
916 -30.903934 -37.966874 103.940464
917 -30.899146 -38.501606 103.940464
918 -30.933034 -38.980367 103.940464
919 -30.970926 -39.508824 103.940464
920 -30.962975 -39.953718 103.940464
921 -30.962614 -40.338583 103.940464
922 -30.933790 -40.642189 103.940464
923 -30.922209 -41.111948 103.940464
924 -30.921962 -41.646903 103.940464
925 -30.894923 -42.086071 103.940464
926 -30.893665 -42.346067 103.940464
946 -30.893550 -49.921560 103.940464
947 -30.893550 -49.921560 103.940464
948 -30.925156 -49.944692 103.940464
949 -31.029591 -49.910340 103.940464
950 -31.155016 -49.593377 103.940464
951 -31.196176 -49.312444 103.940464
952 -31.187501 -48.967589 103.940464
953 -31.204389 -48.458248 103.940464
954 -31.244568 -48.235067 103.940464
955 -31.334856 -47.896939 103.940464
956 -31.393690 -47.705824 103.940464
976 -37.919979 -53.230248 103.925454
977 -37.919979 -53.230248 103.925454
978 -37.869248 -53.270040 103.925454
979 -37.533652 -53.272179 103.925454
980 -37.117342 -52.854358 103.925454
981 -36.955911 -52.391933 103.925454
982 -36.780034 -51.876118 103.925454
983 -36.676946 -51.620624 103.925454
984 -36.483050 -51.305584 103.925454
985 -36.166636 -50.801721 103.925454
986 -35.823368 -50.297925 103.925454
1007 -31.142409 -41.008533 103.925454
1008 -31.150695 -40.673636 103.925454
1009 -31.152627 -40.378701 103.925454
1010 -31.143489 -39.993867 103.925454
1011 -31.112692 -39.494816 103.925454
1012 -31.076828 -39.011272 103.925454
1013 -31.097860 -38.832545 103.925454
1014 -31.138196 -38.354280 103.925454
1015 -31.144208 -38.176884 103.925454
1016 -31.160168 -37.697155 103.925454
1017 -31.152182 -37.517340 103.925454
1039 -31.147602 -28.933101 103.925454
1043 -31.155942 -26.908806 103.925454
1044 -31.143713 -26.629979 103.925454
1045 -31.074357 -26.302361 103.925454
1046 -31.031087 -25.794531 103.925454
1047 -31.038538 -25.309794 103.925454
1048 -31.060160 -25.033514 103.925454
1049 -31.116279 -24.728869 103.925454
1050 -31.139691 -24.209650 103.925454
1051 -31.132880 -23.919875 103.925454
1052 -31.110638 -23.585637 103.925454
1074 -31.088225 -14.975413 103.925454
1075 -31.107692 -14.776792 103.925454
1076 -31.159207 -14.309839 103.925454
1077 -31.169578 -13.945124 103.925454
1078 -31.154594 -13.650519 103.925454
1079 -31.145766 -13.125610 103.925454
1080 -31.155846 -12.650891 103.925454
1081 -31.180061 -12.286772 103.925454
1082 -31.179259 -11.991776 103.925454
1083 -31.179107 -11.466776 103.925454
1084 -31.174970 -10.991857 103.925454
1106 -30.970626 -2.562610 103.925454
1107 -31.033638 -2.127549 103.925454
1108 -31.093865 -1.818379 103.925454
1109 -31.141618 -1.481790 103.925454
1110 -31.330120 -0.936543 103.925454
1111 -31.736787 -0.431860 103.925454
1112 -32.204901 0.018989 103.925454
1113 -32.676790 0.465970 103.925454
1114 -33.141644 0.920281 103.925454
1115 -33.592401 1.385088 103.925454
1116 -34.038171 1.858144 103.925454
1137 -36.407439 9.899780 103.925454
1138 -36.423328 10.334489 103.925454
1139 -36.420211 10.549467 103.925454
1140 -36.413903 10.984421 103.925454
1141 -36.403913 11.199183 103.925454
1142 -36.396511 11.634107 103.925454
1143 -36.404341 11.848963 103.925454
1144 -36.429356 12.283242 103.925454
1145 -36.435322 12.498154 103.925454
1146 -36.450990 12.932872 103.925454
1147 -36.452414 13.147851 103.925454
1169 -32.143829 21.266013 103.925454
1170 -31.753890 21.677297 103.925454
1171 -31.464074 22.161540 103.925454
1172 -31.318465 22.673762 103.925454
1173 -31.228661 23.148043 103.925454
1174 -31.172092 23.313525 103.925454
1175 -31.059976 23.779457 103.925454
1176 -31.032650 24.248252 103.925454
1177 -31.046469 24.369951 103.925454
1178 -31.016445 24.777767 103.925454
1179 -30.924112 25.256295 103.925454
1200 -30.148091 34.069333 111.919703
1201 -30.177011 34.568000 111.919703
1202 -30.247284 35.063037 113.103581
1203 -30.298886 35.570323 113.103581
1204 -30.321352 36.079801 113.923220
1205 -30.331971 36.589679 113.923220
1206 -30.340947 36.972042 115.122978
1207 -30.366737 37.235777 115.122978
1208 -30.378452 37.655451 116.109689
1209 -30.372378 37.920381 116.109689
1210 -30.363463 38.280241 116.109689
1224 -30.062024 44.165186 122.118058
1225 -30.023459 44.401151 122.118058
1226 -30.098619 44.778024 123.306853
1227 -30.158913 45.071703 123.306853
1228 -30.216935 45.452295 123.306853
1229 -30.251587 45.955780 124.303258
1230 -30.270132 46.485455 124.303258
1231 -30.269038 46.665452 124.303258
1232 -30.267104 47.145444 125.114428
1233 -30.291166 47.323760 125.114428
1234 -30.324235 47.807389 126.114313
1260 -29.608317 55.488156 135.119577
1261 -29.608317 55.488156 135.119577
1262 -29.644301 55.426839 135.119577
1263 -29.751460 55.410361 135.119577
1264 -29.901415 55.600147 135.119577
1265 -29.926032 56.075292 135.119577
1266 -29.861679 56.542592 135.119577
1267 -29.806373 56.871393 135.119577
1268 -29.760653 57.213239 135.119577
1269 -29.741956 57.617578 135.119577
1270 -29.760137 57.912017 136.113262
1285 -29.801674 64.482996 142.115516
1286 -29.805392 64.960413 142.115516
1287 -29.816415 65.452694 143.121836
1288 -29.812354 65.725114 143.121836
1289 -29.802009 66.119967 143.121836
1290 -29.802525 66.384923 144.305856
1291 -29.767510 66.778147 144.305856
1292 -29.724163 67.039053 145.309944
1293 -29.653632 67.427306 145.309944
1294 -29.642754 67.673959 145.309944
1295 -29.668739 68.017940 146.312337
1312 -29.383862 74.462317 152.511836
1313 -29.386670 74.482114 152.511836
1314 -29.423791 74.540609 153.514364
1315 -29.457518 74.562080 153.514364
1316 -29.477493 74.562899 153.914327
1317 -29.565362 74.518615 153.914327
1318 -29.660032 74.264000 153.914327
1319 -29.638330 73.784840 153.914327
1320 -29.593134 73.519905 153.914327
1321 -29.470041 73.144951 153.914327
1322 -29.400564 72.731228 153.914327
1355 -28.278310 58.520810 154.120278
1356 -28.299297 57.986851 154.120278
1357 -28.334050 57.686643 154.120278
1358 -28.386007 57.391348 154.120278
1359 -28.401659 56.836873 154.120278
1360 -28.378685 56.600032 154.120278
1361 -28.323048 56.179024 154.120278
1362 -28.306282 55.879601 154.120278
1363 -28.295992 55.504742 154.120278
1364 -28.289839 55.134851 154.120278
1365 -28.293824 54.809876 154.109377
1397 -27.953354 40.832008 154.109377
1398 -27.719973 40.395622 154.109377
1399 -27.443490 40.049208 154.109377
1400 -26.908981 39.777812 154.109377
1401 -26.270744 39.693942 154.109377
1402 -25.626269 39.668177 154.109377
1403 -24.981247 39.612555 154.109377
1404 -24.339335 39.527940 154.109377
1405 -23.699661 39.427688 154.109377
1406 -23.062973 39.298320 154.109377
1407 -22.442912 39.112420 154.109377
1441 -21.347632 38.802557 154.109377
1442 -21.347632 38.802557 154.109377
1443 -21.309763 38.814885 154.109377
1444 -21.232472 38.912424 154.109377
1445 -21.223819 39.011545 154.109377
1446 -21.248450 39.092235 154.109377
1447 -21.334514 39.173970 154.109377
1448 -21.692784 39.248505 154.109377
1449 -22.307029 39.221437 154.109377
1450 -22.951772 39.225455 154.109377
1451 -23.598483 39.289660 154.109377
1484 -27.709967 50.538404 154.109377
1485 -27.711934 50.858380 154.109377
1486 -27.732132 51.157318 154.109377
1487 -27.801091 51.530907 154.109377
1488 -27.835655 52.089528 154.109377
1489 -27.830274 52.269448 154.109377
1490 -27.816256 52.749243 154.109377
1491 -27.818797 52.926724 154.109377
1492 -27.825740 53.411675 154.109377
1493 -27.819615 53.891583 154.109377
1494 -27.810888 54.106393 154.109377
1527 -29.221568 66.800574 154.109377
1528 -29.250475 66.988356 154.109377
1529 -29.294174 67.461287 154.109377
1530 -29.322576 67.895293 154.109377
1531 -29.325626 68.095264 154.109377
1532 -29.356177 68.519139 154.109377
1533 -29.389515 68.698378 154.109377
1534 -29.491781 69.097931 154.109377
1535 -29.517120 69.296315 154.109377
1536 -29.595332 69.764790 154.109377
1537 -29.667547 70.140311 154.109377
1571 -39.786354 79.482332 156.303871
1572 -39.885698 79.438108 156.303871
1573 -39.960569 79.403459 156.303871
1574 -40.006344 79.361585 156.303871
1575 -40.090551 79.095769 156.303871
1576 -40.068154 78.504375 156.303871
1577 -40.001460 77.998780 156.303871
1578 -39.932148 77.463297 156.303871
1579 -39.892618 76.954894 156.303871
1580 -39.893330 76.707597 156.303871
1581 -39.898081 76.322675 156.303871
1602 -38.412197 69.239739 156.303871
1603 -38.412197 69.239739 156.303871
1604 -38.412197 69.239739 156.303871
1605 -38.412197 69.239739 156.303871
1606 -38.472693 69.267268 156.303871
1607 -38.560142 69.544076 156.303871
1608 -38.487707 70.053452 156.303871
1609 -38.232712 70.603886 156.303871
1610 -37.929085 71.059286 156.303871
1611 -37.665406 71.506959 156.303871
1612 -37.452584 71.991946 156.303871
1651 -30.358473 89.163738 166.706748
1652 -30.324428 89.635492 166.706748
1653 -30.393042 90.070084 166.706748
1654 -30.441274 90.482205 167.906700
1655 -30.443957 90.697183 167.906700
1656 -30.452830 91.187103 169.110674
1657 -30.453277 91.567045 169.110674
1658 -30.470177 91.829001 169.110674
1659 -30.470475 92.198793 170.108495
1660 -30.429935 92.460652 170.108495
1661 -30.395671 92.874136 171.112887
1684 -30.365294 100.664687 178.308104
1685 -30.305728 101.145839 179.312297
1686 -30.216535 101.617315 179.312297
1687 -30.079157 102.045701 179.312297
1688 -30.028989 102.202819 180.310011
1689 -29.867190 102.633412 180.310011
1690 -29.718026 103.047342 180.310011
1691 -29.649685 103.250828 181.314588
1692 -29.451251 103.709705 181.314588
1693 -29.387695 103.915028 182.309901
1694 -29.243110 104.346385 182.309901
1719 -26.373973 111.726527 189.700659
1720 -26.373973 111.726527 189.700659
1721 -26.373973 111.726527 189.700659
1722 -26.496237 111.617754 189.700659
1723 -26.727755 111.654894 189.700659
1724 -26.864687 112.016522 189.700659
1725 -26.870099 112.493703 189.703189
1726 -26.849381 112.985493 189.703189
1727 -27.016725 113.508610 189.703189
1728 -27.419057 113.979363 189.700659
1729 -27.864524 114.442148 189.700659
1778 -29.673763 122.638726 202.104181
1779 -29.673763 122.638726 202.104181
1780 -29.673763 122.638726 202.104181
1781 -29.753236 122.602412 202.104181
1782 -29.803261 122.650402 202.104181
1783 -29.900371 122.979843 202.104181
1784 -29.910954 123.487874 202.104181
1785 -29.846256 123.953347 202.104181
1786 -29.796162 124.329942 202.104181
1787 -29.789452 124.572350 202.104181
1788 -29.776585 125.037171 202.105566
1818 -29.738581 136.333012 202.120805
1819 -29.731735 136.340302 202.120805
1820 -29.529375 136.372701 202.120805
1821 -29.170224 136.034951 202.120805
1822 -29.093602 135.629460 202.120805
