8 -24.000000 19.000000 -0.443266
9 -24.000000 18.857500 19.974485
10 -23.991025 18.417707 19.974485
11 -23.903294 17.951911 19.974485
12 -23.804281 17.727846 19.974485
13 -23.597900 17.339383 20.171763
14 -23.460842 17.124384 20.171763
15 -23.432234 17.083378 20.171763
16 -23.432234 17.083378 20.171763
17 -23.476409 17.044075 20.355344
18 -23.563921 17.030091 20.355344
19 -23.675865 17.127766 20.355344
20 -23.782733 17.533060 20.355344
21 -23.762680 17.717110 20.355344
22 -23.633143 18.121670 20.355344
23 -23.494891 18.426678 20.437711
24 -23.442813 18.523389 20.437711
25 -23.226262 18.616890 20.437711
26 -22.742281 18.519746 20.437711
27 -22.181172 18.205171 20.566478
28 -21.735601 17.747215 21.272048
29 -21.454593 17.293830 21.272048
30 -21.446355 17.280753 22.280486
31 -21.461880 17.317583 22.280486
32 -21.402880 17.236858 22.835500
33 -21.302655 16.999617 22.835500
34 -21.308630 16.875479 22.910697
35 -21.308630 16.875479 22.910697
36 -21.308630 16.875479 22.910697
37 -21.308630 16.875479 23.067294
38 -21.279368 16.889430 23.067294
39 -21.144163 17.121601 23.067294
40 -21.123543 17.635256 23.067294
41 -21.150787 18.144517 23.067294
42 -21.172944 18.658983 23.067294
43 -21.158155 18.837960 23.067294
44 -21.112707 19.275520 23.067294
45 -21.103742 19.520320 23.067294
46 -21.078622 19.959557 23.067294
47 -21.026006 20.431106 23.067294
48 -20.923943 20.685578 23.067294
49 -20.831635 20.857345 23.067294
50 -20.612478 21.214806 23.067294
51 -20.113950 21.585610 23.067294
52 -19.612898 21.765485 23.413245
53 -19.606632 21.765336 23.792857
54 -19.644368 21.752172 23.792857
55 -19.652801 21.746797 23.792857
56 -19.682392 21.719899 24.390573
57 -19.682392 21.719899 24.390573
58 -19.682390 21.699920 24.390573
59 -19.682390 21.699920 24.408606
60 -19.682390 21.699920 24.408606
61 -19.682390 21.699920 24.408606
62 -19.682390 21.699920 24.408606
63 -19.682390 21.699920 24.408606
64 -19.682390 21.699920 24.408606
65 -19.664583 21.672849 24.408606
66 -19.415530 21.591410 24.408606
67 -18.929618 21.852740 24.408606
68 -18.593802 22.383353 24.408606
69 -18.325644 22.840503 24.648327
70 -18.042695 23.298853 25.244802
71 -17.668973 23.799601 25.244802
72 -17.147419 24.183460 25.244802
73 -16.580743 24.501830 25.244802
74 -16.090309 24.739042 25.244802
75 -15.834172 24.839050 25.333378
76 -15.745143 24.872196 25.333378
77 -15.745143 24.872196 25.704864
78 -15.745143 24.872196 25.704864
79 -15.745143 24.872196 25.704864
80 -15.745143 24.872196 25.704864
81 -15.745143 24.872196 25.704864
82 -15.745143 24.872196 25.704864
83 -15.745143 24.872196 25.704864
84 -15.745143 24.872196 25.704864
85 -15.745143 24.872196 25.704864
86 -15.745143 24.872196 25.704864
87 -15.735753 24.875635 25.704864
88 -15.516468 24.857511 25.704864
89 -15.184315 24.473986 25.704864
90 -15.160318 24.286101 27.501637
91 -15.180345 23.841583 27.501637
92 -15.192771 23.436796 27.901614
93 -15.201278 23.236977 27.901614
94 -15.205469 23.149578 27.901614
95 -15.184645 23.109818 27.901614
96 -14.938750 22.958408 27.901614
97 -14.395057 22.998307 27.901614
98 -13.760162 23.137535 27.901614
99 -13.125219 23.276599 27.901614
100 -12.489358 23.397445 27.901614
101 -11.845236 23.461796 27.901614
102 -11.209597 23.411012 27.901614
103 -10.955077 23.295242 27.901614
104 -10.778331 23.192024 28.301591
105 -10.710726 23.132657 28.314308
106 -10.710726 23.132657 28.314308
107 -10.710726 23.132657 28.314308
108 -10.710726 23.132657 28.314308
109 -10.785293 23.135992 28.314308
110 -10.791232 23.133525 28.314308
111 -10.755777 23.115023 28.314308
112 -10.805670 23.158733 28.314308
113 -11.000290 23.274382 28.314308
114 -11.471682 23.336354 28.314308
115 -12.114980 23.295626 28.314308
116 -12.602384 23.116668 28.314308
117 -12.602384 23.116668 28.314308
118 -12.602384 23.116668 28.314308
119 -12.602384 23.116668 28.314308
120 -12.602384 23.116668 28.314308
121 -12.602384 23.116668 28.314308
122 -12.488490 23.163189 28.314308
123 -12.380849 23.442092 28.314308
124 -12.622097 23.778029 28.314308
125 -13.235361 23.925597 28.314308
126 -13.882563 23.913722 28.314308
127 -14.528789 23.980344 28.314308
128 -15.155726 24.131545 28.314308
129 -15.792360 24.248124 28.314308
130 -16.437452 24.301521 28.314308
131 -17.084796 24.313228 28.314308
132 -17.732274 24.308407 28.314308
133 -18.377234 24.301141 28.314308
134 -19.024692 24.293848 28.314308
135 -19.671854 24.276647 28.314308
136 -20.292338 24.186463 28.314308
137 -20.670290 24.091127 28.314308
138 -20.864058 24.024331 28.314308
139 -21.165671 23.936629 28.314308
140 -21.734943 24.052039 28.314308
141 -22.288535 24.391142 28.314308
142 -22.782493 24.777860 28.314308
143 -23.274999 25.147701 28.314308
144 -23.440062 25.246672 28.314308
145 -23.440062 25.246672 28.314308
146 -23.440062 25.246672 28.314308
147 -23.440062 25.246672 28.314308
148 -23.440062 25.246672 28.314308
149 -23.440062 25.246672 28.314308
150 -23.440062 25.246672 28.314308
151 -23.440062 25.246672 28.314308
152 -23.440062 25.246672 28.314308
153 -23.440062 25.246672 28.314308
154 -23.440062 25.246672 28.314308
155 -23.440062 25.246672 28.314308
156 -23.440062 25.246672 28.314308
157 -23.440062 25.246672 28.314308
158 -23.440062 25.246672 28.314308
159 -23.440062 25.246672 28.314308
160 -23.440062 25.246672 28.314308
161 -23.440062 25.246672 28.314308
162 -23.440062 25.246672 28.314308
163 -23.440062 25.246672 28.314308
164 -23.440062 25.246672 28.314308
165 -23.440062 25.246672 28.314308
166 -23.440062 25.246672 28.314308
167 -23.440062 25.246672 28.314308
168 -23.440062 25.246672 28.314308
169 -23.440062 25.246672 28.314308
170 -23.440062 25.246672 28.314308
171 -23.440062 25.246672 28.314308
172 -23.440062 25.246672 28.314308
173 -23.440062 25.246672 28.314308
174 -23.440062 25.246672 28.314308
175 -23.440062 25.246672 28.314308
176 -23.448906 25.251339 28.314308
177 -23.538512 25.301085 28.314308
178 -23.614358 25.353742 28.314308
179 -23.708828 25.563444 28.314308
180 -23.630625 26.071231 28.314308
181 -23.360343 26.584995 28.314308
182 -22.928400 27.070521 28.314308
183 -22.482766 27.540250 28.314308
184 -22.089213 28.005874 28.314308
185 -22.001680 28.163077 28.314308
186 -21.752353 28.579040 28.314308
187 -21.499328 29.013174 28.314308
188 -21.348531 29.186669 28.314308
189 -21.129306 29.496488 28.314308
190 -20.944001 29.924541 28.314308
191 -20.894451 30.154255 28.314308
192 -20.793952 30.603140 28.314308
193 -20.665591 31.076021 28.314308
194 -20.580338 31.234265 28.314308
195 -20.365125 31.640491 28.314308
196 -20.223721 32.077876 28.314308
197 -20.134624 32.233991 28.314308
198 -19.865832 32.637643 28.314308
199 -19.584773 33.109670 28.314308
200 -19.537956 33.283190 28.314308
201 -19.416068 33.742196 28.314308
202 -19.267668 34.203475 28.314308
203 -19.117194 34.474003 28.314308
204 -19.022298 34.608965 28.314308
205 -18.872183 34.839052 28.314308
206 -18.746310 35.267020 28.314308
207 -18.785154 35.512711 28.314308
208 -18.824275 35.620851 28.314308
209 -18.867521 35.693427 28.314308
210 -19.019123 35.776170 28.314308
211 -19.172813 35.788457 28.314308
212 -19.240884 35.758039 28.314308
213 -19.342331 35.575806 28.314308
214 -19.353863 35.087463 28.314308
215 -19.305466 34.579803 28.314308
216 -19.257572 34.067065 28.314308
217 -19.252841 33.887128 28.314308
218 -19.233431 33.417544 28.314308
219 -19.207709 32.948257 28.314308
220 -19.160380 32.510810 28.314308
221 -19.152368 32.275949 28.314308
222 -19.121486 31.761878 28.314308
223 -19.122046 31.287150 28.314308
224 -19.151890 30.788102 28.314308
225 -19.149155 30.525617 28.314308
226 -19.125443 30.056372 28.314308
227 -19.072370 29.579447 28.314308
228 -18.957979 29.144404 28.314308
229 -18.854599 28.933461 28.314308
230 -18.631013 28.464481 28.314308
231 -18.574086 28.293737 28.314308
232 -18.435941 27.834452 28.314308
233 -18.406297 27.651844 28.314308
234 -18.398314 27.177795 28.314308
235 -18.432664 26.699052 28.314308
236 -18.412933 26.214691 28.314308
237 -18.356061 26.044091 28.314308
238 -18.184585 25.595778 28.314308
239 -17.991721 25.123740 28.314308
240 -17.907375 24.967603 28.314308
241 -17.743298 24.652901 28.314308
242 -17.550037 24.412353 28.314308
243 -17.205012 24.223496 28.314308
244 -16.598848 24.078797 28.314308
245 -16.499200 24.070077 28.314308
246 -16.409293 24.100759 28.314308
247 -16.032203 24.169839 28.314308
248 -15.407853 24.115957 28.314308
249 -14.819862 23.849986 28.314308
250 -14.314753 23.441674 28.314308
251 -13.862528 22.975286 28.314308
252 -13.522498 22.546286 28.314308
253 -13.117943 22.050473 28.314308
254 -12.639377 21.666177 28.314308
255 -12.026406 21.474837 28.314308
256 -12.026406 21.474837 31.200321
257 -12.026406 21.474837 31.200321
258 -12.026406 21.474837 31.997813
259 -12.026406 21.474837 32.014060
260 -12.026406 21.474837 32.014060
261 -12.026406 21.474837 32.014060
262 -12.053076 21.488523 32.014060
263 -12.161404 21.429944 32.014060
264 -12.299742 21.033427 32.014060
265 -12.266942 20.545817 32.014060
266 -12.183527 20.108719 32.014060
267 -12.139669 19.877950 32.014060
268 -12.148361 19.388710 32.014060
269 -12.196094 19.218006 32.014060
270 -12.293771 18.748692 32.014060
271 -12.293956 18.583737 32.014060
272 -12.289817 18.128756 32.014060
273 -12.285815 17.688774 32.014060
274 -12.298386 17.454128 32.014060
275 -12.302291 16.994196 32.014060
276 -12.315464 16.554425 32.014060
277 -12.360861 16.354571 32.014060
278 -12.426434 15.884533 32.014060
279 -12.436216 15.404689 32.014060
280 -12.452230 14.965002 32.014060
281 -12.434378 14.730713 32.014060
282 -12.386327 14.228129 32.014060
283 -12.394160 14.048330 32.014060
284 -12.420861 13.574085 32.014060
285 -12.461547 13.095928 32.014060
286 -12.545472 12.613255 32.014060
287 -12.615400 12.447469 32.014060
288 -12.817009 12.034059 32.014060
289 -12.858561 11.943105 32.014060
290 -12.858561 11.943105 32.014060
291 -12.858561 11.943105 32.014060
292 -12.858561 11.943105 32.014060
293 -12.816983 11.959830 32.014060
294 -12.676120 12.213933 32.014060
295 -12.776178 12.522751 32.014060
296 -12.930993 12.609708 32.014060
297 -13.006336 12.610158 32.014060
298 -13.110847 12.527281 32.014060
299 -13.218498 12.117530 32.014060
300 -13.228376 11.623389 32.014060
301 -13.182207 11.449518 32.014060
302 -13.114513 10.980235 32.014060
303 -13.117623 10.500878 32.014060
304 -13.184285 10.020492 32.014060
305 -13.241909 9.850038 32.014060
306 -13.392522 9.394403 32.014060
307 -13.412894 9.230767 32.014060
308 -13.463177 8.778635 32.014060
309 -13.439745 8.600549 32.014060
310 -13.305141 8.140027 32.014060
311 -13.225323 7.978884 32.014060
312 -13.011089 7.543821 32.014060
313 -12.787631 7.074353 32.014060
314 -12.715495 6.925980 32.014060
315 -12.500881 6.519269 32.014060
316 -12.333959 6.044269 32.014060
317 -12.318497 5.880045 34.375865
318 -12.310087 5.425140 34.375865
319 -12.317576 5.245308 34.375865
320 -12.348261 4.771302 34.848530
321 -12.371853 4.291886 34.848530
322 -12.379072 3.851989 34.848530
323 -12.414974 3.619765 34.596244
324 -12.460123 3.162034 34.596244
325 -12.479737 2.677442 34.596244
326 -12.524533 2.526741 34.596244
327 -12.606763 2.125784 34.596244
328 -12.634589 1.696779 34.596244
329 -12.613501 1.462748 34.596244
330 -12.593957 1.003251 34.596244
331 -12.595068 0.903258 34.596244
332 -12.595068 0.903258 34.596244
333 -12.595068 0.903258 34.596244
334 -12.595068 0.903258 34.596244
335 -12.595068 0.903258 34.596244
336 -12.595068 0.903258 34.596244
337 -12.595068 0.903258 34.596244
338 -12.595068 0.903258 34.596244
339 -12.595068 0.903258 34.596244
341 -12.595068 0.903258 34.596244
341 -12.595068 0.903258 34.596244
342 -12.595068 0.903258 34.596244
343 -12.489724 0.866184 34.596244
344 -12.243371 0.909435 34.596244
345 -12.227779 0.917380 34.596244
346 -12.169678 0.986113 34.596244
347 -12.100312 1.064932 34.596244
348 -11.996810 1.132658 34.596244
349 -11.595380 1.117089 34.596244
350 -11.119996 0.724251 34.596244
352 -10.918009 0.080434 34.596244
352 -10.911260 -0.069414 34.596244
353 -10.890448 -0.318455 34.596244
355 -10.861943 -0.496168 34.596244
355 -10.858499 -0.515869 34.596244
356 -10.872126 -0.542508 34.596244
357 -10.962685 -0.586901 34.596244
358 -11.085947 -0.502654 34.658622
359 -11.150222 -0.216309 34.658622
360 -11.154938 0.208402 34.596244
361 -11.199843 0.438936 34.596244
362 -11.295631 0.888747 34.596244
363 -11.459207 1.274746 34.596244
365 -11.634015 1.548544 34.658622
365 -11.645403 1.564986 34.658622
366 -11.645403 1.564986 34.658622
367 -11.510012 1.688020 34.658622
368 -11.040103 1.699806 34.658622
369 -10.402319 1.585788 34.658622
370 -9.793250 1.363935 34.658622
371 -9.316363 0.938297 34.658622
372 -9.048320 0.470449 34.658622
373 -8.989060 0.300484 34.658622
374 -8.866278 -0.080025 34.658622
376 -8.806391 -0.417006 34.658622
376 -8.806391 -0.417006 34.658622
377 -8.806391 -0.417006 34.658622
378 -8.738730 -0.453814 34.658622
379 -8.639944 -0.467214 34.658622
380 -8.569458 -0.451425 34.658622
381 -8.492896 -0.412229 34.658622
382 -8.416953 -0.320827 34.658622
383 -8.379144 -0.027690 34.658622
384 -8.367087 -0.096643 34.658622
385 -8.371472 -0.098566 34.658622
387 -8.528434 0.439491 34.658622
387 -8.521075 0.596690 34.658622
388 -8.507010 0.685582 34.658622
389 -8.497466 0.688565 34.658622
390 -8.497466 0.688565 34.658622
391 -8.497466 0.688565 34.658622
392 -8.480193 0.763985 34.658622
393 -8.446980 0.935365 34.658622
394 -8.316044 1.061320 34.658622
395 -7.924687 1.188085 34.658622
396 -7.418872 1.082334 34.658622
398 -6.951735 0.294710 34.658622
398 -6.922099 0.135031 34.658622
399 -6.958639 -0.229749 34.658622
401 -7.082336 -0.444863 34.658622
401 -7.089218 -0.452118 34.658622
402 -7.089218 -0.452118 34.658622
403 -7.141171 -0.406740 34.658622
404 -7.156987 -0.175128 34.658622
405 -7.071819 0.328939 34.658622
406 -6.878781 0.828828 34.658622
407 -6.795449 0.965410 34.658622
408 -6.668425 1.203591 34.658622
409 -6.419908 1.464477 34.658622
410 -5.847663 1.649022 34.658622
412 -4.861971 1.338972 34.658622
412 -4.761813 1.188218 34.658622
413 -4.700813 0.632743 34.658622
414 -4.926038 0.093761 34.658622
415 -5.119693 -0.197105 34.658622
417 -5.317177 -0.388386 34.658622
417 -5.324624 -0.395061 34.658622
418 -5.324624 -0.395061 34.658622
419 -5.297006 -0.433395 34.658622
420 -5.008222 -0.524919 34.658622
421 -4.438280 -0.380384 34.658622
422 -3.831266 -0.148205 34.658622
423 -3.230574 0.093497 34.658622
424 -2.624467 0.328112 34.658622
425 -2.009955 0.539869 34.658622
426 -1.392945 0.744273 34.658622
428 -0.366666 1.131254 34.658622
428 -0.198108 1.218903 34.658622
429 0.365365 1.495992 34.658622
430 1.007619 1.574608 34.658622
431 1.649935 1.496833 34.658622
432 2.193696 1.263507 34.658622
433 2.492368 1.101153 40.596799
435 2.704367 0.973439 41.031940
435 2.704367 0.973439 41.031940
436 2.761365 0.863949 41.031940
437 2.639066 0.476889 41.031940
438 2.385109 0.189794 41.031940
440 2.114203 0.108277 41.031940
440 2.114203 0.108277 41.031940
441 2.053067 0.074983 41.031940
442 1.964285 -0.091894 41.031940
443 1.973138 -0.545102 41.031940
444 2.053326 -1.038254 41.031940
445 2.124331 -1.203566 41.031940
446 2.289393 -1.653654 41.031940
447 2.308293 -1.832540 41.031940
448 2.326752 -2.307148 41.031940
449 2.422352 -2.806463 41.031940
451 2.764044 -3.409190 41.031940
452 2.765387 -3.441663 49.835932
453 2.782350 -3.683494 49.835932
454 2.812377 -3.857095 51.341408
455 2.836045 -3.958107 51.341408
456 2.856321 -4.009189 51.341408
457 3.003985 -4.134498 51.341408
458 3.482679 -4.235321 51.341408
459 3.883943 -4.187541 51.341408
460 4.089619 -4.125377 51.341408
463 4.216162 -4.078592 51.460472
464 4.234646 -4.086166 51.460472
465 4.352899 -4.307224 51.460472
466 4.384477 -4.809939 51.460472
467 4.233239 -5.335708 51.460472
468 3.953391 -5.824769 51.460472
469 3.661423 -6.326714 51.460472
470 3.543811 -6.596558 51.460472
471 3.459762 -6.925988 51.460472
472 3.339814 -7.421583 51.460472
473 3.235066 -7.895101 51.460472
475 2.969747 -8.743794 51.460472
476 2.882828 -8.823707 51.460472
477 2.512151 -8.786389 51.460472
478 1.974650 -8.497557 51.460472
479 1.693101 -8.194355 51.460472
482 1.506003 -7.895976 51.460472
483 1.435972 -7.722291 51.460472
484 1.439789 -7.506934 51.460472
485 1.613480 -7.321292 51.460472
486 1.929897 -7.152120 51.460472
487 2.460269 -7.066212 51.460472
488 2.370513 -7.072612 51.460472
489 2.270870 -7.081054 51.460472
490 2.365850 -7.078877 51.460472
491 2.730759 -7.071157 51.460472
492 2.945547 -7.061680 51.460472
494 3.201517 -6.992836 51.460472
495 3.307870 -6.840959 51.460472
496 3.334290 -6.324373 51.460472
497 3.174906 -5.830513 51.460472
498 2.906800 -5.316098 51.460472
499 2.576022 -4.809816 51.460472
500 2.324017 -4.473869 51.580036
501 2.151667 -4.222243 51.580036
502 1.804406 -3.751561 51.580036
503 1.412413 -3.271237 51.580036
504 1.148602 -2.963960 51.580036
507 0.941407 -2.732554 51.580036
508 0.941407 -2.732554 51.580036
509 0.941407 -2.732554 51.580036
510 0.941407 -2.732554 51.580036
511 1.052892 -2.907593 51.580036
512 1.023176 -3.400615 51.580036
513 0.834856 -3.874189 51.580036
514 0.291712 -4.177707 51.580036
515 -0.350454 -4.144529 51.580036
516 -0.931599 -3.884779 51.580036
517 -1.213387 -3.499095 51.580036
520 -1.296059 -3.317597 51.580036
521 -1.250848 -3.359886 51.580036
522 -1.228379 -3.685366 51.580036
523 -1.336262 -4.193564 51.580036
524 -1.501079 -4.654975 51.580036
525 -1.578014 -5.132589 51.580036
526 -1.537940 -5.307623 51.580036
527 -1.388461 -5.763618 51.580036
528 -1.353648 -5.924902 51.580036
529 -1.270663 -6.371894 51.621121
530 -1.262367 -6.551692 51.621121
533 -1.259318 -7.891279 51.621121
534 -1.289242 -7.924582 51.621121
535 -1.586962 -7.952463 51.621121
536 -2.143287 -7.760047 51.580036
537 -2.680564 -7.399597 51.580036
538 -3.202657 -7.012409 51.580036
539 -3.733464 -6.637284 51.580036
540 -4.279298 -6.284534 51.580036
541 -4.837761 -5.951966 51.580036
542 -5.390597 -5.610290 51.580036
543 -5.933020 -5.252210 51.580036
546 -7.550966 -4.508882 51.580036
547 -7.569790 -4.515599 51.580036
548 -7.687287 -4.654764 51.580036
549 -7.690381 -5.105206 51.580036
550 -7.617231 -5.538925 51.580036
551 -7.537766 -5.759965 51.580036
552 -7.461066 -6.212804 51.580036
553 -7.435302 -6.712122 51.580036
554 -7.438486 -7.152110 51.580036
555 -7.452660 -7.386489 51.580036
556 -7.545264 -7.892899 51.580036
559 -7.729616 -8.730300 51.580036
560 -7.803685 -9.113135 51.580036
561 -7.847887 -9.526852 51.580036
562 -7.844737 -9.769332 51.580036
563 -7.820017 -10.278489 51.580036
564 -7.722334 -10.748024 51.580036
565 -7.648195 -10.986732 51.580036
568 -7.572200 -11.170325 51.580036
569 -7.572200 -11.170325 51.580036
570 -7.572200 -11.170325 51.580036
571 -7.572200 -11.170325 51.580036
572 -7.572200 -11.170325 51.580036
573 -7.574213 -11.140458 51.580036
574 -7.689897 -10.994101 51.580036
575 -8.156886 -10.913065 51.580036
576 -8.804472 -10.947220 51.580036
577 -9.446770 -11.029088 51.580036
578 -10.089130 -11.110397 51.580036
581 -11.558250 -11.265393 51.580036
582 -11.670367 -11.284571 51.580036
583 -11.749123 -11.298626 51.580036
584 -11.749123 -11.298626 51.580036
585 -11.749123 -11.298626 51.580036
586 -11.749123 -11.298626 51.580036
587 -11.749123 -11.298626 51.580036
588 -11.749123 -11.298626 51.580036
589 -11.749123 -11.298626 51.580036
590 -11.749123 -11.298626 51.580036
591 -11.749123 -11.298626 51.580036
595 -11.749123 -11.298626 51.580036
596 -11.749123 -11.298626 51.580036
597 -11.749123 -11.298626 51.580036
598 -11.749123 -11.298626 51.580036
599 -11.749123 -11.298626 51.580036
600 -11.749123 -11.298626 51.580036
601 -11.749123 -11.298626 51.580036
602 -11.749123 -11.298626 51.580036
603 -11.749123 -11.298626 51.580036
604 -11.749123 -11.298626 51.580036
605 -11.749123 -11.298626 51.580036
608 -11.749123 -11.298626 51.580036
609 -11.749123 -11.298626 51.580036
610 -11.749123 -11.298626 51.580036
611 -11.749123 -11.298626 51.580036
612 -11.749123 -11.298626 51.580036
613 -11.749123 -11.298626 51.580036
614 -11.749123 -11.298626 51.580036
615 -11.749123 -11.298626 51.580036
616 -11.749123 -11.298626 51.580036
617 -11.749123 -11.298626 51.580036
620 -11.749123 -11.298626 51.580036
621 -11.803680 -11.274867 51.580036
622 -11.923317 -10.975161 51.580036
623 -11.633953 -10.466080 51.580036
624 -11.133432 -10.053617 51.580036
625 -10.562595 -9.742892 51.580036
626 -9.998753 -9.419815 51.580036
627 -9.462335 -9.052991 51.580036
628 -8.952465 -8.649997 51.580036
629 -8.460850 -8.224817 51.580036
630 -7.980604 -7.786812 51.580036
633 -6.740992 -6.592447 51.580036
634 -6.536303 -6.432134 51.580036
635 -6.270260 -6.197379 51.580036
636 -6.177236 -6.106571 51.580036
637 -6.168421 -6.088618 51.580036
638 -6.111514 -5.989024 51.580036
639 -5.884710 -5.870379 51.580036
640 -5.335679 -5.800418 51.580036
641 -4.742931 -6.026810 51.580036
642 -4.321450 -6.517483 51.580036
643 -4.220992 -6.694672 51.580036
646 -3.478439 -8.025970 51.580036
647 -3.478439 -8.025970 51.580036
648 -3.478439 -8.025970 51.580036
649 -3.542157 -8.019193 51.580036
650 -3.649949 -7.852312 51.580036
651 -3.491615 -7.403449 51.580036
652 -3.024318 -6.954515 51.580036
653 -2.483997 -6.593725 51.580036
654 -1.936051 -6.244088 51.580036
655 -1.406086 -5.881365 51.580036
656 -0.951729 -5.512922 51.580036
659 0.897526 -4.732437 51.580036
660 1.482377 -4.731985 51.580036
661 2.125738 -4.774132 51.580036
662 2.770451 -4.855690 51.580036
663 3.405567 -4.980702 51.580036
664 3.994909 -5.117345 51.580036
665 4.337830 -5.187309 51.580036
668 4.647473 -5.243847 51.580036
669 4.917352 -5.349982 51.580036
670 5.457107 -5.548139 51.580036
671 6.029588 -5.849696 51.580036
672 6.398812 -6.280761 51.580036
673 6.646723 -6.694579 51.580036
674 6.745121 -6.907981 51.580036
675 6.978390 -7.372644 51.580036
676 7.075502 -7.524170 51.580036
677 7.346673 -7.926269 51.580036
678 7.664709 -8.426098 51.580036
681 7.929012 -8.891209 51.580036
682 7.929012 -8.891209 51.580036
683 7.929012 -8.891209 51.580036
684 7.970009 -8.841084 51.580036
685 8.038011 -8.522957 51.580036
686 7.988673 -8.035615 51.580036
687 7.929361 -7.509043 51.580036
688 7.918104 -7.149398 51.580036
689 7.936863 -6.855002 51.580036
690 7.946509 -6.385251 51.580036
691 7.939873 -6.062837 51.580036
695 7.950987 -5.009722 51.580036
696 7.949408 -4.969799 51.580036
697 7.886360 -4.878575 51.580036
698 7.592457 -4.800609 51.580036
699 7.003928 -4.832719 51.580036
700 6.459188 -4.960893 51.580036
701 6.187971 -5.048381 51.580036
704 5.972321 -5.128303 51.580036
705 6.007923 -5.179052 51.580036
706 6.317906 -5.258479 51.580036
707 6.817465 -4.954284 51.580036
708 7.053596 -4.478398 51.580036
709 7.101394 -3.981468 51.580036
710 7.083710 -3.479294 51.580036
711 7.051185 -2.977888 51.580036
712 7.041275 -2.528096 51.580036
713 6.973707 -2.041020 51.580036
714 6.712197 -1.514956 51.580036
718 6.179551 -1.016322 51.580036
719 6.179551 -1.016322 51.580036
720 6.179551 -1.016322 51.580036
721 6.179551 -1.016322 51.580036
722 6.179551 -1.016322 51.580036
723 6.303199 -1.096233 51.580036
724 6.732750 -1.000440 51.580036
725 7.042774 -0.539980 51.580036
726 7.180838 0.017156 51.580036
727 7.215025 0.289940 51.580036
728 7.249646 0.592760 51.580036
731 7.241583 1.157502 51.580036
732 7.254304 1.461780 51.580036
733 7.302753 1.984535 51.580036
734 7.332714 2.458499 51.580036
735 7.336126 2.908264 51.580036
736 7.415368 3.185487 51.580036
740 7.515661 3.352531 51.580036
741 7.515661 3.352531 51.580036
742 7.515661 3.352531 51.580036
743 7.495697 3.351879 51.580036
744 7.395963 3.422497 51.580036
745 7.332863 3.775111 51.580036
746 7.350505 4.024671 51.580036
747 7.515715 4.366794 51.580036
748 7.687981 4.760402 51.580036
749 7.753189 4.954717 51.580036
752 7.792428 5.145295 51.580036
753 7.792428 5.145295 51.580036
754 7.792428 5.145295 51.580036
755 7.785163 5.126681 51.580036
756 7.719022 5.087070 51.580036
757 7.604932 5.142093 51.580036
758 7.499181 5.452086 51.580036
759 7.455892 5.808614 51.580036
760 7.455892 5.808614 51.580036
761 7.455892 5.808614 51.580036
762 7.455892 5.808614 51.580036
766 7.456040 5.838613 51.580036
767 7.455878 5.893613 51.580036
768 7.455878 5.893613 51.580036
769 7.455878 5.893613 51.580036
770 7.455878 5.893613 51.580036
771 7.455878 5.893613 51.580036
772 7.455878 5.893613 51.580036
773 7.455878 5.893613 51.580036
774 7.458736 5.884030 51.580036
775 7.479963 5.862847 51.580036
776 7.580288 5.833180 51.580036
780 7.847471 5.817341 51.580036
781 7.907904 5.562864 51.580036
782 7.869450 5.055458 51.580036
783 7.815748 4.890043 51.580036
784 7.674605 4.500266 51.580036
785 7.597600 3.935211 51.580036
786 7.603745 3.454066 51.580036
787 7.650115 3.010318 51.580036
788 7.695509 2.716312 51.580036
792 7.752696 2.467914 51.580036
793 7.941742 2.347277 51.580036
794 8.461154 2.246676 51.580036
795 9.092560 2.384852 51.580036
796 9.711151 2.584249 51.580036
797 10.329966 2.774686 51.580036
798 10.961636 2.926439 51.580036
799 11.487037 2.994757 51.580036
800 11.751198 3.015832 51.580036
804 11.895739 3.027364 51.580036
805 11.895739 3.027364 51.580036
806 11.895739 3.027364 51.580036
807 11.895739 3.027364 51.580036
808 11.803801 3.086982 51.580036
809 11.765421 3.451618 51.580036
810 11.917569 3.847922 51.580036
811 12.358868 4.379808 51.580036
812 12.932694 4.680909 51.580036
813 13.519314 4.954469 51.580036
814 14.114746 5.198762 51.580036
817 16.111105 4.694301 51.580036
821 16.304759 4.544242 51.580036
822 16.304759 4.544242 51.580036
823 16.304759 4.544242 51.580036
824 16.295068 4.541778 51.580036
825 16.175489 4.588037 51.580036
826 16.057837 4.935915 51.580036
827 16.080169 5.519293 51.580036
828 16.291268 5.979596 51.580036
829 16.533972 6.452058 51.580036
830 16.688833 6.847671 51.580036
831 16.750102 7.053704 51.580036
835 16.784857 7.204077 51.580036
836 16.925196 7.086593 51.580036
837 16.955278 6.643915 51.580036
838 16.874594 6.143363 51.580036
839 16.751914 5.620117 51.580036
840 16.707632 5.181468 51.580036
841 16.716507 4.899257 51.580036
845 16.739882 4.700654 51.580036
846 16.739882 4.700654 51.580036
847 16.739882 4.700654 51.580036
848 16.786075 4.812201 51.580036
849 16.738401 5.154300 51.580036
850 16.327044 5.506600 51.580036
851 15.691320 5.587794 51.580036
852 15.043945 5.576562 51.580036
853 14.396664 5.630708 51.580036
854 13.760903 5.763962 51.580036
855 13.138288 5.950474 51.580036
859 10.766836 7.011157 51.580036
860 10.251627 7.288074 51.580036
861 9.698657 7.629392 51.580036
862 9.180504 8.002819 51.580036
863 8.752650 8.261571 51.580036
866 8.415045 8.412708 51.580036
867 8.415045 8.412708 51.580036
868 8.447887 8.366117 51.580036
869 8.740069 8.295174 51.580036
870 9.301403 8.474735 51.580036
871 9.882304 8.764853 51.580036
872 10.443990 9.091952 51.580036
873 11.014635 9.403014 51.580036
874 11.598429 9.688684 51.580036
875 12.183699 9.971268 51.580036
876 12.739811 10.306627 52.716033
880 14.336764 11.993371 53.327105
881 14.504841 12.453608 53.327105
882 14.711168 12.897209 53.327105
883 14.853651 13.114573 53.726903
888 15.086449 13.282165 53.949051
889 15.356152 13.101994 53.949051
890 15.776586 12.660551 54.200555
891 16.166420 12.157752 54.200555
892 16.424741 11.826645 54.200555
893 16.596543 11.631570 54.200555
894 16.914103 11.408149 54.200555
895 17.203942 11.299754 54.200555
896 17.360554 11.267336 54.200555
897 17.449843 11.256171 54.200555
898 17.449843 11.256171 54.200555
902 17.478158 11.227918 54.200555
903 17.471043 11.234945 54.200555
904 17.471043 11.234945 54.200555
905 17.471043 11.234945 54.200555
906 17.356271 11.280810 54.200555
907 17.285464 11.558693 54.200555
908 17.303218 12.064184 54.200555
909 17.631757 12.591969 54.200555
910 18.203095 12.883737 54.200555
911 18.840020 12.943656 54.200555
912 19.474658 12.807535 54.200555
916 21.587430 11.478758 54.677419
917 21.624825 11.442034 54.677419
918 21.658284 11.420128 54.677419
919 21.678268 11.419325 54.732990
920 21.760676 11.415510 54.732990
921 21.795385 11.411117 54.732990
922 21.827831 11.299387 54.732990
923 21.646159 11.116934 54.732990
924 21.140065 11.065106 54.732990
925 20.495369 11.080911 54.732990
926 20.018271 11.100501 54.860734
931 19.513456 11.103007 55.700091
932 19.513456 11.103007 55.700091
933 19.513456 11.103007 55.700091
934 19.581333 11.035286 55.700091
935 19.942496 10.982198 55.700091
936 20.561171 11.015830 59.106854
937 21.203771 11.095155 59.106854
938 21.846706 11.146163 59.106854
939 22.455732 11.207512 59.106854
940 22.889484 11.389974 59.106854
941 23.274696 11.831441 59.106854
946 23.448436 12.451310 59.106854
947 23.479191 12.430068 59.106854
948 23.552349 12.150129 59.106854
949 23.238656 11.692440 59.106854
950 22.715413 11.324889 59.106854
951 22.077795 11.260944 59.106854
952 21.486624 11.517489 59.106854
953 21.055989 11.976051 59.106854
954 20.759635 12.452077 59.106854
955 20.632132 12.902313 59.106854
956 20.599506 13.069150 59.106854
961 19.985732 15.046594 59.106854
962 19.897099 15.263924 59.106854
963 19.705554 15.747078 59.106854
964 19.572708 16.192566 59.106854
965 19.373270 16.677033 59.106854
966 19.115006 16.958170 59.106854
969 18.821283 17.094636 59.106854
970 18.791405 17.097333 59.106854
971 18.811330 17.095608 59.106854
972 18.784599 17.175036 59.106854
973 18.856335 17.526235 59.106854
974 19.044738 17.879931 59.106854
975 19.263289 18.026876 59.106854
980 19.432818 18.085108 59.106854
981 19.432818 18.085108 59.106854
982 19.557601 18.182963 59.106854
983 19.617360 18.616977 59.106854
984 19.558775 18.895327 59.106854
985 19.410791 19.195801 59.106854
986 19.165692 19.648615 59.106854
987 18.892805 20.123179 59.106854
988 18.679629 20.485053 59.106854
994 18.498911 20.807905 59.106854
995 18.498911 20.807905 62.576834
996 18.498911 20.807905 62.576834
997 18.498911 20.807905 62.576834
998 18.498911 20.807905 62.576834
999 18.498911 20.807905 62.576834
1000 18.498911 20.807905 62.576834
1001 18.498911 20.807905 62.576834
1002 18.498911 20.807905 62.576834
1003 18.498911 20.807905 62.576834
1004 18.498911 20.807905 62.576834
1010 18.498911 20.807905 62.576834
1011 18.526988 20.761008 62.576834
1012 18.526951 20.554646 62.576834
1013 18.526951 20.554646 62.576834
1014 18.505663 20.493230 62.576834
1015 18.441810 20.335774 62.576834
1016 18.388090 20.231288 62.576834
1017 18.276690 20.072138 62.576834
1018 18.054556 19.966000 62.576834
1019 17.865858 19.944473 62.576834
1020 17.636103 19.934191 62.576834
1025 17.741087 19.936089 62.576834
1026 17.821043 19.938728 62.576834
1027 17.901001 19.941320 62.576834
1028 17.676243 19.944740 62.576834
1029 17.764885 19.929167 62.576834
1030 17.813791 19.918952 62.576834
1031 17.782295 19.934222 62.576834
1032 17.468167 20.076593 62.576834
1033 16.891246 20.228006 62.576834
1034 16.245634 20.258716 62.576834
1035 15.600790 20.201784 62.576834
1041 13.206497 19.827100 62.576834
1042 12.717998 19.872651 62.576834
1043 12.098142 20.066846 62.576834
1044 11.517662 20.253797 62.576834
1045 11.172559 20.336823 62.576834
1051 10.911894 20.326675 62.587061
1052 10.875318 20.222472 62.587061
1053 10.572915 20.098447 62.587061
1054 9.971482 20.048269 62.587061
1055 9.325038 20.084125 62.587061
1056 8.742597 20.083395 62.587061
1057 8.482684 20.076694 62.587061
1058 8.347782 20.071683 62.587061
1059 7.913295 20.050659 62.587061
1060 7.458541 20.035914 62.587061
1061 7.253627 20.030247 62.587061
1067 7.007656 19.839013 62.587061
1068 6.968437 19.800940 62.587061
1069 6.631624 19.784998 62.587061
1070 6.036946 20.215398 62.587061
1071 5.872237 20.487276 62.587061
1072 5.828044 20.702072 62.587061
1078 5.815305 20.826421 62.576834
1079 5.804771 20.798438 62.576834
1080 5.621951 20.700374 62.576834
1087 5.241555 20.804860 62.576834
1088 5.241555 20.804860 62.576834
1089 5.298652 20.852595 62.576834
1090 5.353331 21.117381 62.576834
1091 5.211059 21.322555 62.576834
1092 5.087840 21.439601 62.576834
1093 5.002498 21.523942 62.576834
1094 4.900883 21.604209 62.576834
1095 4.583753 21.681482 62.576834
1096 3.987523 21.720324 62.576834
1097 3.342635 21.791885 62.576834
1103 0.469141 23.996092 62.576834
1104 0.099551 24.105003 62.576834
1105 -0.495861 23.966326 62.576834
1106 -0.791734 23.615492 62.576834
1107 -0.832479 23.497467 62.576834
1113 -0.832479 23.497467 62.576834
1114 -0.832479 23.497467 62.576834
1115 -0.832479 23.497467 62.576834
1116 -0.881910 23.500102 62.576834
1117 -0.908606 23.527939 62.576834
1118 -0.913487 23.576490 62.576834
1119 -0.779644 23.690322 62.576834
1120 -0.326888 23.779294 62.576834
1121 0.319616 23.754241 62.576834
1122 0.958743 23.667503 62.576834
1123 1.602190 23.595728 62.576834
1130 2.315772 23.597061 62.576834
1131 2.315772 23.597061 62.576834
1132 2.315772 23.597061 62.576834
1133 2.315772 23.597061 62.576834
1134 2.315772 23.597061 62.576834
1135 2.315772 23.597061 62.576834
1136 2.315772 23.597061 62.576834
1137 2.315772 23.597061 62.576834
1138 2.315772 23.597061 62.576834
1139 2.315772 23.597061 62.576834
1140 2.315772 23.597061 62.576834
1146 2.315772 23.597061 62.576834
1147 2.315772 23.597061 62.576834
1148 2.315772 23.597061 62.576834
1149 2.315772 23.597061 62.576834
1150 2.315772 23.597061 62.576834
1151 2.315772 23.597061 62.576834
1152 2.315772 23.597061 62.576834
1153 2.315772 23.597061 62.576834
1154 2.315772 23.597061 62.576834
1155 2.315772 23.597061 62.576834
1156 2.315772 23.597061 62.576834
1163 2.425285 23.622810 62.576834
1164 2.718927 23.705065 62.576834
1165 3.305743 23.879542 62.576834
1166 3.944916 23.960736 62.576834
1167 4.592074 23.963995 62.576834
1168 5.225114 23.835686 62.576834
1169 5.655404 23.648506 62.576834
1175 5.922754 23.621020 62.576834
1176 5.922754 23.621020 62.576834
1177 5.895040 23.576852 62.576834
1178 5.876542 23.553239 62.576834
1179 5.876542 23.553239 62.576834
1180 5.876542 23.553239 62.576834
1181 5.876542 23.553239 62.576834
1182 5.876542 23.553239 62.576834
1183 5.991319 23.687595 62.576834
1184 5.929992 24.066276 62.576834
1185 5.636869 24.264013 62.576834
1192 4.933800 26.305724 62.576834
1193 5.537262 26.529858 62.576834
1194 6.088434 26.572804 62.576834
1195 6.323121 26.561589 62.576834
1201 6.542680 26.547672 62.576834
1202 6.613211 26.542090 62.576834
1203 6.734714 26.657057 62.576834
1204 6.789179 27.089526 62.576834
1205 6.771215 27.408819 62.576834
1212 6.717645 27.660472 62.576834
1213 6.717645 27.660472 62.576834
1214 6.717645 27.660472 62.576834
1215 6.678067 27.664169 62.576834
1216 6.557992 27.812480 62.576834
1217 6.633442 28.138160 62.576834
1218 6.806191 28.273708 62.576834
1219 7.177902 28.406500 62.576834
1220 7.792117 28.517294 62.576834
1221 8.287964 28.532795 62.576834
1222 8.507925 28.534755 62.576834
1229 8.722176 29.797401 62.576834
1230 8.533138 30.286939 62.576834
1231 8.435023 30.508180 62.576834
1232 8.257141 30.877346 62.576834
1233 8.136837 31.195328 62.576834
1239 8.052459 31.436149 62.576834
1240 8.054130 31.235204 62.576834
1241 7.722246 30.856523 62.576834
1242 7.214636 30.488372 62.576834
1243 6.875220 30.296546 62.576834
1250 6.731395 30.080220 62.576834
1251 6.951936 29.848461 62.576834
1252 7.280693 29.615327 62.576834
1253 7.312389 29.600382 62.576834
1254 7.457343 29.597529 62.576834
1255 7.851825 29.577422 62.576834
1256 8.475064 29.514483 62.576834
1257 9.058202 29.237503 62.576834
1258 9.547231 28.809770 62.576834
1259 10.014803 28.358377 62.576834
1260 10.533183 27.967178 62.576834
1267 14.392817 26.638344 62.576834
1268 14.858781 27.089442 62.576834
1269 15.258565 27.568200 62.576834
1270 15.658232 28.051835 62.576834
1271 15.996342 28.472792 62.576834
1272 16.193208 28.712253 62.576834
1278 16.393213 28.846024 62.576834
1279 16.460502 28.666482 62.576834
1280 16.317059 28.212711 62.576834
1281 15.982023 27.672837 62.576834
1282 15.639782 27.217319 62.576834
1283 15.420700 26.879729 62.576834
1284 15.252494 26.649665 62.576834
1285 14.934038 26.207521 62.576834
1286 14.661741 25.695939 62.576834
1287 14.545142 25.420024 62.576834
1288 14.442523 25.101213 62.576834
1295 12.875957 24.142942 62.576834
1296 12.790784 24.101961 62.576834
1297 12.776473 24.091888 62.576834
1298 12.776473 24.091888 62.576834
1299 12.735361 24.059239 62.576834
1300 12.637213 23.943502 62.576834
1301 12.516325 23.555409 62.576834
1302 12.533560 23.267085 62.576834
1303 12.582492 23.130792 62.576834
1304 12.610311 23.066559 62.576834
1305 12.610311 23.066559 62.576834
1312 12.639959 23.062628 62.576834
1313 12.639959 23.062628 62.576834
1314 12.639959 23.062628 62.576834
1315 12.639959 23.062628 62.576834
1316 12.639959 23.062628 62.576834
1317 12.639959 23.062628 62.576834
1318 12.639959 23.062628 62.576834
1319 12.639959 23.062628 62.576834
1320 12.639959 23.062628 62.576834
1321 12.639959 23.062628 62.576834
1322 12.639959 23.062628 62.576834
1329 12.639959 23.062628 62.576834
1330 12.639959 23.062628 62.576834
1331 12.639959 23.062628 62.576834
1332 12.639959 23.062628 62.576834
1333 12.639959 23.062628 62.576834
1334 12.639959 23.062628 62.576834
1335 12.639959 23.062628 62.576834
1336 12.639959 23.062628 62.576834
1337 12.639959 23.062628 62.576834
1338 12.639959 23.062628 62.576834
1339 12.639959 23.062628 62.576834
1345 12.907038 23.235474 62.576834
1346 12.907038 23.235474 62.576834
1347 12.907038 23.235474 62.576834
1348 12.907038 23.235474 62.576834
1349 12.907038 23.235474 62.576834
1350 12.907038 23.235474 62.576834
1351 12.907038 23.235474 62.576834
1352 12.907038 23.235474 62.576834
1353 12.907038 23.235474 62.576834
1354 12.907038 23.235474 62.576834
1355 12.907038 23.235474 62.567245
1362 13.571680 24.130563 62.567245
1363 14.200462 24.050576 62.567245
1364 14.740851 23.691021 62.567245
1365 15.182778 23.215179 62.567245
1366 15.592078 22.724980 62.567245
1367 15.976994 22.213765 62.567245
1368 16.382668 21.712429 62.567245
1369 16.848951 21.264217 62.567245
1370 17.227458 20.973203 62.567245
1377 17.573026 20.765624 62.567245
1378 17.573026 20.765624 62.567245
1379 17.543138 20.766493 62.567245
1380 17.484857 20.815541 62.567245
1381 17.503539 20.934524 62.567245
1382 17.793079 21.070951 62.567245
1383 18.388418 21.133128 62.567245
1384 19.022008 21.028448 62.567245
1385 19.477435 20.934637 62.567245
1392 19.831598 20.836007 63.706359
1393 20.164495 20.769109 63.706359
1394 20.767738 20.811932 63.706359
1395 21.404880 20.872307 63.706359
1396 21.848610 20.905901 63.903835
1397 22.053037 20.921217 63.903835
1404 22.231802 20.886506 65.306203
1405 22.554793 20.826688 65.306203
1406 23.129659 20.902332 65.306203
1407 23.767775 21.025994 66.117019
1408 24.405630 21.136812 66.117019
1409 25.044820 21.223107 66.516917
1410 25.673177 21.295309 66.516917
1411 25.963724 21.329043 66.516917
1418 26.173004 21.344154 66.516917
1419 26.155532 21.232701 66.516917
1420 25.904801 21.131231 66.516917
1421 25.337561 21.115517 66.516917
1422 24.692042 21.065346 66.516917
1423 24.198883 21.022694 66.516917
1424 23.924905 20.998998 66.516917
1431 23.864381 20.849555 66.516917
1432 24.239209 20.527009 66.516917
1433 24.796338 20.193114 66.516917
1434 25.335368 19.832448 66.516917
1435 25.640786 19.416914 66.516917
1436 25.721480 19.206899 66.516917
1437 25.774807 18.713938 66.516917
1438 25.553276 18.096679 66.516917
1439 25.285689 17.668550 66.516917
1440 25.166455 17.448829 66.516917
1448 25.082356 17.272946 66.516917
1449 25.056947 17.230235 66.516917
1450 24.974250 17.176720 66.516917
1451 24.876347 17.273917 66.516917
1452 24.828810 17.684327 66.516917
1453 24.825201 17.946739 66.516917
1454 24.816837 18.286486 66.516917
1455 24.785679 18.539491 66.516917
1462 24.759048 18.637617 66.797756
1463 24.672200 18.631735 66.797756
1464 24.665389 18.639056 66.797756
1465 24.665389 18.639056 66.797756
1466 24.665389 18.639056 66.797756
1467 24.665389 18.639056 66.797756
1468 24.665389 18.639056 66.797756
1469 24.706755 18.560268 66.797756
1470 25.064712 18.424725 66.797756
1471 25.629540 18.665161 66.797756
1472 25.960068 19.162485 66.797756
1480 27.085500 22.578780 66.797756
1481 27.248905 22.943568 66.797756
1482 27.464149 23.465615 66.797756
1483 27.701190 23.823179 66.797756
1484 27.693594 23.816675 66.797756
1485 27.687630 23.808648 66.797756
1486 27.679730 23.804273 66.797756
1487 27.763898 23.988421 66.521727
1488 28.034921 24.362897 66.521727
1489 28.308853 24.545296 66.521727
1496 28.544256 24.655491 66.521727
1497 28.544256 24.655491 66.521727
1498 28.370594 24.592965 66.521727
1499 27.878689 24.642840 66.521727
1500 27.292638 24.910225 66.521727
1501 26.780166 25.309855 66.521727
1502 26.273529 25.689747 66.521727
1503 25.760655 25.878676 66.521727
1504 25.466620 25.892369 66.521727
1512 25.350223 25.746617 66.521727
1513 25.660677 25.414611 66.521727
1514 26.062322 24.909944 66.521727
1515 26.451829 24.406862 66.521727
1516 26.867491 23.917074 66.521727
1517 27.306871 23.441510 66.521727
1518 27.776261 22.992351 66.521727
1519 28.322058 22.641626 66.521727
1520 28.904894 22.353926 66.521727
1521 29.491795 22.074596 66.521727
1522 30.062153 21.763004 66.521727
1529 33.353393 19.809490 66.857013
1530 33.353393 19.809490 66.857013
1531 33.353393 19.809490 67.291160
1532 33.333446 19.810533 67.291160
1533 33.204768 19.911984 67.291160
1534 33.221797 20.065680 67.291160
1535 33.553347 20.237392 67.291160
1536 34.174763 20.302037 67.291160
1537 34.761139 20.219668 66.836668
1538 34.956435 20.177702 66.836668
1547 35.097990 20.111403 67.420028
1548 35.461122 20.049463 67.420028
1549 36.081030 20.044010 67.420028
1550 36.725997 20.044108 67.420028
1551 37.369933 19.979842 67.420028
1552 37.838602 19.888745 67.420028
1553 38.058317 19.840292 67.420028
1561 38.254699 19.769136 67.420028
1562 38.471529 19.680572 67.420028
1563 38.870559 19.689088 67.420028
1564 39.158668 19.817245 67.420028
1565 39.462366 19.966710 67.420028
1566 39.494289 19.977665 67.420028
1567 39.494289 19.977665 67.420028
1568 39.494289 19.977665 67.420028
1569 39.494289 19.977665 67.420028
1570 39.494289 19.977665 67.420028
1571 39.494289 19.977665 67.420028
1580 39.494289 19.977665 67.420028
1581 39.494289 19.977665 67.420028
1582 39.494289 19.977665 67.420028
1583 39.494289 19.977665 67.420028
1584 39.494289 19.977665 67.420028
1585 39.494289 19.977665 67.420028
1586 39.494289 19.977665 67.420028
1587 39.494289 19.977665 67.420028
1588 39.494289 19.977665 67.420028
1589 39.494289 19.977665 67.420028
1590 39.494289 19.977665 67.420028
1598 39.552521 19.991701 67.420028
1599 39.552521 19.991701 67.420028
1600 39.552521 19.991701 67.420028
1601 39.552521 19.991701 67.420028
1602 39.552521 19.991701 67.420028
1603 39.552521 19.991701 67.420028
1604 39.552521 19.991701 67.420028
1605 39.552521 19.991701 67.420028
1606 39.552521 19.991701 67.420028
1607 39.552521 19.991701 67.420028
1616 39.552521 19.991701 67.420028
1617 39.552521 19.991701 67.420028
1618 39.552521 19.991701 67.420028
1619 39.552521 19.991701 67.420028
1620 39.604964 20.008167 67.420028
1621 39.928177 20.128458 67.420028
1622 40.448096 20.443535 67.420028
1623 40.878781 20.925012 67.420028
1624 41.178362 21.296835 67.420028
1633 41.472021 21.509159 67.420028
1642 41.414721 21.141150 67.420028
1643 41.448200 21.002498 67.420028
1644 41.271060 20.774636 67.420028
1645 40.715513 20.611959 67.420028
1646 40.076862 20.527602 67.420028
1647 39.450262 20.671462 67.420028
1648 38.963485 21.091398 67.420028
1649 38.682623 21.541483 67.420028
1650 38.452318 22.040633 67.420028
1651 38.334341 22.296784 67.420028
1652 38.135836 22.638204 67.420028
1660 37.147000 25.445597 67.420028
1661 37.196262 25.530458 67.420028
1662 37.533355 25.608008 67.420028
1663 38.141243 25.533347 67.420028
1664 38.759806 25.334475 67.430707
1665 39.358408 25.087663 67.430707
1666 39.959474 24.840246 67.430707
1667 40.577712 24.609860 67.430707
1668 40.869990 24.522732 67.430707
1677 41.126651 24.456841 67.420028
1678 41.126651 24.456841 67.420028
1679 41.126651 24.456841 67.420028
1680 41.126651 24.456841 67.420028
1681 41.130669 24.476421 67.420028
1682 41.121324 24.504903 67.420028
1683 40.974753 24.627217 67.420028
1684 40.493090 24.710672 67.420028
1685 39.844175 24.708056 67.420028
1686 39.200376 24.618966 67.420028
1687 38.567844 24.482834 67.420028
1696 34.847626 22.991204 67.420028
1697 34.204406 23.084520 67.420028
1698 33.562692 23.170448 67.420028
1699 32.950390 23.318403 67.420028
1700 32.441568 23.685368 67.420028
1701 32.290926 23.986459 67.420028
1702 32.278114 24.315094 67.420028
1703 32.516942 24.692718 67.420028
1704 33.040030 24.999756 67.420028
1705 33.454807 25.044773 67.420028
1713 33.793951 24.814157 67.420028
1714 33.793951 24.814157 67.420028
1715 33.896722 24.973774 67.420028
1716 33.891414 25.437368 67.420028
1717 33.854208 25.724715 67.420028
1718 33.779344 26.056328 67.420028
1719 33.678474 26.484572 67.420028
1720 33.601099 26.738014 67.420028
1721 33.496011 27.261908 67.420028
1722 33.463708 27.423282 67.420028
1723 33.362712 27.825588 67.420028
1732 32.651078 30.612229 67.420028
1733 32.651078 30.612229 67.420028
1734 32.660781 30.609812 67.420028
1735 32.795896 30.439910 67.420028
1736 32.848422 29.958700 67.420028
1737 32.789781 29.465224 67.420028
1738 32.709242 29.097836 67.420028
1739 32.665964 28.806055 67.420028
1740 32.621689 28.423734 67.420028
1741 32.622668 28.178747 67.420028
1742 32.638214 27.668985 67.420028
1751 32.006738 24.402876 67.420028
1752 32.009935 24.255699 67.420028
1753 32.049011 23.802398 67.420028
1754 32.046455 23.610145 67.420028
1755 32.050478 23.180310 67.420028
1756 32.085403 22.631496 67.420028
1757 32.121995 22.486059 67.420028
1758 32.232302 22.044700 67.420028
1759 32.295341 21.564155 67.420028
1760 32.396328 21.041854 67.420028
1761 32.479308 20.859974 67.420028
1770 32.723338 17.368617 67.420028
1771 32.534755 17.103940 67.420028
1779 32.421480 16.951411 67.420028
1788 32.527985 17.219762 67.420028
1789 32.609233 16.763011 67.420028
1790 32.518081 16.264890 67.420028
1791 32.412772 15.899943 67.420028
1792 32.363296 15.599113 67.420028
1793 32.356592 15.004942 67.420028
1794 32.387940 14.747581 67.420028
1795 32.490700 14.397442 67.420028
1797 32.616740 13.913619 67.420028
1798 32.719301 13.490916 67.420028
1806 32.797800 13.124288 67.420028
1807 32.797800 13.124288 67.420028
1808 32.721369 13.099554 67.420028
1809 32.579826 13.230274 67.420028
1810 32.507973 13.561540 67.420028
1819 32.639119 13.767267 67.420028
1820 32.663473 13.434820 67.420028
1821 32.627756 12.853454 67.420028
1822 32.601816 12.544704 67.420028
1823 32.560576 12.182127 67.420028
1825 32.549283 11.890086 67.420028
1826 32.569175 11.525630 67.420028
1827 32.598335 11.232822 67.420028
1828 32.671010 10.845300 67.420028
1829 32.684274 10.565648 67.420028
1837 32.743158 10.309709 67.420028
1838 32.788901 9.928391 67.420028
1839 32.741667 9.416088 67.420028
1840 32.699444 9.129193 67.420028
1842 32.658408 8.791805 67.420028
1843 32.671937 8.262668 67.420028
1844 32.773040 7.694430 67.420028
1845 32.835840 7.509397 67.420028
1846 32.992079 7.185073 67.420028
1847 33.132573 6.826909 67.420028
1848 33.132573 6.826909 67.420028
1857 33.163343 6.716134 67.420028
1858 33.139988 6.312502 67.420028
1859 33.030970 6.066905 67.420028
1867 32.921079 5.820392 67.420028
1868 32.943083 5.408051 67.420028
1870 32.950915 4.828185 67.420028
1871 33.039664 4.323101 67.420028
1872 33.388145 3.781802 67.420028
1873 33.867207 3.405882 67.420028
1874 34.267946 3.191015 67.420028
1883 34.447268 3.167428 67.695349
1885 34.522285 3.382248 67.695349
1886 35.175392 3.519942 67.695349
1887 36.140172 3.503523 67.695349
1889 36.982549 3.505151 67.695349
1890 37.823797 3.579804 67.746145
1892 38.775266 3.789237 67.746145
1893 39.654519 4.023634 67.746145
1894 40.359385 4.231903 67.746145
1896 40.692199 4.340126 67.695349
1905 40.790990 4.375696 69.425789
1907 40.944412 4.575231 69.425789
1909 40.715771 5.372265 69.425789
1910 40.134859 5.998733 69.425789
1920 40.109791 6.270715 70.973940
1922 41.149026 6.620976 70.905714
1924 42.107536 7.163459 70.776975
1925 43.106493 7.402070 70.872422
1927 44.240421 7.361837 70.812006
1929 44.577411 7.343286 70.883709
1935 44.657290 7.338888 71.008874
1937 44.657290 7.338888 71.008874
1938 44.657290 7.338888 71.008874
1940 44.657290 7.338888 71.008874
1942 44.657290 7.338888 71.008874
1943 44.657290 7.338888 71.008874
1945 44.657290 7.338888 71.008874
1947 44.657290 7.338888 71.008874
1949 44.657290 7.338888 71.008874
1950 44.665750 7.281271 71.008874
1952 44.665750 7.281271 71.008874
1962 43.068541 7.269324 70.872422
1963 42.501673 7.800288 70.872422
1965 42.188565 8.498007 70.839680
1967 41.917381 8.987792 70.905714
1969 41.511225 9.828170 70.905714
1970 41.296454 10.551617 70.905714
1972 41.129522 11.041763 70.905714
1974 40.749957 11.877987 70.905714
1976 40.603780 12.363893 70.905714
1977 40.347380 13.049934 70.905714
1979 40.140438 13.655370 70.905714
1989 38.593289 17.116963 70.905714
1990 37.396326 17.353508 70.905714
1992 36.300844 17.495264 70.905714
1994 35.216207 17.706250 70.905714
1996 34.273063 18.120483 70.905714
1997 33.418187 18.980721 70.905714
1999 32.719379 19.750887 70.905714
2001 31.965915 20.424782 70.905714
2002 30.846648 20.717484 70.905714
2004 29.745743 20.677055 70.905714
2006 28.648848 20.595977 70.905714
2016 22.444079 20.518950 71.008874
2017 21.219474 20.631016 71.008874
2019 20.184810 20.653274 71.008874
2021 19.021479 20.603076 71.008874
2022 17.929001 20.518592 71.008874
2024 16.764654 20.480325 71.008874
2026 15.664593 20.410764 71.008874
2028 14.579944 20.201451 71.008874
2029 13.472583 19.882742 71.008874
2031 12.931874 19.262986 71.008874
2033 13.008859 18.630251 71.008874
2042 13.460431 17.621643 71.008874
2044 13.287531 18.190460 71.008874
2046 12.824694 19.033803 71.008874
2048 12.177448 19.803791 71.008874
2049 11.107330 20.221197 71.008874
2051 10.011498 20.315168 71.008874
2053 9.144888 20.375997 71.008874
2055 8.823489 20.393435 71.008874
2064 8.742385 20.386681 71.008874
2066 8.353356 20.219678 71.008874
2068 7.759012 20.275266 71.008874
2077 7.513805 20.316059 71.008874
2079 7.145563 20.172118 71.008874
2081 6.759151 20.230681 71.008874
2090 6.732115 20.227284 71.008874
2092 6.551236 20.109719 71.008874
2094 5.637999 20.368474 71.008874
2096 4.639597 20.779596 71.008874
2097 4.253245 20.900963 71.008874
2107 4.132601 20.933598 71.008874
2109 3.646842 20.783619 71.008874
2110 2.640849 20.915996 71.008874
2112 1.548439 21.039267 71.008874
2114 0.383761 21.057936 71.008874
2116 -0.716202 21.048982 71.008874
2117 -1.816165 21.039927 71.008874
2119 -2.981126 21.030337 71.008874
2121 -4.081088 21.021282 71.008874
2122 -5.115792 21.035286 71.008874
2124 -6.007764 21.065982 71.008874
2134 -6.178243 21.165124 71.008874
2136 -6.239641 21.924066 71.008874
2137 -6.413332 22.392638 71.008874
2139 -6.486689 23.184467 71.008874
2141 -6.065622 23.857586 71.008874
2142 -5.832391 23.960657 71.008874
2144 -5.832391 23.960657 71.008874
2146 -5.702334 24.012470 71.008874
2148 -4.923291 24.112450 71.008874
2149 -4.273540 24.096288 71.008874
2151 -4.078695 24.088506 71.008874
2161 -4.078695 24.088506 71.008874
2162 -3.927591 24.406338 71.008874
2164 -3.935165 25.175533 71.008874
2166 -4.100051 25.792576 71.008874
2168 -4.132078 26.336396 71.008874
2169 -4.121539 26.836202 71.008874
2171 -4.108747 27.326032 71.008874
2173 -4.124459 28.260597 71.008874
2174 -4.136575 28.695400 71.008874
2176 -4.149155 29.420163 71.008874
2178 -4.118338 30.081471 71.008874
2188 -4.004653 30.326451 71.008874
2190 -4.083053 29.704796 71.008874
2191 -4.555999 28.965703 71.008874
2193 -5.556280 28.600433 71.008874
2195 -6.585068 28.742931 71.008874
2197 -7.249256 29.364601 71.008874
2198 -7.302767 30.191380 71.008874
2200 -7.161988 30.518259 71.008874
2210 -6.999587 30.522279 71.008874
2212 -7.037732 30.534290 71.008874
2214 -7.031099 30.541774 71.008874
2215 -6.978667 30.645970 71.008874
2217 -6.978667 30.645970 71.008874
2219 -6.978667 30.645970 71.008874
2220 -6.978667 30.645970 71.008874
2222 -6.978667 30.645970 71.008874
2224 -6.978667 30.645970 71.008874
2226 -6.978667 30.645970 71.008874
2227 -6.978667 30.645970 71.008874
2237 -6.932314 30.767368 71.008874
2239 -6.916620 30.792879 71.008874
2241 -6.921600 30.801551 71.008874
2242 -7.066420 30.618296 71.008874
2244 -7.969241 30.557312 71.008874
2246 -9.120800 30.732944 71.008874
2248 -10.182788 30.998503 71.008874
2249 -11.271396 31.136898 71.008874
2251 -12.371394 31.205862 71.008874
2253 -13.211159 31.212492 71.008874
2263 -13.315538 31.170839 71.008874
2265 -12.556702 31.593141 71.008874
2266 -12.251707 32.242541 71.008874
2268 -12.186887 32.682621 71.008874
2270 -12.153253 32.900013 71.008874
2271 -12.152434 32.904945 71.008874
2273 -12.152434 32.904945 71.008874
2275 -12.152434 32.904945 71.008874
2277 -12.152434 32.904945 71.008874
2287 -12.010250 32.771526 71.008874
2288 -11.963395 32.726456 71.008874
2290 -11.899464 32.364854 71.008874
2292 -11.834316 31.829342 71.008874
2294 -11.376659 31.091126 71.008874
2295 -10.712382 30.913411 71.008874
2297 -10.477694 30.901301 71.008874
2299 -10.315910 30.836589 71.008874
2300 -10.172575 30.258934 71.008874
2302 -10.334046 29.640700 71.008874
2304 -10.381196 29.133146 71.008874
2314 -12.419941 28.999505 71.008874
2324 -12.198541 28.742731 71.008874
2326 -12.198541 28.742731 71.008874
2327 -12.198541 28.742731 71.008874
2329 -12.198541 28.742731 71.008874
2331 -12.226505 28.731999 71.008874
2333 -12.351325 28.358706 71.008874
2334 -11.632899 27.651968 71.008874
2336 -10.566095 27.487680 71.008874
2338 -9.670959 26.827199 71.008874
2340 -9.504191 26.395900 71.008874
2341 -9.150669 25.587590 71.008874
2351 -6.987271 21.722084 71.008874
2353 -7.331762 20.848890 71.008874
2355 -7.614020 20.382682 71.008874
2356 -7.896823 19.791106 71.008874
2358 -8.130497 19.115519 71.008874
2360 -8.432546 18.141319 71.008874
2362 -8.673240 17.383691 71.008874
2363 -8.861235 16.993886 71.008874
2365 -9.185916 16.217674 71.008874
2367 -9.315087 15.688628 71.008874
2368 -9.488907 14.831170 71.008874
2379 -10.466877 11.353961 71.008874
2380 -10.575389 10.674076 71.008874
2382 -10.643912 10.028149 71.008874
2384 -10.827219 9.639863 71.008874
2385 -11.070299 8.956865 71.008874
2387 -11.253244 8.260577 71.008874
2389 -11.473626 7.414098 71.008874
2391 -11.699950 6.986521 71.008874
2392 -11.905129 6.359304 71.008874
2402 -11.859125 5.826816 71.008874
2404 -12.028234 5.024217 71.008874
2406 -12.516497 4.180989 71.008874
2408 -13.485473 3.710454 71.008874
2409 -14.646085 3.663036 71.008874
2411 -15.745807 3.641318 71.008874
2413 -16.778809 3.577752 71.008874
2414 -18.004759 3.478125 71.008874
2416 -19.037485 3.379216 71.008874
2418 -20.125534 3.222263 71.008874
2419 -21.159915 2.871773 71.008874
2430 -24.072194 3.269354 71.008874
2431 -24.049003 3.228196 71.008874
2433 -24.049003 3.228196 71.008874
2435 -23.637331 3.130088 71.008874
2437 -22.882248 3.291689 71.008874
2438 -22.595741 3.427786 71.008874
2449 -22.561348 3.448208 71.008874
2451 -22.561348 3.448208 71.008874
2452 -22.561348 3.448208 71.008874
2454 -22.573428 3.508985 71.008874
2456 -23.189389 3.712820 71.008874
2457 -24.277781 3.538476 71.008874
2459 -25.269152 3.242170 71.008874
2461 -26.235370 2.710232 71.008874
2463 -27.212087 2.265163 71.008874
2464 -27.718961 2.086475 71.008874
2475 -27.738232 1.790434 71.008874
2477 -27.815806 1.071817 71.008874
2478 -27.905586 0.448877 71.008874
2480 -27.927606 -0.165728 71.008874
2482 -27.940862 -0.600525 71.008874
2483 -27.895952 -1.373666 71.008874
2485 -27.862508 -1.654171 71.008874
2496 -27.833929 -1.729685 71.008874
2498 -27.833929 -1.729685 71.008874
2499 -27.833929 -1.729685 71.008874
2501 -27.833929 -1.729685 71.008874
2503 -27.833929 -1.729685 71.008874
2504 -27.902192 -1.731572 71.008874
2506 -28.053564 -1.979960 71.008874
2507 -28.010272 -2.590080 71.008874
2509 -27.767230 -3.278193 71.008874
2511 -27.361525 -4.048053 71.008874
2512 -26.798452 -4.585347 71.008874
2524 -26.392851 -4.967849 71.008874
2525 -26.651924 -5.270837 71.008874
2527 -27.376567 -5.353112 71.008874
2529 -27.760296 -5.451795 71.008874
2541 -27.829950 -5.761880 71.008874
2542 -27.830807 -6.335958 71.008874
2544 -27.888083 -6.932303 71.008874
2545 -27.817208 -7.556657 71.008874
2547 -27.817208 -7.556657 71.008874
2549 -27.817208 -7.556657 71.008874
2550 -27.817208 -7.556657 71.008874
2552 -27.817208 -7.556657 71.008874
2553 -27.817208 -7.556657 71.008874
2555 -27.817208 -7.556657 71.008874
2556 -27.817208 -7.556657 71.008874
2569 -27.756184 -7.880725 71.008874
2570 -27.876844 -8.570852 71.008874
2572 -28.023121 -8.902391 71.008874
2573 -28.120132 -9.662287 71.008874
2575 -28.101650 -9.752912 71.008874
2576 -28.039624 -10.196019 71.008874
2578 -27.745472 -10.898916 71.008874
2579 -27.590151 -11.075157 71.008874
2580 -27.532760 -11.134423 71.008874
2582 -27.523712 -11.138681 71.008874
2583 -27.523712 -11.138681 71.008874
2591 -27.595821 -11.171777 71.008874
2592 -27.708163 -11.485709 71.008874
2593 -27.666048 -11.988243 71.008874
2595 -27.615790 -12.479225 71.008874
2596 -27.659452 -12.850795 71.008874
2597 -27.725493 -13.300342 71.008874
2599 -27.866103 -13.830508 71.008874
2600 -27.855907 -14.144542 71.008874
2613 -27.783522 -14.478544 71.008874
2614 -27.751509 -15.071265 71.008874
2615 -27.815207 -15.753209 71.008874
2616 -27.836768 -16.282521 71.008874
2618 -27.801296 -16.906157 71.008874
2619 -27.766117 -17.254385 71.008874
2632 -27.745009 -17.463322 71.008874
2633 -27.745009 -17.463322 71.008874
2634 -27.588574 -17.251013 71.008874
2636 -27.611868 -16.651696 71.008874
2637 -27.668062 -16.377495 71.008874
2638 -27.804282 -15.842062 71.008874
2639 -27.873000 -15.575787 71.008874
2653 -27.911933 -15.430928 71.008874
2654 -27.911933 -15.430928 71.008874
2655 -27.911933 -15.430928 71.008874
2656 -27.911933 -15.430928 71.008874
2658 -27.911933 -15.430928 71.008874
2659 -27.957681 -15.342581 71.008874
2660 -27.976954 -15.319607 71.008874
2661 -28.078806 -15.353034 71.008874
2663 -28.200647 -15.793237 71.008874
2664 -28.200496 -16.179100 71.008874
2665 -28.062707 -16.653874 71.008874
2678 -27.089737 -20.344226 71.008874
2679 -27.089737 -20.344226 71.008874
2680 -27.089737 -20.344226 71.008874
2681 -27.089737 -20.344226 71.008874
2682 -27.094956 -20.282217 71.008874
2683 -27.123832 -20.222027 71.008874
2684 -27.259615 -20.132612 71.008874
2686 -27.699474 -20.208655 71.008874
2687 -27.966865 -20.665677 71.008874
2688 -27.979842 -20.968725 71.008874
2696 -27.951292 -21.174520 71.008874
2697 -28.063328 -21.096185 71.008874
2698 -28.070279 -20.700178 71.008874
2699 -27.732050 -20.340867 71.008874
2700 -27.467567 -20.272702 71.008874
2701 -26.911620 -20.205787 71.008874
2702 -26.274025 -20.081688 71.008874
2703 -25.695556 -19.804773 71.008874
2704 -25.343447 -19.517004 71.008874
2718 -24.914707 -19.231025 71.008874
2719 -24.555192 -19.325943 71.008874
2720 -23.947026 -19.219483 71.008874
2721 -23.324713 -19.031880 71.008874
2722 -22.694004 -18.874959 71.008874
2723 -22.069398 -18.776984 71.008874
2724 -21.643526 -18.739786 71.008874
2739 -21.191869 -18.834062 71.008874
2740 -20.971879 -19.052337 71.008874
2741 -20.721577 -19.215643 71.008874
2742 -20.415265 -19.280174 71.008874
2743 -20.382064 -19.269097 71.008874
2744 -20.042790 -19.186816 71.008874
2745 -19.447307 -19.252799 71.008874
2746 -18.880910 -19.568640 71.008874
2747 -18.446173 -19.942987 71.008874
2748 -18.230875 -20.189529 71.008874
2762 -18.060841 -20.396579 71.008874
2763 -17.849384 -20.420503 71.008874
2764 -17.645770 -20.295257 71.008874
2765 -17.506012 -19.883486 71.008874
2766 -17.511276 -19.549457 71.008874
2781 -17.579548 -19.272983 71.008874
2782 -17.591001 -19.300603 71.008874
2783 -17.822380 -19.409006 71.008874
2784 -18.399632 -19.321183 71.008874
2785 -19.019024 -19.125527 71.008874
2786 -19.637650 -18.936136 71.008874
2787 -20.279019 -18.855745 71.008874
2788 -21.055405 -18.915725 71.008874
2789 -21.695441 -19.028358 71.008874
2790 -22.326768 -19.182667 71.008874
2791 -23.075715 -19.400231 71.008874
2806 -26.648736 -23.895803 71.008874
2807 -26.046245 -24.131296 71.008874
2808 -25.435084 -24.345020 71.008874
2809 -24.818362 -24.514045 71.008874
2810 -24.438341 -24.575044 71.008874
2824 -24.057175 -24.594153 71.008874
2825 -24.057175 -24.594153 71.008874
2826 -24.196667 -24.686825 71.008874
2827 -24.659697 -24.721823 71.008874
2828 -25.041427 -24.676210 71.008874
2843 -25.230798 -24.695259 71.008874
2844 -25.042825 -24.881586 71.008874
2845 -24.607663 -25.086152 71.008874
2846 -23.961344 -25.141853 71.008874
2847 -23.313363 -25.187142 71.008874
2848 -22.759995 -25.254894 71.008874
2849 -22.477108 -25.289530 71.008874
2863 -22.221938 -25.351643 71.008874
2864 -21.886081 -25.434275 71.008874
2865 -21.343428 -25.388218 71.008874
2866 -21.046236 -25.347407 71.008874
2881 -20.767231 -25.396169 71.008874
2896 -20.355337 -25.540211 71.008874
2897 -20.355337 -25.540211 71.008874
2898 -20.355337 -25.540211 71.008874
2899 -20.423411 -25.548752 71.008874
2900 -20.495200 -25.485128 71.008874
2901 -20.456350 -25.341645 71.008874
2902 -20.061178 -25.157172 71.008874
2903 -19.444242 -25.102659 71.008874
2904 -19.059100 -25.222230 71.008874
2919 -18.840940 -25.362354 71.008874
2920 -18.855406 -25.402023 71.008874
2921 -19.092589 -25.515462 71.008874
2922 -19.651151 -25.531013 71.008874
2923 -20.289704 -25.440835 71.008874
2924 -20.927550 -25.345091 71.008874
2925 -21.570145 -25.265731 71.008874
2926 -22.211408 -25.196410 71.008874
2927 -22.856145 -25.137098 71.008874
2928 -23.502346 -25.096132 71.008874
2929 -24.146272 -25.058915 71.008874
2944 -27.488582 -26.008003 71.008874
2945 -27.565139 -25.743930 71.008874
2946 -27.683565 -25.299673 71.008874
2947 -27.733858 -25.059891 71.008874
2962 -27.760943 -24.908640 71.008874
2963 -27.696747 -25.158074 71.008874
2964 -27.719959 -25.696841 71.008874
2965 -27.798144 -26.215890 71.008874
2966 -27.807466 -26.330469 71.008874
2967 -27.807466 -26.330469 71.008874
2968 -27.807466 -26.330469 71.008874
2969 -27.802156 -26.485378 71.008874
2970 -27.791610 -26.680076 71.008874
2971 -27.791610 -26.680076 71.008874
2972 -27.791610 -26.680076 71.008874
2987 -27.791610 -26.680076 71.008874
2988 -27.791610 -26.680076 71.008874
2989 -27.791610 -26.680076 71.008874
2990 -27.791610 -26.680076 71.008874
2991 -27.791610 -26.680076 71.008874
2992 -27.774463 -26.783639 71.008874
2993 -27.767816 -27.198320 71.008874
2994 -27.786194 -27.707975 71.008874
2995 -27.778064 -28.062809 71.008874
2996 -27.763763 -28.292362 71.008874
3011 -27.752103 -28.436892 71.008874
3012 -27.752103 -28.436892 71.008874
3013 -27.797269 -28.491798 71.008874
3014 -27.893154 -28.494572 71.008874
3015 -28.015458 -28.297868 71.008874
3030 -28.008980 -27.864786 71.008874
3031 -28.008980 -27.864786 71.008874
3032 -28.008980 -27.864786 71.008874
3033 -28.008980 -27.864786 71.008874
3034 -28.133235 -27.750880 71.008874
3035 -28.223447 -27.341555 71.008874
3036 -28.200002 -26.834876 71.008874
3037 -28.083423 -26.523849 71.008874
3052 -27.949236 -26.315483 71.008874
3053 -27.941887 -26.322264 71.008874
3054 -27.941887 -26.322264 71.008874
3055 -27.941887 -26.322264 71.008874
3056 -27.941887 -26.322264 71.008874
3057 -27.941887 -26.322264 71.008874
3058 -27.941887 -26.322264 71.008874
3059 -27.941887 -26.322264 71.008874
3060 -27.959178 -26.312231 71.008874
3061 -28.004042 -26.311016 71.008874
3062 -28.092394 -26.376672 71.008874
3077 -27.717013 -31.366796 71.008874
3078 -27.620842 -31.515969 71.008874
3079 -27.524311 -31.838698 71.008874
3080 -27.451893 -32.315509 71.008874
3081 -27.259568 -32.829236 71.008874
3082 -26.983475 -33.227490 71.008874
3097 -26.713467 -33.522202 71.851654
3098 -26.675676 -33.541507 71.851654
3099 -26.389806 -33.569940 71.851654
3100 -25.874476 -33.325588 71.851654
3101 -25.399495 -32.882363 71.851654
3102 -24.937542 -32.425101 71.851654
3103 -24.453804 -31.991021 71.851654
3104 -23.986327 -31.657303 71.851654
3105 -23.714984 -31.507528 71.851654
3114 -23.504325 -31.397888 71.851654
3115 -23.487708 -31.439517 71.851654
3116 -23.579724 -31.729651 71.851654
3117 -24.066531 -32.068129 71.851654
3118 -24.653535 -32.345759 71.851654
3119 -25.241256 -32.617022 71.851654
3120 -25.808582 -32.934047 71.851654
3121 -26.352487 -33.289743 71.851654
3122 -26.877951 -33.672275 71.851654
3123 -27.330719 -34.100217 71.851654
3124 -27.508680 -34.414977 71.851654
3139 -27.463664 -35.342380 74.518321
3140 -27.463664 -35.342380 74.518321
3141 -27.463664 -35.342380 74.518321
3142 -27.463664 -35.342380 74.518321
3143 -27.382776 -35.417601 74.518321
3144 -27.314070 -35.788411 74.518321
3145 -27.352688 -36.282218 74.518321
3146 -27.520304 -36.768874 74.518321
3147 -27.550206 -37.346350 74.518321
3148 -27.242466 -37.889127 74.518321
3149 -26.839042 -38.261525 74.518321
3165 -26.395415 -38.541234 77.126002
3166 -26.376980 -38.548972 77.126002
3167 -26.128070 -38.548771 77.126002
3168 -25.718604 -38.213724 77.126002
3169 -25.534055 -37.779234 77.126002
3186 -25.523050 -37.452739 77.126002
3187 -25.464467 -37.558933 77.126002
3188 -25.447960 -37.967392 77.126002
3189 -25.472037 -38.213182 77.126002
3190 -25.524344 -38.523710 77.126002
3191 -25.541949 -38.717886 77.126002
3207 -25.534496 -38.896883 77.126002
3208 -25.458583 -38.965406 77.126002
3209 -25.230544 -39.028582 77.126002
3226 -24.980255 -39.000813 77.126002
3227 -24.980255 -39.000813 77.126002
3228 -25.034510 -39.098827 77.126002
3229 -25.345672 -39.148217 77.126002
3230 -25.923514 -39.033937 77.126002
3231 -26.375262 -38.872375 77.126002
3232 -26.349230 -38.887286 77.126002
3233 -26.390086 -38.843345 77.126002
3234 -26.535131 -38.695052 77.126002
3235 -26.808505 -38.534754 77.126002
3236 -27.253176 -38.583850 77.126002
3252 -27.583835 -39.530920 78.440935
3253 -27.583835 -39.530920 78.440935
3254 -27.583835 -39.530920 78.440935
3255 -27.583835 -39.530920 78.440935
3256 -27.583835 -39.530920 78.440935
3257 -27.583835 -39.530920 78.440935
3258 -27.583835 -39.530920 78.440935
3259 -27.583835 -39.530920 78.440935
3260 -27.583835 -39.530920 78.440935
3261 -27.583835 -39.530920 78.440935
3262 -27.583835 -39.530920 78.440935
3279 -27.583835 -39.530920 78.553041
3280 -27.583835 -39.530920 78.553041
3281 -27.583835 -39.530920 78.553041
3282 -27.527439 -39.648009 78.553041
3283 -27.411783 -40.066725 78.553041
3284 -27.364751 -40.327391 78.586133
3285 -27.364751 -40.327391 78.586133
3286 -27.364751 -40.327391 78.586133
3287 -27.364751 -40.327391 78.785406
3288 -27.364751 -40.327391 78.785406
3289 -27.364751 -40.327391 78.785406
3306 -27.364751 -40.327391 79.319734
3307 -27.364751 -40.327391 79.319734
3308 -27.364751 -40.327391 79.319734
3309 -27.357666 -40.334447 79.319734
3310 -27.357666 -40.334447 79.319734
3311 -27.367557 -40.335914 79.319734
3312 -27.317218 -40.228601 79.319734
3313 -27.317932 -40.120464 79.319734
3314 -27.337207 -40.043000 79.350490
3315 -27.369698 -39.981335 79.350490
3316 -27.562002 -39.833783 79.350490
3332 -27.921908 -39.921633 79.350490
3333 -27.856109 -40.060145 79.350490
3334 -27.846639 -40.519245 79.350490
3335 -27.865850 -40.780900 79.350490
3336 -27.896166 -41.144511 79.350490
3337 -27.870211 -41.543029 79.350490
3338 -27.801139 -41.798864 79.350490
3339 -27.689023 -42.198430 79.350490
3340 -27.606853 -42.391538 80.117540
3341 -27.418934 -42.772492 80.117540
3358 -27.135904 -43.177962 81.942542
3359 -27.006488 -43.299408 81.942542
3360 -26.902711 -43.381748 81.942542
3361 -26.781327 -43.439298 81.942542
3362 -26.360548 -43.489443 81.942542
3363 -26.096107 -43.475392 81.942542
3381 -25.931994 -43.458312 82.341364
3382 -25.786696 -43.602915 82.341364
3383 -25.445512 -43.961529 82.341364
3384 -25.090370 -44.455439 82.341364
3385 -24.944695 -44.901400 82.341364
3386 -24.870106 -45.446283 82.341364
3387 -24.766788 -45.935382 82.341364
3388 -24.705115 -46.085691 82.341364
3389 -24.580661 -46.380498 82.341364
3407 -24.449445 -46.704955 82.341364
3408 -24.358110 -46.750411 82.341364
3409 -24.136287 -46.772988 82.341364
3410 -24.025661 -46.742796 82.341364
3411 -23.982662 -46.717762 82.341364
3412 -23.862099 -46.536277 82.341364
3413 -23.815104 -46.106943 82.341364
3414 -23.837476 -45.893283 82.341364
3415 -23.801943 -45.460154 82.341364
3416 -23.721586 -45.261325 82.341364
3417 -23.522715 -44.868855 82.341364
3436 -22.115994 -42.593917 82.341364
3437 -21.974252 -42.755376 82.341364
3438 -21.718527 -43.143616 82.341364
3439 -21.287576 -43.581090 82.341364
3440 -20.669975 -43.739309 82.341364
3441 -20.070938 -43.509314 82.341364
3442 -19.675053 -43.090003 82.341364
3443 -19.535666 -42.805583 82.341364
3461 -19.574729 -42.567699 82.326304
3462 -19.642784 -42.528215 82.326304
3463 -19.735504 -42.538488 82.326304
3464 -19.845006 -42.696313 82.326304
3465 -19.857357 -43.169303 82.326304
3466 -19.853304 -43.675177 82.326304
3467 -19.900459 -44.158833 82.326304
3468 -19.984459 -44.580498 82.326304
3469 -20.187150 -45.078613 82.326304
3470 -20.315131 -45.389888 82.326304
3489 -20.400968 -45.733894 82.326304
3490 -20.232756 -45.875474 82.326304
3491 -20.038558 -46.307674 82.326304
3492 -20.010260 -46.485398 82.326304
3493 -19.949906 -46.951369 82.341364
3494 -19.920006 -47.415391 82.341364
3495 -19.832047 -47.835779 82.341364
3496 -19.749486 -48.066306 82.341364
3515 -19.675385 -48.227590 82.341364
3516 -19.675385 -48.227590 82.341364
3517 -19.675385 -48.227590 82.341364
3518 -19.675385 -48.227590 82.341364
3519 -19.675385 -48.227590 82.341364
3520 -19.675385 -48.227590 82.341364
3521 -19.675385 -48.227590 82.341364
3522 -19.647567 -48.177950 82.341364
3523 -19.373564 -48.089336 82.341364
3524 -18.792310 -48.097462 82.341364
3525 -18.150014 -48.195140 82.341364
3544 -13.851919 -48.988618 82.341364
3545 -13.851919 -48.988618 82.341364
3546 -13.822796 -48.969392 82.341364
3547 -13.733759 -48.709210 82.341364
3548 -13.827022 -48.448327 82.341364
3549 -14.020118 -48.199502 82.326304
3550 -14.369051 -47.726189 82.326304
3551 -14.457337 -47.523317 82.326304
3552 -14.553458 -47.115489 82.341364
3553 -14.560206 -46.896231 82.341364
3554 -14.538497 -46.481799 82.341364
3573 -14.269745 -45.425337 82.341364
3574 -14.269745 -45.425337 82.341364
3575 -14.328094 -45.494804 82.341364
3576 -14.679693 -45.525135 82.341364
3577 -15.289324 -45.428775 82.341364
3578 -15.927798 -45.306988 82.341364
3579 -16.569551 -45.224029 82.341364
3580 -17.212608 -45.174158 82.341364
3581 -17.860179 -45.118049 82.326304
3582 -18.504853 -45.057706 82.326304
3583 -19.142059 -44.944938 82.326304
3601 -22.545913 -47.747796 82.326304
3602 -22.545913 -47.747796 82.326304
3603 -22.566402 -47.776023 82.326304
3604 -22.852896 -47.840805 82.326304
3605 -23.296156 -47.491034 82.326304
3606 -23.474499 -47.116696 82.326304
3607 -23.544355 -46.819830 82.326304
3608 -23.653975 -46.362936 82.326304
3609 -23.886595 -45.843678 82.326304
3610 -24.176346 -45.373284 82.326304
3611 -24.517606 -44.876792 82.326304
3630 -27.453542 -46.311711 85.240954
3631 -27.542616 -46.250436 85.304281
3632 -27.601592 -46.212872 85.304281
3633 -27.610791 -46.208950 85.304281
3634 -27.690344 -46.236074 85.347878
3635 -27.827875 -46.444465 85.347878
3636 -27.838582 -46.931943 85.347878
3637 -27.774712 -47.412272 85.318347
3638 -27.669903 -47.865285 85.318347
3639 -27.669903 -47.865285 85.318347
3640 -27.669903 -47.865285 85.547298
3651 -27.416517 -48.865309 87.756141
3652 -27.491091 -48.930838 87.756141
3653 -27.622850 -48.890972 87.756141
3654 -27.744991 -48.571087 87.872295
3655 -27.790826 -48.040074 87.872295
3656 -27.756155 -47.601474 87.872295
3657 -27.729610 -47.221416 87.911889
3658 -27.769520 -46.919083 87.911889
3659 -27.826169 -46.427346 87.911889
3660 -27.864923 -46.119779 87.911889
3680 -27.899686 -45.867161 87.911889
3681 -27.805958 -45.907464 87.911889
3682 -27.674569 -45.919923 87.911889
3683 -27.592452 -45.912096 87.911889
3684 -27.592452 -45.912096 87.911889
3685 -27.592452 -45.912096 87.911889
3686 -27.592452 -45.912096 87.911889
3687 -27.592452 -45.912096 87.911889
3688 -27.651664 -45.937230 87.911889
3689 -27.862181 -45.859343 87.911889
3690 -28.002892 -45.394821 87.911889
3711 -24.415116 -44.013824 87.872295
3712 -24.415116 -44.013824 87.872295
3713 -24.415116 -44.013824 87.872295
3714 -24.415116 -44.013824 87.872295
3715 -24.415116 -44.013824 87.872295
3716 -24.403106 -43.976133 87.872295
3717 -24.447240 -43.863521 87.872295
3718 -24.797591 -43.728044 87.872295
3719 -25.369259 -43.783300 87.872295
3720 -26.014096 -43.841411 87.872295
3721 -26.661516 -43.899213 87.872295
3741 -33.198937 -44.577379 87.872295
3742 -33.198937 -44.577379 87.872295
3743 -33.198937 -44.577379 87.872295
3744 -33.198937 -44.577379 87.872295
3745 -33.198937 -44.577379 87.872295
3746 -33.212409 -44.540428 87.872295
3747 -33.391059 -44.453618 87.872295
3748 -33.664619 -44.589308 87.872295
3749 -33.783861 -44.735948 87.872295
3750 -33.990828 -45.083982 87.872295
3751 -34.391695 -45.443197 87.872295
3773 -39.995793 -43.636644 87.872295
3774 -40.419801 -43.630188 87.872295
3775 -40.923603 -43.569089 87.872295
3776 -41.563919 -43.491506 87.872295
3777 -42.208507 -43.430865 87.872295
3778 -42.855317 -43.402145 87.911889
3779 -43.502729 -43.402653 87.911889
3780 -44.147300 -43.426075 87.911889
3781 -44.794313 -43.451189 87.911889
3782 -45.441382 -43.473962 87.911889
3783 -46.088190 -43.503420 87.911889
3795 -47.493868 -43.593131 87.911889
3796 -47.409841 -43.786637 87.911889
3797 -47.495673 -44.261891 87.911889
3798 -47.760053 -44.803452 87.911889
3799 -48.074047 -45.275996 87.911889
3800 -48.501696 -45.764679 87.911889
3801 -49.034472 -46.127842 87.911889
3802 -49.635845 -46.373412 87.911889
3803 -50.258152 -46.560616 87.911889
3804 -50.890706 -46.709533 87.911889
3805 -51.528412 -46.835313 87.911889
3829 -53.912464 -48.446265 92.919429
3830 -53.912464 -48.446265 92.919429
3831 -53.707991 -48.471570 92.919429
3832 -53.250538 -48.279969 92.919429
3833 -52.995344 -47.914138 92.919429
3834 -52.883076 -47.630650 92.778555
3835 -52.672028 -47.106771 92.778555
3836 -52.588886 -46.914212 92.778555
3837 -52.371206 -46.514777 92.778555
3838 -52.059759 -46.043579 92.778555
3839 -51.884967 -45.787559 92.778555
3864 -51.743126 -45.572660 92.778555
3865 -51.743126 -45.572660 92.778555
3866 -51.765846 -45.624389 92.778555
3867 -52.038709 -45.704063 92.778555
3868 -52.496822 -45.377025 92.778555
3869 -52.693298 -44.910512 92.778555
3870 -52.788872 -44.425992 92.778555
3871 -52.795586 -44.231286 92.778555
3872 -52.808601 -43.786569 92.778555
3873 -52.860681 -43.339795 92.778555
3898 -52.930027 -42.976376 92.778555
3899 -52.863137 -43.114385 92.778555
3900 -52.864045 -43.578308 92.778555
3901 -52.913144 -43.801486 92.778555
3902 -53.033540 -44.197964 92.778555
3903 -53.086308 -44.719569 92.778555
3904 -53.071648 -45.023702 92.778555
3905 -53.007630 -45.382964 92.778555
3906 -52.973147 -45.675839 92.778555
3907 -52.943806 -46.039649 92.778555
3908 -52.933603 -46.334405 92.778555
3934 -52.554880 -50.449545 92.404006
3935 -52.487761 -50.535912 92.404006
3936 -52.448239 -50.890318 92.404006
3937 -52.486278 -51.438740 92.404006
3938 -52.520674 -51.897286 92.404006
3939 -52.518020 -52.182217 92.404006
3965 -52.481899 -52.429116 92.404006
3966 -52.421965 -52.559633 92.404006
3967 -52.403484 -52.908580 92.404006
3968 -52.429822 -53.111759 92.404006
3994 -52.447560 -53.252694 92.333852
3995 -52.447560 -53.252694 92.333852
3996 -52.447560 -53.252694 92.333852
3997 -52.447560 -53.252694 92.333852
3998 -52.447560 -53.252694 92.333852
3999 -52.447560 -53.252694 92.333852
4000 -52.447560 -53.252694 92.333852
4001 -52.451985 -53.243726 92.333852
4002 -52.509535 -53.224347 92.333852
4003 -52.594124 -53.278201 92.333852
4004 -52.695153 -53.618375 92.333852
4029 -52.462917 -55.073314 92.333852
4030 -52.462917 -55.073314 92.333852
4031 -52.357448 -55.026243 92.333852
4032 -52.279394 -54.738016 92.333852
4033 -52.283281 -54.433129 92.333852
4059 -52.363294 -54.105391 92.333852
4060 -52.318139 -54.173910 92.333852
4061 -52.301483 -54.529767 92.333852
4062 -52.378863 -55.036117 92.333852
4063 -52.477139 -55.523753 92.333852
4064 -52.537659 -56.037515 92.333852
4065 -52.553344 -56.518315 92.333852
4066 -52.536069 -56.957300 92.333852
4067 -52.482027 -57.185891 92.333852
4068 -52.435141 -57.537473 92.333852
4094 -52.409231 -57.876480 92.333852
4095 -52.346759 -58.011224 92.333852
4096 -52.348507 -58.460363 92.333852
4097 -52.418148 -58.950373 92.333852
4098 -52.475043 -59.451673 92.333852
4099 -52.444563 -59.975434 92.333852
4100 -52.369878 -60.434367 92.333852
4101 -52.357387 -60.583846 92.333852
4102 -52.294025 -61.029181 92.333852
4103 -52.193506 -61.529079 92.333852
4104 -52.139069 -61.705824 92.333852
4130 -51.215177 -63.114820 92.404006
4131 -51.215177 -63.114820 92.404006
4132 -51.215177 -63.114820 92.404006
4133 -51.215177 -63.114820 92.404006
4134 -51.256213 -63.097030 92.404006
4135 -51.333596 -62.953414 92.404006
4136 -51.245263 -62.762546 92.404006
4137 -51.131147 -62.643400 92.404006
4138 -50.902015 -62.505447 92.404006
4139 -50.602024 -62.452464 92.404006
4140 -50.439177 -62.425912 92.404006
4166 -50.011062 -60.243783 92.404006
4167 -49.881038 -60.382204 92.404006
4168 -49.694058 -60.777084 92.404006
4169 -49.589827 -61.322101 92.404006
4170 -49.515289 -61.801308 92.404006
4171 -49.432499 -62.218157 92.404006
4172 -49.374175 -62.507334 92.404006
4173 -49.265782 -62.938788 92.404006
4174 -49.020377 -63.440377 92.404006
4175 -48.700781 -63.890685 92.404006
4176 -48.457776 -64.410435 92.404006
4202 -48.582140 -65.564629 92.404006
4203 -48.582140 -65.564629 92.404006
4204 -48.582140 -65.564629 92.404006
4205 -48.582140 -65.564629 92.404006
4206 -48.591826 -65.562143 92.404006
4207 -48.717112 -65.401686 92.404006
4208 -48.736784 -64.960758 92.404006
4209 -48.724384 -64.726086 92.404006
4210 -48.718980 -64.236504 92.404006
4211 -48.830157 -63.850829 92.404006
4212 -49.252719 -63.534209 92.404006
4239 -52.536270 -65.516901 92.404006
4240 -52.536270 -65.516901 92.404006
4241 -52.536270 -65.516901 92.404006
4242 -52.545930 -65.555717 92.404006
4243 -52.578876 -65.707139 92.404006
4244 -52.578876 -65.707139 92.404006
4245 -52.578876 -65.707139 92.404006
4246 -52.578876 -65.707139 92.404006
4247 -52.514009 -65.872147 92.404006
4248 -52.472638 -66.123333 92.404006
4249 -52.472638 -66.123333 92.404006
4275 -52.537104 -67.058618 92.404006
4276 -52.537104 -67.058618 92.404006
4277 -52.579987 -67.135692 92.404006
4278 -52.707349 -67.182566 92.404006
4279 -52.899445 -66.986984 92.404006
4280 -53.007245 -66.532822 92.404006
4281 -53.002355 -66.141575 92.404006
4282 -52.973206 -65.936614 92.404006
4309 -52.950670 -65.785946 92.404006
4310 -52.907045 -65.804528 92.404006
4311 -52.719500 -65.824803 92.404006
4312 -52.544251 -65.746128 92.404006
4313 -52.360060 -65.503470 92.404006
4314 -52.114774 -65.024138 92.404006
4315 -52.025752 -64.778843 92.404006
4316 -51.895035 -64.416796 92.404006
4317 -51.644007 -63.889379 92.404006
4318 -51.270264 -63.359596 92.404006
4319 -50.808957 -62.912940 92.404006
4345 -48.231543 -56.135959 92.404006
4346 -48.231543 -56.135959 92.404006
4347 -48.231543 -56.135959 92.404006
4348 -48.231543 -56.135959 92.404006
4349 -48.312510 -56.118333 92.404006
4350 -48.408804 -55.890752 92.404006
4351 -48.422208 -55.417518 92.404006
4352 -48.344948 -55.138792 92.404006
4378 -48.252426 -54.914641 92.404006
4379 -48.191771 -55.049944 92.404006
4380 -48.179142 -55.484229 92.404006
4381 -48.213492 -55.973022 92.404006
4382 -48.229761 -56.217481 92.404006
4409 -48.241009 -56.386482 92.404006
4410 -48.241009 -56.386482 92.404006
4411 -48.203596 -56.372876 92.404006
4412 -48.096183 -56.190137 92.404006
4413 -48.112729 -55.696690 92.404006
4414 -48.158495 -55.482964 92.404006
4415 -48.272974 -55.085106 92.404006
4416 -48.296382 -54.846600 92.404006
4417 -48.275425 -54.482316 92.404006
4418 -48.237083 -53.958720 92.404006
4419 -48.232303 -53.741472 92.404006
4445 -47.776423 -44.702026 92.404006
4472 -47.848628 -44.447959 92.404006
4473 -47.738100 -44.504559 92.404006
4474 -47.346869 -44.509218 92.404006
4475 -46.723453 -44.418419 92.404006
4476 -46.078938 -44.358242 92.404006
4477 -45.431553 -44.352985 92.404006
4478 -44.787269 -44.382574 92.404006
4479 -44.141393 -44.428403 92.404006
4480 -43.495847 -44.478649 92.404006
4481 -42.853061 -44.532049 92.404006
4482 -42.207206 -44.577799 92.404006
4508 -28.017753 -45.271576 92.404006
4535 -28.017753 -45.271576 92.404006
4536 -27.953464 -45.410922 92.404006
4537 -27.910306 -45.873480 92.404006
4538 -27.948329 -46.361426 92.404006
4539 -27.975164 -46.795335 92.404006
4540 -27.968454 -47.005190 92.404006
4566 -27.947815 -47.171715 92.404006
4567 -27.889303 -47.239754 92.404006
4568 -27.841180 -47.541392 92.404006
4569 -27.848899 -47.928813 92.404006
4570 -27.842522 -48.163725 92.404006
4571 -27.785127 -48.644737 92.404006
4572 -27.619713 -49.152502 92.404006
4573 -27.336009 -49.677555 92.404006
4574 -26.941573 -50.177827 92.404006
4575 -26.475830 -50.620162 92.404006
4576 -25.910587 -50.939103 92.404006
4603 -21.906848 -52.394426 92.404006
4604 -21.839360 -52.450062 92.404006
4605 -21.631029 -52.522042 92.404006
4606 -21.118557 -52.463791 92.404006
4607 -20.481857 -52.346071 92.404006
4608 -19.839580 -52.265588 92.404006
4609 -19.192932 -52.247134 92.404006
4610 -18.547762 -52.323196 92.404006
4611 -18.056412 -52.415760 92.404006
4612 -17.831473 -52.463510 92.404006
4639 -17.688534 -52.503791 92.404006
4640 -17.638200 -52.592222 92.404006
4641 -17.668470 -52.978869 92.404006
4642 -17.995483 -53.514667 92.404006
4643 -18.365534 -53.973969 92.404006
4644 -18.694783 -54.431808 92.404006
4645 -18.830745 -54.764354 92.404006
4673 -18.893341 -55.067630 92.404006
4674 -18.783216 -55.113757 92.404006
4675 -18.565155 -55.124665 92.404006
4676 -18.457408 -55.093419 92.404006
4677 -18.420359 -55.078342 92.404006
4678 -18.420359 -55.078342 92.404006
4679 -18.420359 -55.078342 92.404006
4680 -18.420359 -55.078342 92.404006
4681 -18.420359 -55.078342 92.404006
4682 -18.460614 -55.091085 92.404006
4683 -18.641739 -55.002491 92.404006
4711 -14.707851 -52.373044 92.404006
4712 -14.648529 -52.525161 92.404006
4713 -14.658575 -52.989353 92.404006
4714 -14.705747 -53.131521 92.404006
4715 -14.826275 -53.559197 92.404006
4716 -14.885412 -54.116990 92.404006
4717 -14.894617 -54.607483 92.404006
4718 -14.883797 -54.769623 92.404006
4719 -14.884687 -55.234109 92.404006
4720 -14.952001 -55.759523 92.404006
4721 -14.995425 -55.918706 92.404006
4749 -15.348368 -57.397926 92.404006
4750 -15.348368 -57.397926 92.404006
4751 -15.399658 -57.489230 92.404006
4752 -15.728927 -57.549114 92.404006
4753 -15.957715 -57.404680 92.404006
4782 -15.943539 -57.134579 92.404006
4783 -15.828134 -57.252490 92.404006
4784 -15.496128 -57.585059 92.404006
4785 -14.956186 -57.930646 92.404006
4786 -14.331659 -58.084505 92.404006
4787 -13.779865 -58.204858 92.404006
4788 -13.500791 -58.283676 92.404006
4816 -13.304440 -58.342583 92.404006
4817 -13.304440 -58.342583 92.404006
4818 -13.320796 -58.367614 92.404006
4819 -13.408671 -58.383707 92.404006
4820 -13.536728 -58.239404 92.404006
4821 -13.598289 -57.780570 92.404006
4822 -13.574035 -57.291947 92.404006
4823 -13.547145 -56.794245 92.404006
4824 -13.617576 -56.341383 92.404006
4825 -13.698013 -56.180571 92.404006
4826 -13.904280 -55.752868 92.404006
4855 -14.558323 -53.971811 92.404006
4856 -14.558323 -53.971811 92.404006
4857 -14.579848 -54.010987 92.404006
4858 -14.812304 -54.085066 92.404006
4859 -15.345781 -53.978270 92.404006
4860 -15.927433 -53.691863 92.404006
4861 -16.464821 -53.335415 92.404006
4862 -17.047174 -53.062235 92.404006
4863 -17.614126 -52.944356 92.404006
4864 -18.325483 -52.911869 92.404006
4865 -18.972562 -52.932325 92.404006
4894 -23.018443 -53.101054 92.404006
4895 -23.011246 -53.130103 92.404006
4896 -23.071191 -53.244551 92.404006
4897 -23.449202 -53.341341 92.404006
4898 -24.057565 -53.344158 92.404006
4899 -24.456270 -53.273901 92.404006
4928 -24.786333 -53.192435 92.404006
4929 -24.786333 -53.192435 92.404006
4930 -24.824146 -53.256097 92.404006
4931 -25.164420 -53.319640 92.404006
4932 -25.621966 -52.932827 92.404006
4933 -25.862132 -52.506551 92.404006
4934 -25.966468 -52.247464 92.404006
4935 -26.027859 -51.918170 92.404006
4936 -26.224459 -51.380308 92.404006
4937 -26.600037 -50.862613 92.404006
4938 -27.027646 -50.379735 92.404006
4967 -27.632450 -49.463703 92.404006
4968 -27.567730 -49.602478 92.404006
4969 -27.590573 -50.045771 92.404006
4970 -27.675942 -50.521562 92.404006
4971 -27.778111 -51.018565 92.404006
4972 -27.819065 -51.343883 92.404006
4973 -27.827594 -51.668771 92.404006
4974 -27.832308 -51.978618 92.404006
4975 -27.818289 -52.303278 92.404006
4976 -27.814806 -52.648193 92.404006
4977 -27.832924 -52.922593 92.404006
5005 -27.655513 -60.808184 99.553505
5006 -27.599042 -60.926392 99.553505
5007 -27.567304 -61.349700 99.553505
5008 -27.600053 -61.828285 99.553505
5009 -27.637011 -62.148568 99.553505
5010 -27.685277 -62.469859 99.752997
5011 -27.703532 -62.778993 99.752997
5012 -27.689028 -63.108638 99.752997
5013 -27.684107 -63.453533 99.752997
5014 -27.698066 -63.728162 101.072352
5015 -27.704880 -64.243092 101.072352
5031 -26.763174 -66.201223 104.829101
5032 -26.731765 -66.221486 104.829101
5033 -26.677256 -66.371020 104.829101
5034 -26.772935 -66.545762 104.845126
5035 -26.946724 -66.724917 104.845126
5036 -27.151679 -66.884800 104.845126
5037 -27.244614 -66.975591 104.845126
5038 -27.244614 -66.975591 104.845126
5039 -27.244614 -66.975591 104.845126
5040 -27.244614 -66.975591 104.845126
5041 -27.244614 -66.975591 104.845126
5071 -27.590033 -67.058104 105.938191
5072 -27.653057 -67.229375 105.938191
5073 -27.746492 -67.683393 105.965751
5074 -27.735393 -68.175435 105.965751
5075 -27.737356 -68.310421 105.965751
5076 -27.742372 -68.655384 105.965751
5077 -27.745280 -68.855363 105.965751
5107 -27.747133 -68.982850 107.920806
5108 -27.747133 -68.982850 107.920806
5109 -27.747133 -68.982850 107.920806
5110 -27.747133 -68.982850 107.920806
5111 -27.783820 -68.970331 107.920806
5112 -27.870152 -68.761344 107.920806
5113 -27.921222 -68.310651 107.920806
5114 -27.904633 -68.131440 107.920806
5115 -27.890787 -67.671707 107.920806
5116 -27.902106 -67.492067 107.920806
5117 -27.916953 -67.262547 107.920806
5148 -27.920221 -67.115260 107.920806
5149 -27.853713 -67.315097 107.920806
5150 -27.888178 -67.778504 107.920806
5151 -27.956980 -68.192773 107.920806
5152 -28.007420 -68.734936 107.920806
5153 -27.985319 -68.920338 107.920806
5154 -27.933618 -69.241153 107.920806
5155 -27.905877 -69.429116 107.920806
5185 -27.878654 -69.578813 108.507052
5186 -27.878654 -69.578813 108.507052
5187 -27.878654 -69.578813 108.507052
5188 -27.878654 -69.578813 108.507052
5189 -27.878654 -69.578813 108.507052
5190 -27.878654 -69.578813 108.507052
5191 -27.880803 -69.569047 108.519585
5192 -27.903783 -69.526017 108.519585
5193 -27.961880 -69.517923 108.519585
5194 -28.132363 -69.676129 108.519585
5195 -28.217794 -70.155953 108.519585
5226 -27.729426 -73.417748 112.337440
5227 -27.729426 -73.417748 112.337440
5228 -27.729426 -73.417748 112.337440
5229 -27.729426 -73.417748 112.337440
5230 -27.785864 -73.421843 112.337440
5231 -27.891848 -73.260636 112.337440
5232 -27.960184 -72.787005 112.337440
5233 -27.923164 -72.534171 112.337440
5234 -27.797140 -72.139373 112.337440
5235 -27.733689 -71.624075 112.337440
5236 -27.763362 -71.321078 112.337440
5254 -27.825246 -71.094466 112.337440
5287 -27.957573 -71.415830 112.337440
5288 -27.880910 -71.613786 112.337440
5289 -27.858703 -72.116893 112.337440
5290 -27.920123 -72.597910 112.337440
5291 -27.964951 -73.065650 112.337440
5292 -27.947073 -73.318847 112.337440
5293 -27.843822 -73.694900 112.337440
5294 -27.738489 -74.206505 112.337440
5295 -27.711033 -74.419715 112.337440
5296 -27.633942 -74.827217 112.337440
5297 -27.402083 -75.397759 112.337440
5330 -25.552107 -78.209977 113.050875
5331 -25.552107 -78.209977 113.050875
5332 -25.552107 -78.209977 113.050875
5333 -25.552107 -78.209977 113.050875
5334 -25.639706 -78.162141 113.050875
5335 -25.733046 -77.850510 113.050875
5336 -25.721997 -77.347644 113.050875
5337 -25.591461 -76.879307 113.050875
5338 -25.555902 -76.702874 113.050875
5339 -25.434295 -76.248899 113.050875
5340 -25.314964 -75.737770 113.050875
5374 -24.882008 -75.069399 113.162275
5375 -24.882008 -75.069399 113.162275
5376 -24.882008 -75.069399 113.162275
5377 -24.882008 -75.069399 113.162275
5378 -24.960233 -75.051396 113.162275
5379 -25.037052 -74.885639 113.162275
5380 -24.899733 -74.683411 113.162275
5381 -24.493529 -74.609106 113.162275
5382 -23.954512 -74.683324 113.162275
5383 -23.635011 -74.754679 113.162275
5384 -23.262751 -74.797108 113.162275
5419 -21.630768 -73.594778 112.976548
5420 -21.630768 -73.594778 112.976548
5421 -21.691041 -73.675212 112.976548
5422 -22.035554 -73.707138 112.976548
5423 -22.262571 -73.498550 112.976548
5458 -22.256539 -73.288803 112.976548
5459 -22.080188 -73.486479 112.976548
5460 -21.745888 -73.935557 112.976548
5461 -21.447374 -74.348906 112.976548
5462 -21.034992 -74.683301 112.976548
5463 -20.404420 -74.763237 112.976548
5464 -19.824377 -74.481604 112.976548
5465 -19.348268 -74.043882 112.976548
5466 -18.961856 -73.611452 112.976548
5467 -18.589380 -73.230967 112.976548
5503 -18.292057 -72.952314 112.976548
5504 -18.292057 -72.952314 112.976548
5505 -18.292057 -72.952314 112.976548
5506 -18.292057 -72.952314 112.976548
5507 -18.292057 -72.952314 112.976548
5508 -18.284837 -72.891566 112.976548
5509 -18.336350 -72.790703 112.976548
5510 -18.586558 -72.693893 112.976548
5511 -19.085579 -72.925268 112.976548
5512 -19.544108 -73.381784 112.976548
5513 -19.757424 -73.661449 112.976548
5548 -25.085524 -71.292377 112.976548
5549 -25.007999 -71.446739 112.976548
5550 -25.022749 -71.900342 112.976548
5551 -25.128184 -72.424710 112.976548
5552 -25.237091 -72.912688 112.976548
5553 -25.298922 -73.262233 112.976548
5554 -25.367922 -73.455253 112.976548
5555 -25.510248 -73.913538 112.976548
5556 -25.598275 -74.286959 112.976548
5557 -25.679972 -74.525864 112.976548
5558 -25.862608 -75.012484 112.976548
5594 -30.373093 -87.559867 124.590291
5595 -30.188522 -87.776591 125.536371
5596 -29.946446 -88.218823 125.536371
5597 -29.713515 -88.769002 125.536371
5598 -29.470784 -89.214361 125.536371
5599 -29.199425 -89.726853 125.659622
5600 -28.860505 -90.251599 125.659622
5601 -28.544287 -90.737736 125.659622
5602 -28.281392 -91.171816 126.772002
5603 -28.106296 -91.469076 126.772002
5624 -27.955492 -91.728413 129.553466
5625 -27.955492 -91.728413 129.553466
5626 -27.929765 -91.713134 129.553466
5627 -27.836120 -91.485224 129.553466
5628 -27.834227 -90.951561 129.553466
5629 -27.849558 -90.807394 129.592363
5630 -27.838181 -90.383024 129.592363
5631 -27.761913 -89.904478 129.592363
5632 -27.628034 -89.550019 129.592363
5633 -27.541199 -89.403928 129.592363
5634 -27.466751 -89.303642 129.592363
5673 -25.109395 -91.908010 129.592363
5674 -24.922087 -92.102454 129.592363
5675 -24.582547 -92.565830 129.592363
5676 -24.384424 -92.878161 129.592363
5677 -24.224847 -93.172710 129.592363
5678 -23.941499 -93.672854 129.592363
5679 -23.623712 -94.090213 129.592363
5680 -23.375199 -94.357497 129.592363
5681 -23.234637 -94.601927 129.592363
5722 -23.248442 -94.865684 129.592363
5723 -23.248442 -94.865684 129.592363
5724 -23.182773 -94.831369 129.592363
5725 -23.072399 -94.520235 129.592363
5726 -23.228481 -93.955329 129.592363
5727 -23.540795 -93.428749 129.592363
5728 -23.872834 -92.947220 129.592363
5729 -24.209726 -92.465933 129.592363
5730 -24.529805 -92.000469 129.592363
5731 -24.826658 -91.528741 129.592363
5732 -25.094169 -91.082836 129.592363
5773 -36.083176 -87.138612 129.978231
5774 -36.083176 -87.138612 129.978231
5775 -36.155679 -87.228848 129.978231
5776 -36.551547 -87.237321 129.978231
5777 -37.143732 -87.005983 129.978231
5778 -37.708966 -86.685118 129.978231
5779 -38.278914 -86.372630 129.978231
5780 -38.860138 -86.081768 129.978231
5781 -39.452617 -85.814455 129.978231
5782 -40.034823 -85.525702 129.978231
5783 -40.616416 -85.235460 129.978231
5825 -43.787088 -83.909892 129.978231
5826 -43.787088 -83.909892 129.978231
5827 -43.840450 -83.994167 129.978231
5828 -44.192634 -84.058898 129.978231
5829 -44.807667 -84.014132 129.978231
5830 -45.446910 -83.911144 129.978231
5831 -46.090539 -83.842018 129.978231
5832 -46.737737 -83.827799 129.978231
5833 -47.383800 -83.868479 129.978231
5834 -48.027166 -83.941400 129.978231
5835 -48.662121 -84.066631 129.978231
5877 -49.511066 -84.313472 129.978231
5878 -49.511066 -84.313472 129.978231
5879 -49.511066 -84.313472 129.978231
5880 -49.511066 -84.313472 129.978231
5881 -49.511066 -84.313472 129.978231
5882 -49.511066 -84.313472 129.978231
5883 -49.514280 -84.293758 129.978231
5884 -49.450792 -84.201399 129.978231
5885 -49.110853 -84.111008 129.978231
5886 -48.505695 -84.135274 129.978231
5887 -47.864404 -84.240556 129.978231
5930 -43.791405 -84.917849 129.978231
5931 -43.594153 -85.123549 129.978231
5932 -43.152881 -85.490629 129.978231
5933 -42.573264 -85.782027 129.978231
5934 -41.964365 -86.009433 129.978231
5935 -41.356719 -86.240206 129.978231
5936 -40.752735 -86.480382 129.978231
5937 -40.161131 -86.749415 129.978231
5938 -39.584247 -87.048712 129.978231
5939 -39.017816 -87.367517 129.978231
5940 -38.450455 -87.684686 129.978231
5983 -28.292306 -97.333461 136.474542
5984 -28.292306 -97.333461 136.474542
5985 -28.292306 -97.333461 136.474542
5986 -28.292306 -97.333461 136.474542
5987 -28.292306 -97.333461 136.474542
5988 -28.292306 -97.333461 136.474542
5989 -28.292306 -97.333461 136.474542
5990 -28.292306 -97.333461 136.474542
5991 -28.292306 -97.333461 136.474542
5992 -28.292306 -97.333461 136.474542
5993 -28.292306 -97.333461 136.474542
6015 -27.596779 -96.817301 135.865303
6016 -27.538922 -96.975075 135.865303
6017 -27.558710 -97.444000 135.865303
6018 -27.646821 -97.923460 135.865303
6019 -27.690671 -98.053734 135.865303
6020 -27.788829 -98.471495 135.865303
6021 -27.783772 -98.673080 135.865303
6022 -27.746675 -99.121456 135.865303
6023 -27.744211 -99.321401 135.865303
6024 -27.743874 -99.776401 135.865303
6025 -27.748593 -99.976323 135.865303
