6 -113.000000 50.000000 -0.259302
7 -113.028568 49.979813 10.195097
8 -113.160105 49.799980 10.195097
9 -113.176568 49.295771 10.195097
10 -112.804144 48.799255 10.195097
11 -112.482191 48.588914 10.195097
12 -112.271715 48.496919 10.195097
13 -111.812899 48.443407 10.195097
14 -111.230564 48.691115 10.195097
15 -110.919343 49.191217 10.195097
16 -110.830668 49.396210 10.195097
17 -110.632184 49.760664 10.195097
18 -110.478674 50.035506 10.195097
19 -110.270573 50.335330 10.195097
20 -109.905638 50.833320 10.195097
21 -109.471415 51.313095 10.195097
22 -108.983753 51.741769 10.195097
23 -108.419195 52.063034 10.195097
24 -107.820955 52.313967 21.403271
25 -107.193750 52.484353 21.403271
26 -106.563044 52.641299 21.423819
27 -105.941264 52.830519 21.423819
28 -105.327959 53.045759 21.423819
29 -104.815971 53.200438 21.423819
30 -104.553773 53.264866 21.423819
31 -104.461419 53.287132 21.423819
32 -104.432012 53.268377 21.423819
33 -104.331452 52.978603 21.423819
34 -104.347456 52.426694 21.423819
35 -104.409865 52.209985 21.423819
36 -104.572420 51.861413 21.423819
37 -104.671109 51.388160 21.423819
38 -104.684458 50.833481 21.423819
39 -104.692190 50.603781 21.423819
40 -104.721732 50.189837 21.423819
41 -104.734448 49.700133 21.423819
42 -104.750028 49.465849 21.423819
43 -104.800098 49.053894 21.423819
44 -104.838629 48.550429 21.423819
45 -104.870932 48.086646 21.819717
46 -104.930931 47.555021 21.819717
47 -104.999811 47.024483 22.770596
48 -105.077311 46.561125 22.770596
49 -105.150330 46.276412 23.725514
50 -105.321142 45.959548 23.725514
51 -105.512581 45.466997 23.725514
52 -105.568127 45.182827 24.798791
53 -105.614674 44.846272 24.798791
54 -105.714788 44.305467 25.756165
55 -105.762279 44.079430 25.756165
56 -105.861783 43.681972 25.756165
57 -105.895751 43.386972 27.132638
58 -105.913629 43.047751 27.132638
59 -105.967592 42.611107 27.132638
60 -106.058949 42.362655 28.084516
61 -106.205335 41.869576 28.084516
62 -106.273825 41.577650 28.084516
63 -106.374384 41.252862 29.322006
64 -106.502595 40.718410 29.322006
65 -106.532047 40.480982 30.331832
66 -106.507433 40.141876 30.331832
67 -106.479228 39.612652 30.331832
68 -106.434838 39.102165 31.269475
69 -106.412436 38.872003 31.269475
70 -106.352721 38.461543 31.269475
71 -106.283987 38.167417 32.429925
72 -106.132222 37.835505 32.429925
73 -105.917320 37.324179 33.112234
74 -105.827280 37.027732 33.112234
76 -105.716926 36.537549 34.189180
76 -105.716926 36.537549 34.189180
77 -105.822274 36.428557 34.189180
78 -106.258809 36.412171 34.189180
79 -106.878044 36.559092 35.007714
80 -107.497376 36.756323 35.007714
81 -108.114129 36.961421 34.749677
82 -108.723080 37.188649 34.749677
83 -109.334050 37.410424 34.749677
84 -109.944067 37.627484 34.749677
85 -110.560065 37.834710 34.749677
87 -111.491591 38.112908 34.749677
87 -111.491591 38.112908 34.749677
88 -111.545957 38.088638 34.749677
89 -111.637741 37.917785 34.749677
90 -111.546577 37.447610 34.749677
91 -111.388064 37.164001 34.749677
92 -111.183129 36.862291 34.749677
93 -110.753316 36.415890 34.749677
94 -110.308913 35.951965 34.749677
95 -109.898376 35.462850 34.749677
96 -109.549755 35.011991 34.749677
98 -109.080449 34.256790 34.749677
98 -108.967022 34.045319 34.749677
99 -108.819429 33.753046 34.749677
100 -108.676537 33.417225 34.936801
101 -108.435629 32.884316 34.936801
102 -108.118903 32.360908 35.007714
103 -107.780434 31.902416 35.007714
104 -107.469405 31.482622 34.893267
105 -107.323205 31.261611 34.893267
106 -107.016654 30.792980 34.634377
107 -106.718649 30.321878 34.634377
109 -106.248581 29.561804 34.634377
109 -106.242913 29.553565 35.007714
110 -106.119043 29.490362 35.007714
111 -105.690802 29.531347 35.007714
112 -105.220577 29.962451 35.007714
113 -104.856704 30.473452 35.007714
114 -104.446815 30.971063 35.007714
115 -103.984736 31.428083 35.007714
116 -103.505157 31.866722 35.007714
117 -103.009351 32.287016 35.007714
118 -102.503329 32.694939 35.007714
120 -101.730557 33.289450 35.007714
120 -101.474609 33.489738 35.007714
121 -100.915975 33.936000 35.007714
122 -100.413818 34.348718 35.007714
123 -99.913469 34.763625 35.007714
124 -99.413425 35.178901 34.634377
125 -98.912187 35.592722 34.634377
126 -98.434071 36.032897 34.634377
127 -97.947620 36.451093 34.634377
128 -97.354215 36.694292 35.007714
129 -96.709872 36.742700 35.007714
131 -95.741229 36.646418 35.007714
131 -95.722051 36.640743 35.007714
132 -95.640379 36.640706 35.007714
133 -95.602596 36.653538 35.007714
134 -95.562056 36.725034 38.093832
135 -95.519031 37.084662 38.093832
136 -95.553113 37.565834 38.093832
137 -95.543086 37.811962 38.289686
138 -95.441037 38.183096 38.289686
139 -95.362248 38.419959 38.289686
140 -95.219850 38.734142 38.289686
142 -95.021420 39.552964 38.289686
142 -95.021420 39.552964 38.289686
143 -95.021420 39.552964 38.289686
144 -95.065460 39.606901 38.289686
145 -95.127022 39.637874 38.289686
146 -95.214404 39.609678 38.289686
147 -95.312698 39.354821 38.289686
148 -95.302096 38.860351 38.289686
149 -95.254472 38.423059 38.289686
150 -95.185020 37.912764 38.289686
151 -95.157606 37.661947 38.289686
153 -95.093534 37.031223 38.289686
154 -95.071708 36.949079 38.289686
154 -95.032117 36.657218 38.289686
155 -95.029367 36.382436 38.621498
156 -95.031920 36.047511 38.621498
157 -95.032120 35.732545 38.964857
158 -95.032689 35.397617 38.964857
159 -95.019890 35.082970 38.964857
160 -94.988174 34.749524 38.964857
161 -94.976213 34.434821 39.902131
162 -94.971689 34.099902 39.902131
164 -94.954196 33.445171 40.795344
165 -94.952102 33.285186 40.795344
165 -94.958030 33.133163 40.795344
166 -95.007418 32.827278 40.795344
167 -95.021431 32.515463 41.653092
168 -94.970683 32.184360 41.653092
169 -94.929271 31.636097 41.653092
170 -94.924671 31.161220 42.466223
171 -94.910529 30.909868 42.466223
172 -94.841747 30.531297 43.441226
173 -94.827312 30.282036 43.441226
175 -94.834733 29.567105 44.502810
176 -94.837748 29.497170 44.502810
176 -94.849479 29.232429 44.502810
177 -94.867737 28.682756 44.502810
178 -94.855623 28.208103 44.606054
179 -94.821760 27.689216 44.606054
180 -94.753504 27.219828 44.606054
181 -94.671553 26.952684 44.606054
182 -94.521970 26.653019 44.606054
183 -94.323430 26.172532 44.796653
184 -94.234527 25.912543 44.796653
187 -94.037763 25.262110 44.990000
188 -93.984141 24.901822 44.990000
189 -94.045479 24.350952 44.990000
190 -94.063469 24.131940 44.990000
191 -94.060042 23.717010 44.990000
192 -94.030427 23.500427 44.990000
193 -93.900243 23.106474 44.990000
194 -93.808690 22.615568 44.990000
195 -93.760573 22.401704 45.458774
196 -93.603837 22.017454 45.458774
197 -93.445900 21.506880 45.458774
199 -93.298072 20.771708 45.961942
200 -93.283837 20.647689 45.961942
201 -93.269302 20.283044 45.961942
202 -93.233704 20.000707 45.961942
203 -93.128483 19.651265 47.234099
204 -92.985349 19.109916 47.234099
205 -92.761784 18.624725 47.234099
206 -92.696210 18.462657 49.300103
207 -92.534387 18.080539 49.300103
208 -92.354461 17.592832 51.306336
209 -92.301528 17.433932 51.306336
211 -91.980467 16.639049 55.590108
212 -91.790515 16.345250 55.590108
213 -91.515866 16.070726 55.590108
214 -90.972399 15.843836 55.720195
215 -90.335741 15.726319 55.720195
216 -89.693523 15.626263 56.285879
217 -89.055388 15.503728 56.572963
218 -88.422419 15.355925 56.572963
219 -87.793981 15.190214 57.569611
220 -87.179250 14.979560 57.569611
221 -86.577351 14.734346 57.866226
224 -85.092148 14.075427 59.917445
225 -85.064658 14.087272 60.667126
226 -84.959098 14.251807 60.667126
227 -85.045277 14.721042 60.838312
228 -85.544629 15.116104 60.838312
229 -86.169496 15.292075 60.838312
230 -86.807501 15.416093 60.990000
231 -87.441524 15.559022 60.990000
232 -88.066491 15.737126 60.990000
233 -88.678106 15.956807 60.990000
234 -89.284479 16.190889 60.990000
237 -90.811743 17.144477 60.990000
238 -90.811743 17.144477 60.990000
239 -90.847246 17.113291 60.990000
240 -90.893566 16.802388 60.990000
241 -90.518504 16.357908 60.990000
242 -89.890110 16.219207 60.990000
243 -89.247537 16.269288 60.990000
244 -88.602283 16.347562 60.990000
245 -87.958094 16.412705 60.990000
246 -87.311711 16.449630 60.990000
247 -86.664392 16.464509 60.990000
251 -84.530039 16.516423 60.990000
252 -83.882688 16.529955 60.990000
253 -83.237904 16.546676 60.990000
254 -82.590583 16.561674 61.251124
255 -81.943144 16.570318 61.251124
256 -81.295666 16.575344 61.804370
257 -80.648254 16.582235 62.649024
258 -80.014741 16.714290 62.649024
259 -79.443912 17.022277 63.203957
260 -78.917079 17.402785 63.203957
261 -78.416606 17.817423 64.829778
264 -76.907416 19.143490 65.203222
265 -76.833707 19.384573 65.203222
266 -76.986681 19.911815 65.203222
267 -77.478899 20.327771 65.203222
268 -78.136307 20.607696 65.203222
269 -78.739577 20.849667 65.203222
270 -79.339863 21.098771 65.203222
271 -79.976377 21.424071 65.203222
272 -80.494684 21.770835 65.203222
273 -80.849103 22.235845 65.203222
274 -81.027822 22.715635 65.203222
278 -80.929234 24.465858 65.203222
279 -80.991154 24.921583 65.203222
280 -81.036296 25.384071 65.203222
281 -81.057869 25.693294 65.203222
282 -81.108858 26.115080 65.203222
283 -81.118195 26.584764 65.203222
284 -81.104984 27.054531 65.203222
285 -81.109632 27.529336 65.203222
286 -81.143927 27.998011 65.203222
287 -81.150003 28.472568 65.203222
288 -81.124761 28.941832 65.709209
293 -81.125231 30.956290 65.709209
294 -81.118043 31.481236 65.709209
295 -81.104344 31.900984 65.709209
296 -81.107823 32.115956 65.709209
297 -81.127541 32.620563 65.709209
298 -81.154569 33.044659 65.709209
299 -81.156685 33.337151 65.709209
300 -81.158672 33.722131 65.709209
301 -81.151765 33.997040 65.709209
302 -81.148753 34.467025 65.709209
303 -81.167942 35.026629 65.709209
308 -81.161961 36.661114 65.709209
309 -81.160034 37.166110 65.709209
310 -81.147915 37.610869 65.709209
311 -81.162056 37.885505 65.709209
312 -81.177294 38.270164 65.709209
313 -81.210636 38.548150 65.709209
314 -81.228753 39.062642 65.709209
315 -81.211383 39.547253 65.709209
316 -81.199797 40.021959 65.709209
317 -81.206001 40.344366 65.709209
318 -81.202181 40.679343 65.709209
323 -81.274699 42.567892 65.709209
324 -81.320590 42.812952 65.709209
325 -81.411842 43.186247 65.709209
326 -81.425269 43.675440 65.709209
327 -81.402090 43.953960 65.709209
328 -81.354300 44.366030 65.709209
329 -81.348509 44.605613 65.709209
330 -81.370150 44.969962 65.709209
332 -81.379383 45.614850 65.709209
333 -81.369835 45.789470 65.709209
334 -81.345914 46.213786 65.709209
339 -81.303723 47.837057 65.709209
340 -81.312335 48.271767 65.709209
341 -81.387987 48.556634 65.709209
342 -81.445065 48.926630 65.709209
343 -81.418705 49.177664 65.709209
344 -81.370099 49.680257 65.709209
345 -81.331909 50.151158 65.709209
346 -81.273855 50.720668 65.709209
347 -81.253967 51.187498 65.709209
348 -81.230813 51.442999 65.709209
349 -81.134213 51.815635 65.709209
355 -80.699208 53.451404 65.709209
356 -80.699208 53.451404 65.709209
357 -80.758341 53.530269 65.709209
358 -80.851317 53.564535 65.709209
359 -80.912539 53.555523 65.709209
360 -81.038809 53.397128 65.709209
361 -81.056596 52.924937 65.709209
362 -81.026404 52.672586 65.709209
363 -80.943969 52.297018 65.709209
364 -80.919479 51.743185 65.709209
365 -80.925108 51.503409 65.709209
371 -80.980126 49.040930 65.709209
372 -81.024914 48.767648 65.709209
373 -81.108330 48.532032 65.709209
374 -81.194101 47.983122 65.709209
375 -81.176743 47.761144 65.709209
376 -81.106866 47.352331 65.709209
378 -81.091691 47.113083 65.709209
379 -81.095923 46.638102 65.709209
380 -81.097822 46.103106 65.709209
381 -81.086427 45.608272 65.709209
382 -81.095294 45.443516 65.709209
388 -81.102203 42.864511 65.709209
389 -81.148201 42.697297 65.709209
390 -81.298836 42.242509 65.709209
391 -81.334925 41.714896 65.709209
392 -81.297267 41.539069 65.709209
393 -81.231338 41.069169 65.709209
394 -81.216755 40.589479 65.709209
395 -81.229227 40.139652 65.709209
396 -81.235960 39.874737 65.709209
397 -81.242891 39.404839 65.709209
398 -81.233933 38.975049 65.709209
404 -81.238958 36.737325 65.709209
405 -81.325184 36.486833 65.709209
406 -81.420885 35.871106 65.709209
407 -81.407568 35.386567 65.709209
408 -81.388481 35.062240 65.709209
409 -81.391717 34.737258 65.709209
410 -81.357786 34.208703 65.709209
411 -81.313670 33.876928 65.709209
412 -81.264531 33.545985 65.709209
413 -81.230571 33.027189 65.709209
414 -81.215239 32.482484 65.709209
420 -79.738033 30.421191 65.709209
421 -79.738033 30.421191 65.709209
423 -79.738033 30.421191 65.709209
424 -79.734972 30.440934 65.709209
425 -79.788397 30.551264 65.709209
426 -80.226582 30.599955 65.709209
427 -80.809837 30.348808 65.709209
428 -81.368681 30.016865 65.709209
429 -81.982563 29.650368 65.709209
430 -82.547960 29.329712 65.709209
431 -83.112678 29.007869 65.709209
437 -85.555093 26.921991 65.709209
438 -85.555093 26.921991 65.709209
439 -85.359246 26.848187 65.709209
440 -84.908079 27.061860 65.709209
442 -84.578442 27.674319 65.709209
443 -84.446519 28.145966 65.709209
444 -84.379139 28.306903 65.709209
445 -84.113306 28.782561 65.709209
446 -83.765282 29.313519 65.709209
447 -83.368036 29.779230 65.709209
448 -82.954252 30.225644 65.709209
454 -82.117232 32.776511 65.709209
455 -82.157249 33.114099 65.709209
457 -82.169907 33.398704 65.709209
458 -82.140477 33.872706 65.709209
459 -82.097305 34.400944 65.709209
460 -82.097942 34.565942 65.709209
461 -82.091210 35.035894 65.709209
462 -82.070196 35.269948 65.709209
463 -82.042082 35.724075 65.709209
464 -82.019026 35.902584 65.709209
465 -81.990926 36.371622 65.709209
471 -81.523031 38.616372 65.709209
472 -81.487993 38.966649 65.709209
474 -81.504447 39.611360 65.709209
475 -81.499445 39.776278 65.709209
476 -81.495439 40.246258 65.709209
477 -81.475990 40.445304 65.709209
478 -81.419694 40.932033 65.709209
479 -81.364930 41.103405 65.709209
480 -81.223405 41.551497 65.709209
481 -81.094636 42.065553 65.709209
482 -80.968907 42.492418 65.709209
489 -79.121159 45.112385 65.709209
490 -79.018791 45.473022 65.709209
491 -78.927379 46.015236 65.709209
492 -78.886874 46.175185 65.709209
493 -78.745175 46.680694 65.709209
494 -78.693605 46.853090 65.709209
495 -78.507819 47.284634 65.221624
496 -78.330831 47.768090 65.221624
497 -78.183364 48.068769 65.221624
503 -78.078201 48.226994 65.221624
504 -78.078201 48.226994 65.221624
505 -78.078201 48.226994 65.709209
507 -78.078201 48.226994 65.709209
508 -78.077802 48.236986 65.709209
509 -78.147487 48.388413 65.709209
510 -78.290315 48.466883 65.709209
511 -78.361582 48.459490 65.709209
512 -78.491513 48.329799 65.709209
513 -78.567015 47.865761 65.709209
514 -78.561079 47.385798 65.709209
520 -79.188813 45.274848 65.709209
522 -79.265228 45.058018 65.709209
523 -79.498210 44.576601 65.709209
524 -79.809857 44.040790 65.709209
525 -80.165706 43.549083 65.709209
526 -80.557272 43.074965 65.709209
527 -80.820962 42.566852 65.709209
528 -80.869302 42.336923 65.709209
529 -80.913568 41.884331 65.709209
530 -80.898786 41.704962 65.709209
531 -80.879284 41.185347 65.709209
537 -80.846937 38.669765 65.709209
539 -80.945620 38.062926 65.709209
540 -80.987619 37.918940 65.709209
541 -81.058732 37.500500 65.709209
542 -81.080710 36.951110 65.709209
543 -81.057249 36.752511 65.709209
544 -81.032895 36.258217 65.709209
545 -81.034268 35.763266 65.709209
546 -81.009824 35.584964 65.709209
547 -80.980411 35.060914 65.709209
548 -80.970855 34.591089 65.709209
554 -81.059562 32.065435 65.709209
556 -81.156796 31.453195 65.709209
557 -81.162952 31.288310 65.709209
558 -81.179783 30.813609 65.709209
559 -81.175904 30.318668 65.709209
560 -81.185073 30.113998 65.709209
561 -81.194253 29.614253 65.709209
562 -81.175971 29.134610 65.709209
563 -81.157509 28.970685 65.709209
564 -81.132187 28.516522 65.709209
565 -81.136589 28.301567 65.709209
571 -81.162047 25.613071 65.709209
573 -81.261312 25.287931 65.709209
574 -81.360169 24.641463 65.709209
575 -81.366977 24.141745 65.709209
576 -81.327419 23.603362 65.709209
577 -81.250119 23.111974 65.709209
578 -81.201380 22.556656 65.709209
579 -81.159627 22.397112 65.709209
580 -81.066369 21.936813 65.709209
581 -81.057313 21.772062 65.709209
582 -81.006074 21.305114 65.709209
588 -80.512619 19.120192 65.709209
589 -80.356154 18.714309 65.709209
591 -80.214576 18.412117 65.709209
592 -80.023810 18.045339 65.709209
593 -79.982528 17.901150 65.709209
594 -79.957578 17.866745 65.709209
595 -79.807880 17.553722 65.709209
596 -79.941744 17.002552 65.709209
597 -80.435905 16.591631 65.709209
598 -81.124083 16.422263 65.709209
599 -81.770023 16.377446 65.709209
605 -85.974133 16.371295 65.709209
607 -86.751611 16.377150 65.709209
608 -87.396604 16.380172 65.709209
609 -88.044102 16.381738 65.709209
610 -88.758750 16.396591 65.709209
611 -89.468881 16.454588 65.709209
612 -90.103901 16.580067 65.709209
613 -90.643457 16.933779 65.709209
614 -91.142572 17.437326 65.709209
615 -91.224234 17.551041 65.709209
616 -91.475473 17.900003 65.709209
623 -93.084996 20.697982 65.709209
624 -93.076098 21.162851 65.709209
625 -93.088721 21.394763 65.709209
626 -93.146509 21.863702 65.709209
627 -93.179553 22.243452 65.709209
628 -93.245973 22.510279 65.709209
629 -93.311071 23.035533 65.709209
630 -93.295015 23.234876 65.709209
631 -93.270673 23.709205 65.709209
632 -93.250814 24.041076 65.709209
633 -93.244760 24.413527 65.709209
640 -93.203303 26.901950 65.709209
641 -93.234097 27.405428 65.709209
642 -93.341977 27.990379 65.709209
643 -93.389079 28.467974 65.709209
644 -93.391369 28.632948 65.709209
645 -93.403210 29.142811 65.709209
646 -93.400131 29.607748 65.709209
647 -93.419570 30.072339 65.709209
648 -93.449750 30.252310 65.709209
649 -93.480883 30.715990 65.709209
650 -93.467521 30.930574 65.709209
657 -93.489993 33.857133 65.709209
658 -93.531053 34.460290 65.709209
659 -93.522692 34.900178 65.709209
660 -93.484917 35.448872 65.709209
661 -93.443007 35.886834 65.709209
662 -93.400065 36.469868 65.709209
663 -93.400600 36.949868 65.709209
664 -93.390906 37.349730 65.709209
665 -93.407850 37.584118 65.709209
666 -93.425350 38.083675 65.709209
667 -93.422368 38.398617 65.709209
674 -93.488980 40.870738 65.709209
675 -93.551377 41.392010 65.709209
676 -93.591902 41.865092 65.709209
677 -93.572218 42.389672 65.709209
678 -93.541018 42.953749 65.709209
679 -93.508157 43.477664 65.709209
680 -93.469480 43.950785 65.709209
681 -93.393806 44.394337 65.709209
682 -93.315263 44.647409 65.709209
683 -93.161962 45.086216 65.709209
684 -92.908150 45.573603 65.709209
691 -91.650824 46.700825 65.221624
692 -91.650824 46.700825 65.221624
693 -91.747115 46.624573 65.221624
694 -92.155401 46.690031 65.221624
695 -92.550569 47.157405 65.221624
696 -92.816956 47.643829 65.221624
697 -93.009480 48.082804 65.221624
698 -93.092330 48.437989 65.221624
699 -93.168328 48.856087 65.221624
700 -93.207917 49.173423 65.221624
701 -93.236347 49.547040 65.221624
708 -93.892270 51.742287 65.221624
709 -93.974151 52.229663 65.221624
710 -93.989629 52.804320 65.221624
711 -93.985704 53.104106 65.221624
712 -93.962889 53.488401 65.221624
714 -93.962439 54.058231 65.221624
715 -93.954715 54.267974 65.221624
716 -93.946094 54.682861 65.221624
717 -93.963166 55.267500 65.221624
718 -93.957156 55.417379 65.221624
719 -93.956883 55.862269 65.221624
723 -94.054019 57.504325 65.221624
724 -94.118214 57.914229 65.221624
725 -94.148319 58.252859 65.221624
726 -94.211976 58.773984 65.221624
727 -94.247656 59.247377 65.221624
728 -94.246813 59.467370 65.221624
729 -94.247753 59.917337 65.221624
730 -94.246546 60.282029 65.221624
731 -94.315890 60.675615 65.221624
732 -94.332027 60.967518 65.221624
733 -94.332535 61.332518 65.221624
739 -94.374370 63.681478 65.221624
741 -94.376363 63.913891 65.221624
742 -94.368104 64.398821 65.221624
743 -94.374809 64.603614 65.221624
744 -94.401804 65.112898 65.221624
745 -94.403688 65.327890 65.221624
746 -94.407980 65.817871 65.221624
747 -94.407249 66.382788 65.221624
748 -94.401304 66.777717 65.221624
749 -94.409792 67.030071 65.221624
750 -94.438799 67.581808 65.221624
755 -94.478044 69.440592 65.221624
756 -94.475954 69.640576 65.221624
757 -94.490238 70.185340 65.221624
758 -94.516907 70.694604 65.221624
759 -94.535200 71.219285 65.221624
760 -94.536733 71.454265 65.221624
761 -94.548356 71.929122 65.221624
762 -94.547699 72.263990 65.221624
763 -94.570364 72.588189 65.221624
764 -94.582159 73.068030 65.221624
765 -94.595392 73.602866 65.221624
772 -94.652970 76.621436 65.221624
773 -94.660327 76.826303 65.221624
774 -94.685967 77.310625 65.221624
775 -94.693291 77.562976 65.221624
776 -94.703041 77.977862 65.221624
777 -94.702849 78.247811 65.221624
778 -94.700071 78.662799 65.221624
779 -94.707255 79.182704 65.221624
780 -94.729741 79.697210 65.221624
781 -94.752530 80.221715 65.221624
782 -94.772305 80.706307 65.221624
786 -94.798312 82.650117 65.221624
787 -94.799404 82.890114 65.221624
788 -94.802362 83.255095 65.221624
789 -94.823535 83.769650 65.221624
790 -94.835237 84.239431 65.221624
791 -94.857264 84.668801 65.221624
792 -94.899675 84.927834 65.221624
793 -94.944617 85.345162 65.221624
794 -94.953659 85.615011 65.221624
795 -94.971183 86.129712 65.221624
796 -94.980416 86.514520 65.221624
805 -95.601226 90.049969 65.221624
806 -95.639599 90.236032 65.221624
807 -95.762015 90.720403 65.221624
808 -95.986800 91.246434 65.221624
809 -96.097433 91.424313 65.221624
810 -96.346372 91.804835 65.221624
811 -96.587947 92.304004 65.221624
812 -96.656402 92.502107 65.221624
813 -96.810733 92.929811 65.221624
814 -97.133012 93.478723 65.221624
815 -97.482254 93.981803 65.221624
824 -99.769076 96.983491 65.221624
825 -99.769076 96.983491 65.221624
826 -99.722749 97.021057 65.221624
827 -99.380845 97.003487 65.221624
828 -99.031676 96.599956 65.221624
829 -98.871036 96.214712 65.221624
830 -98.728005 95.945396 65.221624
831 -98.480092 95.448899 65.709210
832 -98.143292 94.915720 65.709210
833 -97.740822 94.418155 65.709210
834 -97.318588 93.933892 65.709210
844 -93.512559 89.224237 65.221624
845 -92.908755 89.005519 65.221624
846 -92.266906 88.922445 65.709210
847 -91.622398 88.905293 65.709210
848 -90.975634 88.934715 65.709210
849 -90.328905 88.965396 65.709210
850 -89.681593 88.980612 65.709210
851 -89.034302 88.969426 65.709210
852 -88.390536 88.930461 65.709210
853 -87.744647 88.884991 65.709210
854 -87.098122 88.849485 65.709210
860 -83.305983 88.640171 67.091132
861 -83.305983 88.640171 67.091132
862 -83.240968 88.685557 66.980744
863 -83.196819 88.774237 66.980744
864 -83.186737 88.822941 66.980744
865 -83.209475 88.870756 66.980744
866 -83.491580 88.962730 67.424773
867 -83.997379 88.826915 67.424773
868 -84.619705 88.649161 67.424773
869 -85.262687 88.593054 67.424773
870 -85.908216 88.665270 67.424773
882 -88.526763 92.752031 67.544504
883 -88.583841 92.890522 67.544504
884 -88.769157 93.305970 67.544504
885 -88.816955 93.504607 67.544504
886 -88.917471 93.948046 67.544504
887 -89.101681 94.439385 67.544504
888 -89.311951 94.974536 67.544504
889 -89.361275 95.072854 68.503577
890 -89.531141 95.434966 68.503577
891 -89.731489 95.973717 68.503577
892 -89.771901 96.118155 68.800146
904 -91.318118 100.890200 68.652895
905 -91.395805 101.343883 68.652895
906 -91.370090 101.901760 68.652895
907 -91.345310 102.066018 68.652895
908 -91.281111 102.460747 68.652895
909 -91.243560 102.969188 68.652895
910 -91.248202 103.198877 68.652895
911 -91.247775 103.623857 68.652895
912 -91.245357 104.148851 68.652895
913 -91.238221 104.443706 68.652895
914 -91.236894 104.768703 68.652895
928 -90.610426 109.458408 68.726269
929 -90.539600 109.525409 68.726269
930 -90.422369 109.654978 68.726269
931 -90.324394 109.935515 68.726269
932 -90.356330 110.477969 68.726269
933 -90.361624 110.642883 68.726269
934 -90.387065 111.117200 68.726269
935 -90.438650 111.639253 68.726269
936 -90.602808 112.157107 68.726269
937 -90.802602 112.532017 68.726269
950 -90.984276 112.765506 68.726269
951 -90.821207 112.603322 68.726269
952 -90.473847 112.181865 68.726269
953 -90.241746 111.659653 68.726269
954 -90.255681 111.511173 68.726269
955 -90.330190 111.062386 68.726269
956 -90.346919 110.858149 68.726269
957 -90.348072 110.398310 68.726269
958 -90.328027 110.222241 68.726269
959 -90.310579 109.830420 68.726269
960 -90.307391 109.312305 68.726269
973 -90.395592 104.760916 68.726269
974 -90.450545 104.329632 68.726269
975 -90.521880 104.135060 68.726269
976 -90.649858 103.668166 68.726269
977 -90.674092 103.174347 68.726269
978 -90.647588 102.780242 68.726269
979 -90.609121 102.520606 68.726269
980 -90.580023 102.151924 68.726269
981 -90.589616 101.887099 68.726269
982 -90.598183 101.472193 68.726269
983 -90.583406 101.257701 68.726269
996 -90.580447 96.909530 68.726269
997 -90.642657 96.673129 68.726269
998 -90.757214 96.197181 68.726269
999 -90.801582 95.734730 68.726269
1000 -90.802654 95.374823 68.726269
1001 -90.782109 95.080559 68.726269
1002 -90.772776 94.740802 68.726269
1003 -90.789355 94.446275 68.726269
1004 -90.799318 94.066457 68.726269
1005 -90.783574 93.821964 68.726269
1006 -90.757414 93.417817 68.726269
1019 -91.586992 88.400214 68.726269
1020 -92.154924 88.089594 68.726269
1021 -92.728208 87.783422 68.726269
1022 -93.284360 87.447015 69.060119
1023 -93.831075 87.095449 69.060119
1024 -94.369716 86.731668 69.060119
1025 -94.899540 86.355144 69.060119
1026 -95.420940 85.967065 69.060119
1027 -95.943494 85.580516 69.060119
1028 -96.458297 85.184005 69.060119
1029 -96.944192 84.752290 69.060119
1043 -103.576297 81.907646 68.839669
1044 -103.608299 81.902461 68.839669
1045 -103.728469 81.964962 68.839669
1046 -103.736792 82.071310 68.839669
1047 -103.543370 82.203510 68.839669
1048 -103.054958 82.271411 68.839669
1049 -102.414969 82.234548 68.839669
1050 -101.772759 82.175059 68.839669
1051 -101.125847 82.149070 68.839669
1052 -100.478370 82.144981 68.839669
1053 -99.830877 82.147946 68.839669
1067 -95.288340 78.644227 68.839669
1068 -95.274048 78.630254 68.839669
1069 -95.034616 78.557270 68.839669
1070 -94.562864 78.798582 68.839669
1071 -94.365853 79.287885 68.839669
1072 -94.305737 79.824347 68.839669
1073 -94.082860 80.344774 68.839669
1074 -93.774581 80.800143 68.839669
1075 -93.392296 81.310268 68.839669
1076 -92.963234 81.791252 68.839669
1077 -92.446791 82.182519 68.839669
1091 -83.273705 83.211140 68.839669
1092 -83.273705 83.211140 68.839669
1093 -83.258722 83.224378 68.839669
1094 -83.239426 83.300377 68.839669
1095 -83.285650 83.384434 68.839669
1096 -83.622557 83.513010 68.839669
1097 -84.242377 83.508804 68.839669
1098 -84.885069 83.414425 68.839669
1099 -85.517382 83.287164 68.839669
1100 -86.155635 83.164200 68.839669
1101 -86.794264 83.058043 68.839669
1116 -90.005500 82.648024 68.839669
1117 -90.077524 82.669026 68.839669
1118 -90.122799 82.753594 68.839669
1119 -90.052584 82.862104 68.839669
1120 -89.714478 82.944997 68.839669
1121 -89.105582 82.934969 68.839669
1122 -88.460681 82.877014 68.839669
1123 -87.814980 82.829199 68.839669
1124 -87.167954 82.805260 68.839669
1125 -86.523004 82.800799 68.839669
1126 -85.875868 82.822119 68.839669
1142 -76.350282 80.882188 68.839669
1143 -76.350282 80.882188 68.839669
1144 -76.270957 80.936522 68.839669
1145 -76.194259 81.271921 68.839669
1146 -76.539322 81.692230 68.839669
1147 -77.165717 81.838138 68.839669
1148 -77.812053 81.875478 68.839669
1149 -78.455159 81.967877 68.839669
1150 -79.090946 82.103002 68.839669
1151 -79.716124 82.279498 68.839669
1152 -80.302863 82.556890 68.839669
1168 -90.640350 82.637086 68.839669
1169 -91.151608 82.542207 68.839669
1170 -91.791260 82.442504 68.839669
1171 -92.394234 82.337988 68.839669
1172 -92.847622 82.094394 68.839669
1173 -93.013486 81.876616 68.839669
1174 -93.124214 81.652844 68.839669
1175 -93.210909 81.178073 68.839669
1176 -93.177056 80.719820 68.839669
1177 -93.136817 80.519708 68.839669
1178 -93.047291 80.135649 68.839669
1194 -93.104393 74.420372 68.839669
1195 -93.135314 73.922826 68.839669
1196 -93.217245 73.439760 68.839669
1197 -93.268965 73.083723 68.839669
1198 -93.278900 72.788891 68.839669
1199 -93.281540 72.408931 68.839669
1200 -93.277670 72.163967 68.839669
1201 -93.264639 71.759185 68.839669
1202 -93.274694 71.514392 68.839669
1203 -93.285346 71.109580 68.839669
1204 -93.255303 70.866468 68.839669
1221 -93.142565 65.434872 68.839669
1222 -93.161968 65.214250 68.839669
1223 -93.278111 64.905446 68.839669
1224 -93.380156 64.351530 68.839669
1225 -93.372295 63.851878 68.839669
1226 -93.352412 63.625421 68.839669
1227 -93.294645 63.290374 68.839669
1228 -93.238562 62.758583 68.839669
1229 -93.235947 62.271265 68.839669
1230 -93.245809 62.056614 68.839669
1231 -93.257010 61.641810 68.839669
1247 -93.181059 55.517403 68.839669
1248 -93.212037 55.325405 68.839669
1249 -93.286730 54.892081 68.839669
1250 -93.319280 54.433360 68.839669
1251 -93.287118 54.208301 68.839669
1252 -93.238579 53.710880 68.839669
1253 -93.238443 53.308389 68.839669
1254 -93.246599 53.063528 68.839669
1255 -93.252413 52.548570 68.839669
1256 -93.233125 52.069063 68.839669
1257 -93.205507 51.544790 68.839669
1273 -93.095954 43.515583 68.839669
1274 -93.143581 43.098364 68.839669
1275 -93.206790 42.622580 68.839669
1276 -93.243549 42.144313 68.839669
1277 -93.247042 41.609325 68.839669
1278 -93.247642 41.324326 68.839669
1279 -93.248188 40.979327 68.839669
1280 -93.248925 40.459327 68.839669
1281 -93.241731 39.984466 68.839669
1282 -93.219388 39.449933 68.839669
1283 -93.207129 38.970178 68.839669
1300 -93.104117 31.092646 68.839669
1301 -93.120204 30.678361 68.839669
1302 -93.210283 30.418654 68.839669
1303 -93.309879 29.904060 68.839669
1304 -93.326528 29.424607 68.839669
1305 -93.285197 28.896228 68.839669
1306 -93.254057 28.417273 68.839669
1307 -93.252347 27.932276 68.839669
1308 -93.236277 27.397544 68.839669
1309 -93.243099 26.912621 68.839669
1310 -93.253181 26.762984 68.839669
1327 -93.105115 19.784039 68.839669
1328 -93.025487 19.312778 68.839669
1329 -92.712919 18.761161 68.839669
1330 -92.270309 18.285701 68.839669
1331 -91.795018 17.842353 68.839669
1332 -91.319173 17.399564 68.839669
1333 -90.848347 16.962431 68.839669
1334 -90.312285 16.611190 68.839669
1335 -89.688005 16.458445 68.839669
1336 -89.041270 16.438050 68.839669
1337 -88.394293 16.463656 68.839669
1353 -79.442760 18.523833 68.839669
1354 -79.510410 18.761391 68.839669
1355 -79.654076 19.208464 68.839669
1356 -79.728657 19.565642 68.839669
1357 -79.769162 19.857801 68.839669
1358 -79.845224 20.235081 68.839669
1359 -79.929659 20.465051 68.839669
1360 -80.089426 20.933552 68.839669
1361 -80.265879 21.422461 68.839669
1362 -80.447719 21.775663 68.839669
1363 -80.636927 21.988623 68.839669
1380 -80.952827 27.766249 68.839669
1381 -80.996953 27.957874 68.839669
1382 -81.105467 28.393823 68.839669
1383 -81.142112 28.917186 68.839669
1384 -81.131934 29.066840 68.839669
1385 -81.108305 29.516194 68.839669
1386 -81.108249 29.716159 68.839669
1387 -81.112979 30.166134 68.839669
1388 -81.109098 30.366067 68.839669
1389 -81.102173 30.815998 68.839669
1390 -81.099912 31.015969 68.839669
1406 -79.052404 37.855657 68.839669
1407 -79.052404 37.855657 68.839669
1408 -78.993276 37.855423 68.839669
1409 -78.854897 37.682176 68.839669
1410 -78.812691 37.219985 68.839669
1411 -78.843433 36.892142 68.839669
1412 -78.940942 36.611187 68.839669
1413 -79.007302 36.262930 68.839669
1414 -79.030117 35.958794 68.839669
1415 -79.077849 35.441091 68.839669
1416 -79.209651 34.960561 68.839669
1433 -80.967004 28.980344 68.839669
1434 -80.932910 28.603071 68.839669
1435 -80.987690 28.066087 68.839669
1436 -81.035818 27.942839 68.839669
1437 -81.155534 27.614261 68.839669
1438 -81.218366 27.112944 68.839669
1439 -81.185500 26.915839 68.839669
1440 -81.134356 26.428799 68.839669
1441 -81.139092 26.278874 68.839669
1442 -81.147800 25.828967 68.839669
1443 -81.149722 25.293973 68.839669
1459 -80.339505 18.940601 68.839669
1460 -80.095229 18.448502 68.839669
1461 -79.931668 18.147946 68.839669
1462 -79.864990 17.874387 68.839669
1463 -79.905042 17.473753 68.839669
1464 -79.901642 17.483157 68.839669
1465 -79.889550 17.353721 68.839669
1466 -79.914244 16.956948 68.839669
1467 -80.295777 16.498300 68.839669
1468 -80.916677 16.345261 68.839669
1469 -81.561076 16.360870 68.839669
1486 -91.751138 17.915872 68.839669
1487 -92.184949 18.369236 68.839669
1488 -92.592686 18.831061 68.839669
1489 -92.892348 19.299961 68.839669
1490 -92.964928 19.488910 68.839669
1491 -93.069507 19.925525 68.839669
1492 -93.106211 20.398887 68.839669
1493 -93.095692 20.598611 68.839669
1494 -93.077385 21.038220 68.839669
1495 -93.058580 21.237318 68.839669
1496 -93.041581 21.726956 68.839669
1512 -93.232398 27.505390 68.839669
1513 -93.223919 27.919943 68.839669
1514 -93.258718 28.156362 68.839669
1515 -93.382389 28.499473 68.839669
1516 -93.452606 29.018658 68.839669
1517 -93.447996 29.238356 68.839669
1518 -93.421829 29.622462 68.839669
1519 -93.402791 30.142080 68.839669
1520 -93.416868 30.358402 68.839669
1521 -93.469505 30.774834 68.839669
1522 -93.472089 30.994570 68.839669
1539 -93.474866 36.580183 68.839669
1540 -93.499127 37.014506 68.839669
1541 -93.502525 37.229479 68.839669
1542 -93.509398 37.664425 68.839669
1543 -93.500748 37.879244 68.839669
1544 -93.481554 38.313821 68.839669
1545 -93.480878 38.528820 68.839669
1546 -93.479509 38.963818 68.839669
1547 -93.470236 39.178617 68.839669
1548 -93.456272 39.613384 68.839669
1549 -93.460462 39.828343 68.839669
1565 -93.532565 45.604338 68.839669
1566 -93.514205 46.018791 68.839669
1567 -93.541326 46.235958 68.839669
1568 -93.641540 46.638034 68.839669
1569 -93.663067 47.132001 68.839669
1570 -93.649973 47.351420 68.839669
1571 -93.613801 47.764805 68.839669
1572 -93.607171 48.004519 68.839669
1573 -93.619852 48.369298 68.839669
1574 -93.632309 48.894140 68.839669
1575 -93.630218 49.138958 68.839669
1592 -93.667704 54.478587 68.839669
1593 -93.708572 54.961367 68.839669
1594 -93.793322 55.433651 68.839669
1595 -93.820869 55.802455 68.839669
1596 -93.810493 56.067251 68.839669
1597 -93.801697 56.482150 68.839669
1598 -93.816624 56.696631 68.839669
1599 -93.830884 57.186380 68.839669
1600 -93.835931 57.556314 68.839669
1601 -93.819290 57.820791 68.839669
1602 -93.802532 58.235434 68.839669
1618 -93.847486 63.788133 68.839669
1619 -93.868885 64.152484 68.839669
1620 -93.880542 64.667318 68.839669
1621 -93.861852 64.885979 68.839669
1622 -93.810495 65.297652 68.839669
1623 -93.800984 65.537223 68.839669
1624 -93.811744 65.902064 68.839669
1625 -93.817347 66.186967 68.839669
1626 -93.813509 66.551947 68.839669
1627 -93.807801 66.836850 68.839669
1628 -93.798559 67.201715 68.839669
1645 -93.857125 73.073889 68.839669
1646 -93.848662 73.288705 68.839669
1647 -93.845079 73.778683 68.839669
1648 -93.846236 74.158681 68.839669
1649 -93.845852 74.423670 68.839669
1650 -93.840774 74.793604 68.839669
1651 -93.818076 75.057624 68.839669
1652 -93.798711 75.472138 68.839669
1653 -93.810815 75.686797 68.839669
1654 -93.827262 76.121444 68.839669
1655 -93.823644 76.336414 68.839669
1671 -93.849630 82.000324 68.839669
1672 -93.904102 82.516781 68.839669
1673 -93.928816 82.755239 68.839669
1674 -93.934054 83.120115 68.839669
1675 -93.875808 83.636573 68.839669
1676 -93.813242 83.867240 68.839669
1677 -93.657428 84.197299 68.839669
1678 -93.477682 84.657835 68.839669
1679 -93.389548 84.896154 68.839669
1680 -93.215134 85.216693 68.839669
1681 -92.980882 85.713970 68.839669
1698 -84.679313 90.761620 68.839669
1699 -84.468938 91.150727 68.839669
1700 -84.306448 91.366297 68.839669
1701 -84.008041 91.816015 68.839669
1702 -83.815005 92.183215 69.447103
1703 -83.716941 92.429391 69.447103
1704 -83.466299 92.926428 69.447103
1705 -83.103636 93.438457 70.376843
1706 -82.708831 93.916433 70.376843
1707 -82.283254 94.401065 70.376843
1708 -81.891013 94.881096 71.590642
1726 -78.232913 100.295798 78.140003
1727 -78.232913 100.295798 78.140003
1728 -78.274126 100.220623 78.140003
1729 -78.595211 100.154511 78.140003
1730 -79.059763 100.513304 78.140003
1731 -79.213203 100.866262 78.140003
1732 -79.337512 101.100280 78.140003
1733 -79.556231 101.527386 78.140003
1734 -79.634808 101.727506 78.140003
1735 -79.816133 102.193404 78.140003
1736 -80.105936 102.720466 78.140003
1756 -85.882404 109.452018 78.140003
1757 -85.882404 109.452018 78.140003
1758 -85.806374 109.400753 78.140003
1759 -85.753168 109.134772 78.140003
1760 -85.776104 108.666080 78.140003
1761 -85.815603 108.373751 78.140003
1781 -85.853777 108.136809 78.140003
1782 -85.853777 108.136809 78.140003
1783 -85.853777 108.136809 78.140003
1784 -85.853777 108.136809 78.140003
1785 -85.853777 108.136809 78.140003
1786 -85.853777 108.136809 78.140003
1787 -85.853777 108.136809 78.140003
1788 -85.853777 108.136809 78.140003
1789 -85.902593 108.142857 78.140003
1790 -86.000825 108.076056 78.140003
1791 -86.043289 107.841201 78.140003
1811 -85.495226 99.904241 78.140003
1812 -85.513700 99.614925 78.140003
1813 -85.589142 99.405757 78.140003
1814 -85.717059 98.938694 78.140003
1815 -85.723836 98.489630 78.140003
1816 -85.656098 98.002033 78.140003
1817 -85.603218 97.658698 78.140003
1818 -85.584504 97.386855 78.140003
1819 -85.546841 96.963537 78.140003
1820 -85.531215 96.719050 78.140003
1821 -85.497445 96.225225 78.140003
1841 -88.417745 88.327655 78.140003
1842 -89.036917 88.129910 78.140003
1843 -89.656123 87.932441 78.140003
1844 -90.265368 87.706134 78.140003
1845 -90.853836 87.430625 78.140003
1846 -91.424678 87.119805 78.140003
1847 -91.991055 86.800938 78.140003
1848 -92.538121 86.464306 78.140003
1849 -92.995882 86.030190 78.140003
1850 -93.195173 85.567999 78.140003
1851 -93.230080 85.385381 78.140003
1872 -93.084101 77.680569 78.140003
1873 -93.131387 77.152684 78.140003
1874 -93.177638 76.654928 78.140003
1875 -93.166432 76.465726 78.140003
1876 -93.137817 76.021752 78.140003
1877 -93.141184 75.531858 78.140003
1878 -93.136225 75.327085 78.140003
1879 -93.124395 74.932360 78.140003
1880 -93.115076 74.402451 78.140003
1881 -93.093751 73.912966 78.140003
1882 -93.098102 73.723125 78.140003
1902 -93.132120 65.613128 78.140003
1903 -93.179020 65.419219 78.140003
1904 -93.282242 64.935596 78.140003
1905 -93.310085 64.456510 78.140003
1906 -93.299241 63.961629 78.140003
1907 -93.305767 63.811782 78.140003
1908 -93.297578 63.361958 78.140003
1909 -93.270946 62.832629 78.140003
1910 -93.275553 62.682700 78.140003
1911 -93.285100 62.232846 78.140003
1912 -93.253872 61.698844 78.140003
1932 -93.219870 54.023060 78.140003
1933 -93.228337 53.773203 78.140003
1934 -93.239147 53.303382 78.140003
1935 -93.231931 52.903481 78.140003
1936 -93.245441 52.638835 78.140003
1937 -93.247869 52.223916 78.140003
1938 -93.206069 52.013103 78.140003
1939 -93.163361 51.525414 78.140003
1940 -93.161334 51.045464 78.140003
1941 -93.175196 50.655740 78.140003
1942 -93.197463 50.391726 78.140003
1962 -93.094914 42.456908 78.140003
1963 -93.124744 42.153543 78.140003
1964 -93.193369 41.947181 78.140003
1965 -93.266343 41.519051 78.140003
1966 -93.278491 41.183414 78.140003
1967 -93.246700 40.860044 78.140003
1968 -93.225430 40.510757 78.140003
1969 -93.229048 40.235788 78.140003
1970 -93.217850 39.735922 78.140003
1971 -93.209826 39.261066 78.140003
1972 -93.208826 38.901075 78.140003
1992 -93.083286 31.156914 78.140003
1993 -93.100200 30.792341 78.140003
1994 -93.105376 30.267384 78.140003
1995 -93.112423 29.767489 78.140003
1996 -93.102948 29.548003 78.140003
1997 -93.085703 29.133414 78.140003
1998 -93.077413 28.633540 78.140003
1999 -93.069950 28.393690 78.140003
2001 -93.045784 27.919334 78.140003
2002 -93.033134 27.389492 78.140003
2002 -93.037241 27.264658 78.140003
2023 -92.939704 19.056836 78.140003
2024 -92.600450 18.591909 78.140003
2025 -92.126342 18.147676 78.140003
2026 -91.641029 17.715301 78.140003
2027 -91.169227 17.268256 78.140003
2028 -90.696638 16.844587 78.140003
2029 -90.136644 16.542325 78.140003
2030 -89.501936 16.437751 78.140003
2031 -88.854630 16.439832 78.140003
2032 -88.207806 16.469336 78.140003
2033 -87.560920 16.497284 78.140003
2053 -76.315028 16.484177 78.140003
2054 -76.306850 16.489932 78.140003
2055 -76.302077 16.509351 78.140003
2056 -76.307227 16.583644 78.140003
2057 -76.350495 16.711373 78.140003
2058 -76.361632 16.739230 78.140003
2059 -76.448867 16.803776 78.140003
2060 -76.437859 16.804405 78.140003
2061 -76.537158 16.792585 78.140003
2062 -76.940742 16.790115 78.140003
2063 -77.496823 17.075771 78.140003
2083 -81.611058 24.986130 78.264296
2084 -81.611058 24.986130 78.264296
2085 -81.611058 24.986130 78.264296
2086 -81.473099 24.898599 78.264296
2087 -81.385835 24.457810 78.264296
2088 -81.395219 24.154140 78.264296
2089 -81.443290 23.848103 78.264296
2090 -81.434352 23.334027 78.264296
2091 -81.302554 22.791217 78.264296
2092 -81.185416 22.515629 78.264296
2093 -81.008427 22.208102 78.264296
2114 -71.142029 15.699491 78.264296
2115 -70.626350 15.656370 78.264296
2116 -69.979406 15.594386 78.264296
2117 -69.340236 15.508272 78.264296
2118 -68.699391 15.415704 78.264296
2119 -68.057006 15.316650 78.264296
2120 -67.419869 15.216277 78.264296
2121 -66.775444 15.131549 78.264296
2122 -66.130675 15.049363 78.264296
2123 -65.493662 14.949391 78.264296
2124 -64.859821 14.817177 78.264296
2146 -58.251598 13.822649 83.919606
2147 -58.836642 14.117139 83.919606
2148 -59.434192 14.372568 83.919606
2149 -60.099772 14.633555 83.919606
2150 -60.805374 14.965563 83.744494
2151 -61.484069 15.349835 83.744494
2152 -62.090703 15.728235 83.744494
2153 -62.418254 15.939918 83.744494
2155 -62.418254 15.939918 83.744494
2156 -62.418254 15.939918 83.919606
2157 -62.418254 15.939918 83.919606
2180 -60.649795 23.919534 83.744494
2181 -60.636407 24.153724 83.744494
2182 -60.744576 24.727531 83.744494
2183 -60.813456 25.014243 83.744494
2185 -60.919105 25.477274 83.744494
2186 -61.001531 25.990568 83.744494
2187 -61.040005 26.262863 83.744494
2188 -61.113451 26.691480 83.744494
2189 -61.212796 26.995667 83.744494
2190 -61.371989 27.537526 83.744494
2191 -61.513390 28.063716 83.744494
2218 -62.972642 37.369064 83.744494
2219 -62.458352 37.677024 83.744494
2220 -61.758720 38.021822 83.744494
2221 -61.123679 38.350312 83.744494
2223 -60.441717 38.728834 83.744494
2224 -59.769515 39.124471 83.744494
2225 -59.099312 39.523497 83.744494
2226 -58.488607 39.895318 83.744494
2227 -57.936667 40.238616 83.744494
2228 -57.271226 40.645517 83.744494
2230 -56.607195 41.054723 83.744494
2261 -51.565920 43.894217 83.744494
2262 -51.205364 43.824647 83.744494
2263 -50.472635 43.949332 83.744494
2264 -49.708839 44.093545 83.744494
2266 -48.999403 44.156682 83.744494
2267 -48.224675 44.165691 83.744494
2268 -47.447473 44.144166 83.744494
2269 -46.738048 44.115947 83.744494
2270 -45.960970 44.090331 83.744494
2271 -45.183837 44.066528 83.744494
2273 -44.473942 44.054788 83.744494
2308 -34.662180 43.350901 91.507925
2310 -34.298744 42.653006 91.507925
2312 -34.047560 41.925926 91.507925
2314 -33.416466 40.977824 91.547694
2316 -32.614800 39.986481 91.547694
2318 -32.190582 39.398409 91.772002
2320 -31.664337 38.514251 91.850859
2322 -30.989828 37.651855 91.850859
2324 -30.281741 36.762421 93.862561
2326 -29.937218 36.142781 95.444331
2328 -29.300547 35.142749 95.444331
2368 -26.352820 30.752383 97.732392
2370 -26.352820 30.752383 97.732392
2372 -26.365999 30.795154 97.732392
2373 -26.985402 30.922299 97.732392
2375 -28.198956 30.715841 97.732392
2377 -29.266552 30.440734 97.732392
2379 -30.406393 30.177214 97.732392
2381 -31.647255 29.793596 98.379370
2383 -32.783484 29.317199 98.379370
2385 -33.959111 28.762359 98.379370
2387 -35.149704 28.253086 98.379370
2432 -35.458527 27.248464 98.379370
2434 -35.030296 26.565979 98.379370
2436 -34.637899 25.761701 98.379370
2438 -34.037303 24.752291 98.379370
2440 -33.382628 23.744334 98.379370
2442 -32.784623 22.884959 98.379370
2444 -32.098743 21.889836 98.379370
2446 -31.382698 20.859378 98.379370
2448 -30.769318 19.970824 98.311446
2450 -30.410995 19.328545 98.311446
2452 -29.807025 18.324632 98.191346
2501 -27.643775 12.872929 110.618717
2503 -28.590966 11.665635 110.618717
2506 -29.390456 10.327292 111.038464
2509 -29.877820 9.353443 111.038464
2511 -30.376560 8.307447 111.038464
2513 -30.799772 7.436157 111.038464
2516 -31.960690 6.528633 111.038464
2518 -33.442105 5.588787 110.669330
2521 -34.823606 4.615524 110.865777
2524 -35.990458 3.718102 111.175629
2555 -35.969946 2.381672 111.547392
2558 -35.527122 1.653643 111.547392
2560 -34.484061 0.560215 111.734420
2563 -33.372065 -0.112991 111.440121
2565 -32.332578 -0.892460 111.440121
2567 -31.362658 -1.758006 111.440121
2569 -30.378850 -2.607702 111.440121
2570 -29.484308 -3.361804 111.703628
2572 -28.484217 -4.192297 112.774556
2574 -27.491218 -4.926507 112.774556
2576 -26.473304 -5.834232 115.271942
2637 -21.390028 -10.613604 119.519792
2639 -22.921684 -11.415770 119.519792
2642 -24.407129 -12.064122 119.519792
2645 -25.785930 -12.924004 119.519792
2647 -27.119492 -13.852100 119.957078
2649 -28.440285 -14.798391 119.957078
2652 -29.577063 -15.769251 119.957078
2654 -30.793935 -16.744627 119.519792
2657 -32.114166 -17.692033 119.519792
2659 -33.332851 -18.557936 119.519792
2661 -34.557810 -19.414952 119.519792
2695 -36.701115 -21.811365 120.948339
2697 -35.104174 -21.848657 120.948339
2700 -33.641615 -22.157069 120.948339
2702 -32.133939 -22.556681 120.948339
2705 -30.570423 -22.970755 120.948339
2707 -29.126130 -23.356454 120.948339
2709 -27.567203 -23.810261 120.948339
2712 -26.648440 -24.818615 120.948339
2714 -26.303873 -25.697990 120.948339
2717 -25.823837 -26.557445 120.948339
2719 -25.153743 -27.483821 128.129703
2755 -22.927546 -29.720783 130.418176
2757 -23.692039 -29.199640 130.418176
2760 -23.907376 -28.106078 130.556734
2763 -24.393557 -27.075824 130.556734
2765 -25.607379 -25.841739 130.418176
2768 -26.159343 -24.946896 129.847067
2770 -26.308038 -24.059403 130.418176
2772 -26.277304 -23.304872 130.556734
2775 -26.331917 -22.252282 130.418176
2777 -26.296468 -21.453343 130.418176
2780 -26.317108 -20.228992 130.556734
2847 -29.151519 4.588472 130.556734
2849 -29.175649 5.357772 130.418176
2851 -29.291937 6.224606 130.418176
2854 -29.460911 6.990963 130.418176
2856 -29.960018 8.129504 130.418176
2859 -30.089951 8.465856 130.418176
2861 -30.190021 8.650472 130.418176
2863 -30.572741 9.561407 130.418176
2866 -30.685100 10.205365 130.418176
2868 -30.911640 10.469946 130.556734
2870 -32.258235 10.487175 130.556734
2939 -76.150228 15.418543 130.418176
2941 -77.767416 15.446208 130.418176
2944 -79.443638 15.557331 130.418176
2946 -81.054460 15.727677 130.418176
2949 -82.726768 15.887609 130.418176
2951 -84.341086 15.987282 130.424310
2954 -85.953200 16.118995 130.424310
2956 -87.565784 16.244814 130.424310
2959 -89.175923 16.414939 130.424310
2962 -90.733281 16.986827 130.424310
2964 -92.018472 18.160660 130.424310
3033 -93.412872 43.808399 130.556734
3036 -93.251000 43.105024 130.418176
3038 -93.458612 42.469794 130.418176
3041 -93.449773 41.700515 130.418176
3043 -93.427897 40.786491 130.556734
3046 -93.450880 39.976900 130.556734
3048 -93.368482 39.012874 130.556734
3051 -93.401324 37.913575 130.556734
3053 -93.372322 37.124250 130.700959
3056 -93.350264 36.345588 130.700959
3058 -93.333472 35.491723 130.700959
3128 -80.905885 15.424506 130.418176
3130 -79.289864 15.304716 130.418176
3133 -77.690299 15.048771 130.418176
3135 -76.082251 14.833152 130.556734
3138 -74.478235 14.589118 130.700959
3140 -72.873861 14.347777 130.700959
3143 -71.264954 14.138821 130.424310
3145 -69.657462 13.961259 130.418176
3148 -68.059132 13.716059 130.700959
3150 -66.464066 13.433398 130.700959
3153 -64.732334 13.181555 130.424310
3223 -44.220285 0.094054 130.418176
3225 -45.396721 -1.196541 130.418176
3228 -46.578888 -2.351825 130.700959
3231 -47.228340 -3.204194 130.700959
3233 -47.912814 -4.280270 130.418176
3236 -48.627994 -5.268184 130.556734
3239 -49.422696 -6.573457 130.700959
3242 -50.430336 -8.026164 130.700959
3245 -50.496936 -8.399169 130.700959
3320 -50.496936 -8.399169 130.700959
3323 -50.553658 -7.902201 130.700959
3326 -49.228762 -6.322542 130.700959
3329 -48.040509 -4.883684 130.700959
3332 -47.408168 -3.753999 130.700959
3335 -46.680869 -2.729305 130.700959
3338 -45.489180 -1.317650 130.700959
3341 -44.764630 -0.346485 130.700959
3344 -44.764630 -0.346485 130.700959
3347 -44.764630 -0.346485 130.700959
3350 -44.812367 0.672225 130.700959
3427 -49.796986 2.181234 130.700959
3430 -47.875325 1.917638 130.700959
3433 -45.880751 1.349650 130.700959
3436 -44.818307 0.584778 130.700959
3439 -45.353008 -0.380288 130.700959
3442 -47.181621 -0.680577 130.700959
3445 -49.120486 -0.744406 130.700959
3448 -51.056888 -0.857868 130.700959
3451 -52.991588 -1.030333 130.700959
3454 -54.921365 -1.228290 130.700959
3457 -56.726566 -1.358210 130.700959
3535 -59.821574 -2.023231 130.700959
3538 -57.983151 -1.632056 130.700959
3541 -56.047174 -1.551298 130.700959
3544 -54.107710 -1.516325 130.700959
3547 -52.167433 -1.383322 130.700959
3550 -50.238784 -1.198476 130.700959
3553 -48.368005 -1.040586 130.700959
3556 -46.507844 -0.764208 130.700959
3559 -44.818677 -0.142366 130.700959
3562 -44.559138 0.831394 130.700959
3565 -44.811698 1.997940 130.700959
3644 -80.403028 15.269168 130.700959
3647 -82.269902 15.487142 130.700959
3650 -84.133280 15.735981 130.700959
3653 -86.063478 15.953156 130.700959
3656 -87.861622 16.199129 130.700959
3659 -89.784525 16.502869 130.700959
3661 -91.356047 17.608662 130.700959
3664 -92.538320 18.998042 130.700959
3667 -93.162646 20.088251 130.424310
3670 -93.163158 20.949878 130.424310
3673 -93.030433 22.019381 130.700959
3753 -93.620342 55.464688 130.700959
3756 -93.595982 56.934004 130.700959
3759 -93.587991 57.683768 130.700959
3762 -93.534434 58.817316 130.700959
3765 -93.237756 60.305395 130.700959
3768 -91.898648 61.515933 130.700959
3771 -90.090466 61.579851 130.424310
3774 -88.083047 61.583768 130.424310
3776 -86.208421 61.621236 130.700959
3779 -84.331597 61.671528 130.700959
3782 -82.392477 61.729344 130.700959
3863 -75.911576 60.604884 130.700959
3866 -74.278683 59.563616 130.700959
3869 -73.135945 58.107505 130.700959
3872 -71.998215 57.011587 130.700959
3954 -71.848647 56.871396 130.700959
3957 -72.097200 57.496706 130.700959
3960 -71.915493 58.356517 130.700959
3963 -71.921112 59.390778 130.700959
3966 -71.987110 60.512170 130.700959
3969 -72.007923 61.566834 130.700959
3971 -72.034121 62.608631 130.700959
3974 -72.078911 63.569719 130.700959
3977 -72.078789 64.854142 130.700959
3980 -72.170525 66.005179 130.700959
4064 -72.552808 65.501658 130.556734
4067 -74.232045 64.528423 130.556734
4070 -75.655506 63.296797 130.700959
4073 -77.499265 62.699302 130.700959
4076 -79.339425 62.062652 130.700959
4079 -81.267591 61.911774 130.700959
4082 -83.207565 61.910879 130.700959
4085 -85.020017 61.905498 130.700959
4088 -86.958940 61.844081 130.700959
4091 -88.900522 61.784620 130.700959
4094 -90.841930 61.725069 130.700959
4178 -93.298748 32.461284 130.700959
4181 -93.464274 33.473128 130.700959
4184 -93.327440 34.576437 130.700959
4187 -93.339208 35.901153 130.700959
4190 -93.343296 36.866102 130.700959
4193 -93.324174 38.095649 130.700959
4196 -93.363166 39.249615 130.700959
4199 -93.351712 40.381907 130.700959
4202 -93.435736 41.516936 130.700959
4205 -93.425103 42.626147 130.700959
4208 -93.407344 44.080357 130.700959
4293 -89.655745 67.914131 130.700959
4296 -88.627744 66.476015 130.700959
4298 -87.237558 65.124875 130.700959
4301 -87.078401 64.932005 130.700959
4304 -86.788453 64.570797 130.700959
4307 -87.509311 63.100128 130.700959
4310 -89.283138 62.486409 130.700959
4313 -91.164063 61.972666 130.700959
4316 -92.843062 61.128940 130.700959
4319 -93.044770 60.149473 130.700959
4322 -93.226091 59.000095 130.700959
4407 -93.227356 27.274732 130.700959
4410 -93.234235 25.745439 130.700959
4413 -93.209283 24.361584 130.700959
4416 -93.170065 22.852421 130.700959
4419 -93.217482 21.654048 130.700959
4422 -93.112700 20.557254 130.700959
4425 -93.060701 19.394237 130.700959
4428 -91.969500 17.935622 130.700959
4431 -90.484763 16.696468 130.700959
4434 -88.724415 16.373781 130.700959
4437 -86.783967 16.291242 130.700959
4522 -31.605618 13.118627 130.700959
4525 -29.795121 13.128073 130.700959
4528 -27.858225 13.018741 130.700959
4531 -25.919601 12.897866 130.700959
4534 -24.046860 12.806013 130.700959
4537 -22.113162 12.685688 130.700959
4540 -20.175924 12.582270 130.700959
4543 -18.364329 12.527657 130.700959
4546 -16.427868 12.413392 130.700959
4549 -14.489076 12.346974 130.700959
4552 -12.548157 12.268647 130.700959
4596 -9.944711 11.811928 130.700959
4599 -11.656036 12.194154 130.700959
4602 -13.393550 12.716934 130.700959
4605 -15.302334 13.115318 130.700959
4608 -17.194023 13.577093 130.700959
4611 -19.093117 14.019124 130.700959
4614 -20.956483 14.584078 130.700959
4617 -22.810167 15.164504 130.700959
4620 -24.672358 15.741804 130.700959
4623 -26.399344 16.304798 130.700959
4626 -28.283755 16.768850 130.700959
4711 -63.021107 41.790818 130.700959
4713 -64.887135 41.688801 130.700959
4716 -66.300076 42.299022 130.700959
4802 -65.681575 41.641811 130.700959
4805 -63.912316 40.825803 130.700959
4808 -62.455013 39.741733 130.700959
4811 -62.346208 38.565422 130.700959
4814 -62.569779 37.032753 130.700959
4816 -62.955488 36.024157 130.700959
4819 -63.594963 34.650933 130.700959
4822 -63.480908 33.414627 130.700959
4825 -63.488547 32.282483 130.700959
4828 -63.444506 30.844507 130.700959
4831 -63.453392 29.345151 130.700959
4917 -44.700119 2.447040 130.700959
4920 -44.611894 1.263948 130.700959
4923 -44.956490 0.112568 130.700959
4926 -46.490890 -1.026523 130.700959
4929 -48.273876 -1.815987 130.700959
4932 -50.033466 -2.655571 130.700959
4935 -51.802730 -3.475360 130.700959
4938 -53.566430 -4.307012 130.700959
4941 -55.207350 -5.094198 130.700959
4944 -56.942915 -5.973755 130.700959
4947 -58.383836 -7.283242 130.700959
5033 -60.277499 -9.569631 130.700959
5036 -60.339281 -9.028284 130.700959
5039 -58.778546 -7.940455 130.700959
5042 -57.220113 -6.623659 130.700959
5045 -55.656372 -5.384925 130.700959
5048 -53.794502 -4.615073 130.700959
5051 -51.989342 -3.877752 130.700959
5054 -50.147988 -3.059564 130.700959
5057 -48.272653 -2.159994 130.700959
5060 -46.524448 -1.301826 130.700959
5064 -44.920364 -0.277157 130.700959
5150 -83.680514 15.758160 130.700959
5153 -85.613916 15.943984 130.700959
5157 -87.669536 16.207330 130.700959
5160 -89.599715 16.445739 130.700959
5163 -91.312736 17.404400 130.700959
5166 -92.251886 18.431315 130.700959
5169 -93.062303 19.726441 130.700959
5172 -93.094976 21.060451 130.700959
5175 -93.143855 22.589239 130.700959
5178 -93.336777 23.780001 130.700959
5181 -93.258678 24.833644 130.700959
5268 -93.671157 58.517933 130.700959
5271 -93.422754 59.651027 130.700959
5274 -92.796797 61.182793 130.700959
5278 -90.851265 61.705210 130.700959
5281 -88.803717 62.023202 130.700959
5284 -86.895237 62.410390 130.700959
5287 -84.977594 62.763304 130.700959
5290 -83.050417 63.320428 130.700959
5293 -82.196007 64.485442 130.700959
5296 -81.092843 65.979137 130.700959
5299 -79.645407 67.248000 130.700959
5387 -79.271348 67.073707 130.700959
5390 -81.010706 66.066027 130.700959
5393 -82.404825 64.682417 130.700959
5396 -82.941724 63.528073 130.700959
5399 -84.741328 62.886185 130.700959
5402 -86.735883 62.640726 130.700959
5405 -88.651725 62.291870 130.700959
5408 -90.682585 61.844878 130.700959
5411 -92.503118 61.414147 130.700959
5414 -93.170262 60.219471 130.700959
5418 -93.189258 58.805096 130.700959
5505 -93.294515 22.729996 130.700959
5508 -93.336690 21.122834 130.700959
5511 -93.273631 19.946548 130.700959
5515 -92.581646 18.484959 130.700959
5518 -91.116477 17.199156 130.700959
5521 -89.294674 16.360524 130.700959
5524 -87.359758 16.190666 130.700959
5527 -85.440972 15.923084 130.700959
5530 -83.387165 15.665327 130.700959
5533 -81.460538 15.419634 130.700959
5536 -79.467002 15.236360 130.700959
5624 -30.039102 6.923820 130.700959
5627 -29.833941 6.042172 130.700959
5630 -29.412438 4.542999 130.700959
5633 -29.220510 3.287480 130.700959
5636 -29.047883 2.239898 130.700959
5639 -28.952381 0.978543 130.700959
5643 -28.901950 -0.134102 130.700959
5646 -28.842902 -1.291818 130.700959
5649 -28.803088 -2.589551 130.700959
5652 -28.799979 -3.735176 130.700959
5655 -28.691151 -5.225663 130.700959
5742 -42.900819 -27.727924 130.700959
5744 -43.050500 -28.478407 130.700959
5747 -43.055151 -29.295771 130.700959
5749 -43.057900 -30.169360 130.700959
5752 -43.109559 -30.974728 130.700959
5754 -43.258348 -32.039203 130.700959
5756 -43.239040 -33.027914 130.700959
5758 -43.335478 -33.692816 130.700959
5761 -43.409015 -34.649852 130.700959
5763 -43.565720 -35.854485 130.700959
5766 -43.974459 -37.109267 130.700959
5813 -44.264643 -41.940085 130.700959
5815 -44.289913 -42.924161 130.700959
5817 -44.247404 -43.862910 130.700959
5819 -44.187394 -44.800786 130.700959
5821 -44.104248 -45.786845 130.700959
5823 -44.037225 -46.418024 130.700959
5825 -43.820015 -47.254462 130.944037
5826 -43.629581 -47.859856 130.944037
5828 -43.445955 -48.597110 133.029699
5830 -43.230425 -49.506000 133.029699
5832 -42.980654 -50.463254 133.029699
5883 -41.790378 -52.887100 136.554534
5885 -41.790378 -52.887100 136.554534
5887 -41.888930 -52.771309 136.554534
5889 -42.714297 -53.172245 136.554534
5891 -43.112310 -53.854286 136.554534
5893 -43.674487 -54.684303 137.145255
5895 -44.076682 -55.153881 137.145255
5897 -44.160009 -55.765970 137.145255
5899 -44.079064 -56.397386 137.145255
5901 -44.050537 -57.061424 137.145255
5903 -44.050110 -57.846337 140.670185
6003 -44.735287 -63.602268 149.490672
6005 -44.508817 -64.392633 149.490672
6007 -44.265575 -65.347022 149.490672
6010 -43.826977 -66.294610 149.490672
6012 -43.411501 -67.031638 150.495252
6014 -43.090920 -67.837574 150.495252
6017 -42.493690 -69.143299 151.949008
6019 -42.387212 -69.352780 152.172603
6021 -41.970655 -70.169920 152.172603
6024 -41.575690 -71.133631 154.336843
6026 -41.390102 -71.885745 154.336843
6084 -38.327561 -78.215078 154.525406
6086 -38.249242 -77.557234 154.525406
6088 -38.577594 -77.019228 154.525406
6090 -39.338715 -76.044584 154.525406
6092 -39.982405 -75.091754 154.525406
6094 -40.228282 -74.501197 154.525406
6096 -40.380473 -73.888011 154.525406
6098 -40.512416 -73.188326 154.525406
6100 -40.717005 -72.403568 154.525406
6102 -41.063073 -71.622602 154.525406
6104 -41.330798 -70.845487 154.525406
6220 -42.751781 -30.164922 154.525406
6222 -42.874444 -30.168366 154.525406
6225 -43.009950 -30.932706 154.525406
6227 -43.134378 -31.529514 154.525406
6229 -43.202101 -32.559649 154.525406
6231 -43.128245 -33.214461 154.525406
6233 -43.126073 -33.989390 154.525406
6235 -43.246314 -34.656245 154.258293
6237 -43.299746 -35.136585 154.258293
6239 -43.299942 -35.451584 154.258293
6241 -43.293772 -36.456338 154.258293
6361 -25.607483 -70.303861 160.862989
6364 -25.555490 -70.118642 160.862989
6366 -26.538106 -69.939235 162.852636
6369 -28.280363 -69.956118 162.852636
6371 -29.890751 -69.758679 162.852636
6374 -31.494566 -69.513322 162.852636
6376 -33.164793 -69.291148 163.396760
6379 -34.833245 -69.038781 163.396760
6381 -36.437817 -68.835025 163.396760
6384 -38.109062 -68.602006 163.396760
6387 -39.817516 -68.206709 163.396760
6510 -48.147462 -31.162474 163.396760
6512 -48.025158 -31.861318 163.396760
6515 -47.772415 -32.497661 163.396760
6517 -47.533227 -33.165530 163.396760
6520 -47.228447 -34.122914 163.396760
6522 -46.791384 -35.118060 163.396760
6525 -46.588101 -35.755714 163.396760
6528 -46.512931 -35.990514 163.396760
6530 -45.584558 -36.295259 163.396760
6533 -44.498696 -35.455912 163.396760
6535 -44.146130 -34.582528 163.396760
6660 -33.406572 -33.154964 163.396760
6663 -33.654248 -32.982537 163.396760
6665 -33.642938 -31.759995 163.396760
6668 -34.145736 -30.440406 163.396760
6670 -34.526905 -29.587594 163.396760
6673 -34.710390 -29.138752 162.852636
6675 -34.710390 -29.138752 162.852636
6678 -34.710390 -29.138752 162.852636
6681 -34.710390 -29.138752 162.852636
6683 -34.710390 -29.138752 162.852636
6686 -34.710390 -29.138752 162.852636
6812 -48.414760 -67.913471 163.396760
6814 -50.009555 -68.211304 163.396760
6817 -51.573189 -68.651057 163.396760
6819 -53.073257 -69.079072 163.396760
6821 -54.499401 -69.527260 163.396760
6824 -55.924395 -69.978815 163.396760
6826 -57.406939 -70.463674 163.396760
6828 -58.834623 -70.906931 163.396760
6831 -60.056958 -71.301323 163.396760
6833 -60.425206 -71.457231 163.396760
6962 -60.528813 -71.671630 163.396760
6964 -60.528813 -71.671630 163.396760
6967 -60.481092 -71.289026 163.396760
6969 -59.159203 -71.057236 163.396760
6971 -57.675670 -70.924555 163.396760
6974 -56.156893 -70.574429 163.396760
6976 -54.671283 -70.099377 163.396760
6978 -53.178890 -69.648861 163.396760
6981 -51.747167 -69.221242 163.396760
6983 -50.271656 -68.715159 163.396760
6985 -48.859353 -68.224986 163.396760
7118 -43.269567 -23.367313 163.396760
7120 -43.446677 -23.247404 163.396760
7122 -43.912944 -24.085680 163.396760
7125 -43.429513 -25.168931 163.396760
7127 -43.323800 -26.385840 163.396760
7129 -43.228206 -27.229149 163.396760
7132 -43.240652 -28.118265 163.396760
7134 -43.227346 -29.193049 163.396760
7137 -43.254876 -30.187470 163.396760
7139 -43.219743 -30.986449 163.396760
7141 -43.188520 -31.750401 163.396760
7275 -54.002209 -80.299150 163.396760
7277 -54.149243 -81.165574 163.396760
7280 -54.158993 -82.284559 163.396760
7282 -54.269552 -83.241990 163.396760
7285 -54.294954 -83.721313 163.396760
7420 -54.300153 -83.770629 163.396760
7423 -54.489124 -83.620051 163.396760
7425 -54.479873 -82.657630 163.396760
7428 -54.419628 -81.815676 163.396760
7430 -54.226334 -80.838359 163.396760
7433 -54.119354 -79.736492 163.396760
7435 -54.331576 -78.522845 163.396760
7438 -54.393164 -77.361323 163.396760
7440 -54.547718 -76.321655 163.396760
7443 -54.598926 -76.131025 163.396760
7445 -54.482383 -75.232387 163.396760
7582 -44.751302 -24.853110 163.396760
7585 -44.867624 -23.960561 163.396760
7587 -45.285149 -23.036237 163.396760
7590 -46.197928 -21.879333 163.396760
7593 -46.757136 -20.669943 163.396760
7595 -46.589932 -19.848534 163.396760
7598 -46.576119 -19.048738 163.396760
7600 -46.599881 -18.832898 163.396760
7603 -46.796316 -18.646225 163.396760
7605 -47.170278 -18.504977 163.396760
7742 -47.262818 -18.745112 163.396760
7745 -47.262818 -18.745112 163.396760
7747 -47.262818 -18.745112 163.396760
7750 -47.456234 -18.914890 163.396760
7753 -47.438523 -19.831036 163.396760
7755 -47.176124 -20.757516 163.396760
7758 -46.812063 -21.566723 163.396760
7760 -46.617775 -21.988937 163.396760
7763 -45.663707 -23.211678 163.396760
7765 -44.542213 -24.384107 163.396760
7768 -43.392084 -25.513020 163.396760
7905 -10.266960 -25.919628 163.396760
7907 -10.572792 -25.378486 163.396760
7910 -10.405602 -24.474937 163.396760
7912 -10.370154 -23.212240 163.396760
7915 -10.481310 -22.326437 163.396760
7918 -10.497685 -21.362259 163.396760
7920 -10.544741 -20.338798 163.396760
7923 -10.603528 -19.200610 163.396760
7925 -10.643407 -18.297372 163.396760
7928 -10.658619 -17.417956 163.396760
7930 -10.660435 -16.458680 163.396760
8070 -11.220322 -11.288994 163.396760
8073 -11.345646 -12.218443 163.396760
8075 -11.444090 -13.106215 163.396760
8078 -11.475451 -14.015374 163.396760
8080 -11.683813 -15.001957 163.396760
8083 -11.881959 -15.780796 163.396760
8086 -11.963409 -16.495990 163.396760
8088 -12.087972 -17.279825 163.396760
8091 -12.175487 -18.257971 163.396760
8093 -12.229144 -19.415313 163.396760
8096 -12.561920 -20.830702 163.396760
8238 -44.080389 -53.285906 163.396760
8240 -43.947412 -54.234190 163.396760
8243 -44.101791 -55.105995 163.396760
8245 -44.161815 -55.945572 163.396760
8248 -44.069069 -57.116358 163.396760
8251 -44.056759 -58.144961 163.396760
8253 -43.973077 -59.015052 163.396760
8256 -43.975023 -59.489024 163.396760
8258 -44.139234 -60.464888 163.396760
8261 -44.366426 -61.497034 163.396760
8263 -44.432892 -62.504575 163.396760
8406 -64.623477 -88.374769 163.396760
8408 -64.404769 -88.347867 163.396760
8411 -64.188156 -87.616226 163.396760
8413 -64.142080 -86.746821 163.396760
8416 -63.738755 -85.908026 163.396760
8418 -63.311094 -85.065883 163.396760
8421 -62.940599 -84.194824 163.396760
8423 -62.755537 -83.857752 163.396760
8426 -62.305381 -82.990938 163.396760
8428 -61.859267 -82.035661 163.396760
8431 -61.572702 -81.242098 163.396760
8573 -26.027734 -62.821120 163.396760
8576 -25.965374 -62.758941 163.396760
8578 -26.205830 -62.553512 163.396760
8581 -27.693828 -62.638868 163.396760
8583 -29.305953 -62.518933 163.396760
8586 -30.911462 -62.344498 163.396760
8588 -32.390501 -62.186180 163.396760
8591 -34.061936 -61.993921 163.396760
8593 -35.606093 -61.833373 163.396760
8596 -36.301947 -61.757552 163.396760
8598 -37.738230 -61.580832 163.396760
8743 -44.788193 -9.646621 163.396760
8746 -44.800244 -9.619156 163.396760
8748 -44.703560 -10.110630 163.396760
8751 -44.826872 -11.333478 163.396760
8753 -44.781285 -12.305924 163.396760
8756 -44.655402 -12.918042 163.396760
8759 -44.598221 -13.804843 163.396760
8761 -44.577658 -15.056837 163.396760
8764 -44.546157 -15.963313 163.396760
8766 -44.501789 -16.408177 163.396760
8769 -44.432865 -17.649476 163.396760
8915 -25.560061 -61.765419 163.396760
8917 -23.945379 -61.732583 163.396760
8920 -22.329493 -61.804831 163.396760
8922 -20.713929 -61.882526 163.396760
8925 -19.102315 -61.984714 163.396760
8927 -17.355999 -62.045352 163.396760
8930 -15.739560 -62.101227 163.396760
8932 -14.122789 -62.148093 163.396760
8935 -12.506444 -62.209216 163.396760
8937 -11.017787 -62.272415 163.396760
8940 -9.273978 -62.336231 163.396760
9088 -7.014621 -62.636132 169.424264
9091 -7.186820 -62.070325 169.424264
9094 -6.530180 -60.984178 169.424264
9097 -5.913550 -59.946103 169.570107
9100 -5.682145 -59.354891 169.570107
9103 -5.262660 -58.141875 169.570107
9106 -4.865867 -57.107392 169.855530
9109 -4.478007 -55.991586 169.855530
9112 -3.777463 -54.641435 169.855530
9264 -3.261510 -54.214358 169.718889
9267 -3.526454 -53.304464 169.718889
9270 -4.164492 -52.118387 169.718889
9273 -4.565662 -51.100411 169.718889
9276 -5.045430 -49.830780 169.718889
9279 -5.403576 -48.724401 169.718889
9282 -5.459088 -47.876871 169.718889
9284 -5.484855 -46.728207 169.718889
9287 -5.628671 -45.632747 169.718889
9290 -5.933760 -44.484304 169.718889
9293 -6.231649 -43.401109 169.718889
9453 -6.645768 -41.800596 169.718889
9456 -6.979108 -41.069732 169.718889
9459 -6.664712 -40.005074 169.718889
9462 -6.547660 -39.056472 169.718889
9465 -6.226061 -38.092880 169.718889
9468 -5.976790 -37.150966 169.718889
9471 -5.974016 -36.466412 169.718889
9474 -5.840440 -35.391278 169.718889
9477 -5.528861 -34.320362 169.718889
9480 -5.129763 -33.239780 169.718889
9483 -4.512055 -32.397978 169.718889
9647 -4.428781 -32.318673 169.718889
9650 -4.445608 -32.282624 169.718889
9653 -5.176336 -32.740911 169.718889
9656 -5.383752 -33.890936 169.718889
9659 -5.439290 -35.392637 169.718889
9662 -5.570178 -36.474421 169.718889
9665 -5.760380 -37.606191 169.718889
9668 -5.883833 -38.698616 169.718889
9671 -5.923390 -40.042547 169.718889
9674 -6.001543 -41.221772 169.718889
9677 -6.403671 -42.313815 169.718889
9844 -23.492065 -44.503511 169.718889
9847 -23.492065 -44.503511 169.718889
9850 -23.492065 -44.503511 169.718889
9853 -23.613511 -45.115575 169.718889
9856 -23.479443 -45.889679 169.718889
9859 -23.386829 -46.954060 169.718889
9862 -23.029334 -48.373446 169.718889
9865 -21.578287 -49.401616 169.718889
9868 -20.749483 -49.408503 169.718889
9871 -18.855589 -49.150411 169.718889
9873 -16.981578 -49.129217 169.718889
10043 0.023984 -44.388279 169.718889
10046 0.945966 -43.109498 169.718889
10049 2.080953 -42.043376 169.718889
10052 2.339985 -42.723048 169.718889
10055 2.270848 -43.410064 169.718889
10057 1.255560 -43.570695 169.718889
10061 -0.742974 -43.011746 169.718889
10063 -2.477390 -42.535924 169.718889
10066 -3.266983 -42.521743 169.718889
10069 -5.058379 -42.780699 169.718889
10072 -5.588258 -43.730331 169.718889
10243 -44.790869 -2.848067 169.718889
10246 -44.908961 -1.719792 169.718889
10249 -44.776630 -0.599074 169.718889
10252 -44.620439 0.537391 169.718889
10255 -44.745449 1.609047 169.718889
10258 -44.837005 3.130562 169.718889
10261 -44.680408 4.590437 169.718889
10264 -44.705808 5.744097 169.718889
10267 -44.664620 6.870464 169.718889
10270 -44.552812 8.285036 169.718889
10272 -44.680086 9.380130 169.718889
10443 -60.341551 49.543893 169.718889
10446 -60.053407 49.283241 169.718889
10450 -60.025984 49.291856 169.718889
10453 -59.774322 49.364796 169.718889
10456 -59.459708 48.341398 169.718889
10459 -59.664371 46.939096 169.718889
10462 -59.550867 46.158847 169.718889
10464 -59.489159 45.106166 169.718889
10467 -59.474826 44.097167 169.718889
10470 -59.481370 43.132390 169.718889
10474 -59.490447 42.177854 169.718889
10645 -43.764787 -15.963789 169.718889
10648 -43.684890 -17.097989 169.718889
10651 -43.633538 -18.535555 169.718889
10654 -43.594916 -19.654780 169.718889
10657 -43.540702 -20.737688 169.718889
10660 -43.413654 -21.877992 169.718889
10663 -43.406111 -23.012955 169.718889
10666 -43.352449 -24.174423 169.718889
10669 -43.254844 -25.344333 169.718889
10672 -43.186892 -26.486458 169.718889
10675 -43.156774 -27.620220 169.718889
10848 14.328044 -52.900658 179.768577
10852 15.858314 -54.889519 179.768577
10856 17.816429 -56.544301 179.768577
10860 19.965010 -58.007458 179.768577
10864 21.581757 -59.215962 179.652613
10954 20.976629 -59.292406 179.768577
10958 18.929806 -57.603070 179.768577
10962 16.609776 -56.442144 179.768577
10966 14.236707 -55.381215 179.768577
10970 11.721340 -54.323130 179.768577
10974 9.165010 -53.960544 179.768577
10978 6.606883 -53.556193 179.768577
10982 3.916662 -53.156263 179.768577
10986 2.084683 -52.866735 179.768577
10990 -0.096563 -52.515178 179.768577
10994 -1.609976 -52.217533 179.768577
11169 -42.902844 0.805367 179.768577
11174 -42.953930 2.126395 179.768577
11178 -42.904335 4.209274 179.768577
11182 -42.688489 5.852278 179.768577
11186 -42.393662 7.412893 179.768577
11190 -42.042728 8.723904 179.768577
11194 -41.620293 10.052783 179.768577
11199 -39.967840 10.576825 179.768577
11203 -37.342352 10.876718 179.768577
11207 -34.625479 10.934025 179.768577
11211 -31.908070 10.952541 179.768577
11386 -11.747692 5.822617 179.768577
11391 -11.254924 7.771641 179.768577
11395 -10.711720 8.373183 179.768577
11399 -10.572120 8.505533 179.768577
11403 -10.536432 8.544037 179.768577
11407 -10.716734 8.689919 179.768577
11411 -10.410678 9.116746 179.768577
11415 -11.643831 10.863603 179.768577
11419 -14.309562 11.177963 179.768577
11423 -16.896317 11.149850 179.768577
11428 -19.612701 11.218909 179.768577
11603 -40.086866 -42.611840 179.768577
11608 -37.436714 -43.228182 179.768577
11612 -34.857202 -44.082421 179.768577
11616 -32.260404 -44.882347 179.768577
11620 -29.797922 -45.689781 179.768577
11624 -27.271030 -46.508152 179.768577
11628 -24.677361 -47.316518 179.768577
11632 -22.620536 -48.893397 179.768577
11637 -20.053382 -49.387517 179.768577
11641 -17.417751 -49.087185 179.768577
11645 -14.833031 -49.101539 179.768577
11821 15.862720 -38.160989 179.768577
11825 15.517970 -36.488978 179.768577
11829 15.488474 -34.830260 179.768577
11833 15.430261 -33.551893 179.768577
11838 15.370143 -31.952604 179.768577
11842 15.343161 -30.263309 179.768577
11846 15.284931 -28.670198 179.768577
11850 15.642475 -27.328561 179.768577
11854 16.141970 -26.046540 179.768577
12043 16.227109 -27.314565 179.768577
12047 16.173478 -29.015483 179.768577
12051 16.171021 -30.310225 179.768577
12055 16.033674 -32.013748 179.768577
12059 15.953620 -33.601822 179.768577
12063 16.028451 -35.207904 179.768577
12067 16.005775 -36.199767 179.768577
12072 15.890749 -37.978683 179.768577
12076 15.619954 -39.717057 179.768577
12080 15.475246 -41.350663 179.768577
12084 15.311793 -42.920443 179.768577
12279 -5.740981 -19.211286 179.768577
12284 -5.400443 -20.774410 179.768577
12288 -3.187520 -21.600826 179.768577
12292 -0.489192 -21.940185 179.768577
12296 0.312926 -22.110495 179.768577
12498 0.312926 -22.110495 179.768577
12502 -0.693609 -21.879258 179.768577
12506 -2.983110 -23.073225 179.768577
12510 -5.261322 -24.299003 179.768577
12514 -5.407443 -26.026701 179.768577
12518 -5.542456 -27.747478 179.768577
12523 -5.449262 -29.470898 179.768577
12527 -5.402074 -30.452299 179.768577
12531 -5.256239 -31.747847 179.768577
12535 -5.273585 -32.991917 179.768577
12539 -5.488534 -34.586996 179.768577
12743 -41.673142 -87.337686 179.768577
12747 -38.845068 -87.065591 179.768577
12752 -35.997614 -87.059719 179.768577
12756 -33.215220 -87.037785 179.768577
12761 -31.670397 -87.259398 179.768577
12765 -31.287212 -87.295881 179.768577
12971 -32.252993 -87.301044 179.768577
12975 -35.039941 -86.724400 179.768577
12979 -37.780005 -86.189317 179.768577
12984 -39.552101 -85.837514 179.768577
12988 -41.015736 -84.344145 179.768577
12993 -40.977942 -82.572481 179.768577
12997 -41.122698 -80.826342 179.768577
13001 -41.205691 -79.273321 179.768577
13006 -41.279217 -77.896483 179.768577
13010 -41.380242 -76.377307 179.768577
13015 -41.481376 -74.507436 179.768577
13222 -1.680970 -15.108308 179.768577
13226 -1.680970 -15.108308 179.768577
13230 -1.680970 -15.108308 179.768577
13235 -1.702941 -15.072042 179.768577
13239 -1.721246 -15.051542 179.768577
13244 -2.559167 -14.479279 179.768577
13248 -2.707049 -14.195893 179.768577
13253 -2.707049 -14.195893 179.768577
13460 -2.837419 -15.676229 179.768577
13464 -3.346889 -17.074123 179.768577
13468 -4.255981 -18.658215 179.768577
13473 -5.214862 -20.020652 179.768577
13477 -5.388491 -21.701325 179.768577
13482 -5.279487 -23.041976 179.768577
13486 -5.426916 -24.821332 179.768577
13491 -5.524262 -25.894025 179.768577
13495 -5.539562 -27.286971 179.768577
13499 -5.571700 -29.185861 179.768577
13504 -5.516725 -31.243550 179.768577
13712 -42.443583 -1.687845 179.768577
13716 -42.465594 -0.290741 179.768577
13720 -42.448394 1.388450 179.768577
13725 -42.480506 3.122885 179.768577
13729 -42.553185 4.930750 179.768577
13734 -42.551678 6.790658 179.768577
13738 -42.371224 8.928375 179.768577
13743 -41.493203 10.358203 179.768577
13747 -38.790941 10.677365 179.768577
13751 -35.882019 10.701089 179.768577
13756 -32.973982 10.788379 179.768577
13963 5.282390 9.438383 179.768577
13968 2.557577 10.473201 179.768577
13972 -0.216333 10.495984 179.768577
13977 -3.125868 10.511016 179.768577
13981 -5.302290 10.101060 179.768577
13985 -5.410076 8.310461 179.768577
13990 -5.426629 6.770923 179.768577
13994 -5.427965 4.597066 179.768577
13999 -5.445162 2.487887 179.768577
14003 -5.432668 0.527413 179.768577
14008 -5.521620 -1.006126 179.768577
14217 9.552730 -33.549525 179.768577
14221 10.306567 -35.208012 179.768577
14226 11.248029 -37.130310 179.768577
14230 13.014908 -39.261046 179.768577
14235 14.461719 -41.080844 179.768577
14239 14.550602 -43.017581 179.768577
14243 14.632425 -44.465990 179.768577
14248 14.448397 -46.359159 179.768577
14252 14.188486 -47.809690 179.768577
14257 13.870620 -48.305965 179.768577
14261 12.940885 -49.171231 179.768577
14473 1.752424 -7.132997 179.768577
14478 -1.124691 -7.491315 179.768577
14482 -3.799755 -8.299471 179.768577
14486 -5.166554 -8.725955 179.768577
14491 -5.676854 -9.182354 179.768577
14495 -5.463463 -10.881334 179.768577
14500 -5.492841 -12.185992 179.768577
14504 -5.486551 -14.013134 179.768577
14509 -5.433237 -15.523971 179.768577
14513 -5.296909 -17.458789 179.768577
14517 -5.286720 -18.916660 179.768577
14731 4.304116 -20.982272 179.768577
14735 4.325539 -20.881394 179.768577
14740 4.286354 -20.879950 179.768577
14744 2.657561 -21.729166 179.768577
14749 -0.253878 -21.711167 179.768577
14753 -3.036618 -21.620545 179.768577
14757 -5.306410 -20.826816 179.768577
14762 -5.480378 -19.417320 179.768577
14766 -5.634686 -17.720320 179.768577
14771 -5.707456 -15.562876 179.768577
14775 -5.876253 -13.441302 179.768577
14991 1.032425 -0.890397 179.768577
14996 -0.924125 -0.733731 179.768577
15213 -1.403886 -0.948340 179.768577
15430 -2.034549 -2.361682 179.768577
15434 -2.832755 -3.712376 179.768577
15439 -3.370022 -5.481333 179.768577
15443 -4.197278 -7.034611 179.768577
15448 -5.038016 -8.593142 179.768577
15452 -5.451156 -10.004086 179.768577
15457 -5.589649 -11.506382 179.768577
15461 -5.639880 -12.964732 179.768577
15465 -5.487599 -14.590556 179.768577
15470 -5.434720 -16.332025 179.768577
15474 -5.389448 -17.828993 179.768577
15691 8.187906 -18.395190 179.768577
15696 5.608043 -19.327238 179.768577
15700 5.591942 -21.119863 179.768577
15705 6.033803 -22.904174 179.768577
15709 6.054831 -24.818154 179.768577
15713 5.995716 -26.099117 179.768577
15931 5.763435 -26.109762 179.768577
15935 5.671298 -23.936901 179.768577
15940 3.515080 -22.749289 179.768577
15944 1.829221 -22.967025 179.768577
15948 -0.726010 -23.283764 179.768577
15953 -3.613153 -23.724649 179.768577
15957 -5.450740 -24.842726 179.768577
15962 -5.418660 -26.676210 179.768577
15966 -5.533479 -28.675861 179.768577
15971 -5.502343 -30.113816 179.768577
15975 -5.469471 -31.938474 179.768577
16192 23.004816 -13.012322 179.768577
16197 20.427319 -11.639965 179.768577
16201 17.658841 -11.063853 179.768577
16205 15.200257 -9.812704 179.768577
16210 14.184449 -8.385712 179.768577
16214 13.560203 -6.565154 179.768577
16433 15.587781 -6.533656 179.768577
16437 18.362401 -6.688916 179.768577
16442 21.205309 -6.848376 179.768577
16446 24.108046 -7.053026 179.768577
16450 26.974257 -7.529282 179.768577
16455 29.629558 -7.215323 179.768577
16459 30.132410 -7.173612 179.768577
16574 30.262676 -6.388750 179.768577
16578 30.240589 -4.939900 179.768577
16583 30.559107 -3.241621 179.768577
16587 30.970615 -1.865481 179.768577
16592 31.145040 -0.484187 179.768577
16596 31.321285 1.424248 179.768577
16600 31.908707 3.035710 179.768577
16605 32.452726 4.087588 179.768577
16609 32.452726 4.087588 179.768577
16614 32.769925 4.189487 179.768577
16618 32.920411 2.438089 179.768577
16851 33.962690 3.792777 179.768577
16856 36.882178 4.354532 179.768577
16860 39.646308 4.543841 179.768577
16865 40.677093 4.451034 179.768577
16869 40.891539 5.939648 179.768577
16874 42.637909 5.675046 179.768577
17124 41.633552 5.345717 179.768577
17129 39.316928 5.200001 179.768577
17133 37.199491 4.647398 179.768577
17138 34.558852 4.255306 179.768577
17143 34.187308 2.295098 179.768577
17147 34.222121 0.615852 179.768577
17152 34.238437 -0.958120 179.768577
17156 34.195252 -3.130906 179.768577
17161 34.152103 -5.373758 179.768577
17165 34.094062 -7.356963 179.768577
17170 33.919301 -9.568866 179.768577
17296 33.109686 -21.695133 179.768577
17300 35.939331 -22.370023 179.768577
17305 37.334054 -23.412438 179.768577
17309 39.412516 -25.373544 179.768577
17313 40.895061 -26.472156 179.768577
17566 40.900654 -25.776091 179.768577
17571 38.320359 -24.447276 179.768577
17575 36.145502 -22.556285 179.768577
17580 34.260972 -23.673600 179.768577
17584 34.164263 -25.906747 179.768577
17589 33.818520 -28.184635 179.768577
17593 33.410855 -30.411561 179.768577
17598 32.956848 -32.366227 179.768577
17602 32.596588 -34.565616 179.768577
17607 32.132162 -36.888853 179.768577
17611 31.490460 -38.298407 179.768577
17870 31.693986 -39.292809 181.937630
17875 31.917862 -37.979070 181.937630
17880 32.129752 -36.221009 181.960714
17885 32.773793 -34.248146 181.960714
17890 33.188959 -32.964098 182.209169
17895 33.655011 -30.962216 182.301786
17900 33.671643 -29.223322 182.301786
17904 33.709152 -27.124847 182.301786
17909 33.710484 -25.085435 182.301786
17914 33.711029 -23.075962 182.301786
17919 33.722288 -21.131771 182.301786
18180 40.395250 -0.561615 182.301786
18185 38.017820 1.540828 182.301786
18190 36.828670 2.331115 182.301786
18195 36.828670 2.331115 182.301786
18199 36.828670 2.331115 182.301786
18204 36.828670 2.331115 182.301786
18209 36.828670 2.331115 182.301786
18214 36.730872 2.369325 182.301786
18219 36.730872 2.369325 182.301786
18224 36.730872 2.369325 182.301786
18228 36.730872 2.369325 182.301786
18491 31.094629 -59.984047 193.705812
18496 31.064836 -59.987299 193.705812
18501 30.926932 -61.754293 194.300235
18506 30.568369 -63.437791 194.017580
18512 30.208659 -65.389206 194.017580
18517 29.654220 -67.217392 194.956666
18522 29.183880 -68.911880 196.901248
18526 28.928099 -70.510956 198.144244
18531 28.455327 -72.247016 198.144244
18536 28.317251 -72.690576 200.256689
18540 28.418059 -73.373853 202.940439
18684 28.376292 -72.276794 203.235090
18689 28.081339 -69.565566 203.235090
18695 28.018048 -67.244462 203.235090
18700 27.929604 -65.613006 202.952264
18705 27.809573 -63.324267 202.952264
18710 27.884324 -60.923700 202.952264
18715 27.809355 -59.110358 202.952264
18720 27.799155 -57.475563 202.952264
18725 27.890603 -55.504609 202.952264
18731 27.833884 -53.821291 202.952264
18736 27.997769 -51.862835 202.952264
19019 15.283857 10.880823 202.952264
19024 15.379702 12.971844 202.952264
19029 15.161009 14.899777 202.952264
19034 14.620291 17.190356 202.952264
19039 14.308836 19.005249 202.952264
19044 13.889689 20.767642 202.952264
19050 13.436520 22.585057 202.952264
19346 13.147881 21.454143 202.952264
19351 13.179566 19.639098 202.952264
19356 13.174854 17.375321 202.952264
19361 13.396194 15.684219 202.952264
19366 13.711104 15.364319 202.952264
19372 13.804105 13.553884 202.952264
19377 13.837780 11.450005 202.952264
19382 13.801518 9.544882 202.952264
19387 13.797824 7.622764 202.952264
19392 13.816035 5.888809 202.952264
19397 13.799111 4.107027 202.952264
19703 9.674926 2.525895 202.952264
19708 9.408543 4.441411 202.952264
19713 8.832285 6.234953 202.952264
19719 6.235806 8.436196 202.952264
19724 3.292843 10.082116 202.952264
19729 0.089709 10.528636 202.952264
19734 -3.144882 10.480291 202.952264
19739 -5.308302 9.596474 202.952264
19745 -5.403561 7.517731 202.952264
19750 -5.570680 5.447486 202.952264
19755 -5.553894 3.475746 202.952264
20063 -5.510984 -3.455186 202.952264
20068 -5.437980 -2.352826 202.952264
20073 -5.457625 -2.349212 202.952264
20078 -5.419965 -0.846195 202.952264
20084 -5.414152 0.426201 202.952264
20089 -3.168544 1.767719 202.952264
20094 0.042800 1.644502 202.952264
20099 1.434054 1.703189 202.952264
20409 1.148146 2.529321 202.952264
20414 -2.101948 3.032529 202.952264
20419 -5.074920 4.123578 202.952264
20424 -5.409662 5.935358 202.952264
20430 -5.629429 8.097495 202.952264
20435 -5.079461 10.149730 202.952264
20440 -1.874211 10.433328 202.952264
20445 1.490631 10.417115 202.952264
20450 4.533319 9.282064 202.952264
20456 6.935287 7.101432 202.952264
20461 8.952049 4.487782 202.952264
20772 47.904811 -16.107847 202.952264
20777 50.448410 -18.313423 202.952264
20782 52.664127 -20.681922 202.952264
20787 53.385134 -21.291326 202.952264
21105 52.560887 -20.706729 202.952264
21110 50.785731 -18.116298 202.952264
21115 48.517734 -15.727046 202.952264
21120 46.514707 -13.409932 202.952264
21125 45.831790 -11.215311 202.952264
21131 45.606562 -9.007704 202.952264
21136 45.148514 -6.517234 202.952264
21141 44.847123 -3.870048 202.952264
21146 44.440012 -1.915964 202.952264
21151 44.147726 -0.832709 202.952264
21476 43.944324 0.012011 202.952264
21481 44.075587 1.964995 202.952264
21486 43.972834 3.762480 202.952264
21491 42.890876 5.606738 202.952264
21497 41.632522 7.402029 202.952264
21502 39.877823 9.432766 202.952264
21507 38.432743 11.316633 202.952264
21512 36.306142 13.868713 202.952264
21517 34.877754 15.713787 202.952264
21522 33.142292 17.913718 202.952264
21528 31.468631 20.009636 202.952264
21855 31.549049 21.010912 202.952264
21860 34.223953 22.108292 202.952264
21865 35.419803 23.762916 202.952264
21870 36.480604 25.594200 202.952264
21875 37.712569 27.657719 202.952264
22207 37.865288 27.927192 202.952264
22212 37.049532 27.240766 202.952264
22217 36.513684 25.492528 202.952264
22222 35.883887 23.402954 202.952264
22228 35.342014 22.162386 202.952264
22233 37.826944 20.847597 202.952264
22238 41.128081 20.235689 202.952264
22243 44.483181 20.049953 202.952264
22248 47.763034 19.752551 202.952264
22253 50.207472 18.669921 202.952264
22590 49.856961 19.275946 202.952264
22595 49.357112 21.445312 202.952264
22600 49.218773 23.642517 202.952264
22605 48.972357 25.370045 202.952264
22611 48.683718 26.909356 202.952264
22616 48.604650 27.552003 202.952264
22789 48.454689 26.145615 202.952264
22794 48.328945 24.328899 202.952264
22799 48.026937 22.454240 202.952264
22805 47.510351 20.570856 202.952264
22810 46.807952 18.648856 202.952264
22815 46.229406 16.731268 202.952264
22820 45.466093 14.477880 202.952264
22826 45.548643 12.536756 202.952264
22831 45.571072 10.368150 202.952264
22836 45.616405 8.718139 202.952264
22841 45.601821 6.709314 202.952264
23184 55.649939 1.236349 202.952264
23190 56.083704 2.802197 202.952264
23195 56.700720 3.726822 202.952264
23541 56.717423 3.763038 202.952264
23547 54.756241 2.673649 202.952264
23552 52.299612 0.552464 202.952264
23557 50.431314 -0.851526 202.952264
23562 47.916188 -2.952114 202.952264
23567 46.079555 -3.121520 202.952264
23573 45.096094 -0.996486 202.952264
23578 44.768406 0.581307 202.952264
23583 44.263448 2.825682 202.952264
23588 43.554372 4.403224 202.952264
23594 40.336007 4.705277 202.952264
23943 18.068560 8.327324 202.952264
23948 18.068560 8.327324 202.952264
23953 18.068560 8.327324 202.952264
23959 18.068560 8.327324 202.952264
23964 18.068560 8.327324 202.952264
23969 18.068560 8.327324 202.952264
23974 18.068560 8.327324 202.952264
24325 17.935539 8.490295 202.952264
24330 17.460878 6.699990 202.952264
24335 17.335337 4.704877 202.952264
24340 17.291416 2.596756 202.952264
24346 17.236404 1.168761 202.952264
24351 16.881029 -0.971308 202.952264
24356 16.505892 -2.767575 202.952264
24361 16.272374 -4.863984 202.952264
24367 15.990605 -6.917918 202.952264
24372 15.639625 -8.745378 202.952264
24377 15.675666 -10.887086 202.952264
24728 9.394271 -77.786961 202.952264
24734 7.334069 -77.702035 202.952264
24739 4.192307 -78.411687 202.952264
24745 1.723848 -78.763592 202.952264
24751 -1.941249 -79.278492 202.952264
24756 -5.499072 -79.964289 202.952264
24762 -8.366249 -80.814453 202.952264
25126 -7.123365 -79.644343 202.952264
25132 -4.650811 -76.909417 202.952264
25138 -2.117578 -74.316469 202.952264
25143 0.116224 -71.754140 202.952264
25149 2.154293 -69.279296 202.952264
25155 4.549719 -66.560176 202.952264
25161 4.888900 -65.385800 202.952264
25167 3.600337 -63.478751 202.952264
25172 0.345400 -61.852001 202.952264
25178 -2.852866 -59.851649 202.952264
25184 -3.822717 -57.826053 202.952264
25558 -2.301422 -35.463622 202.952264
25564 -3.149433 -33.531012 202.952264
25570 -5.191769 -30.686078 202.952264
25575 -5.536467 -28.647523 202.952264
25581 -5.613066 -26.479342 202.952264
25587 -5.653336 -24.122404 202.952264
25593 -5.749701 -21.809005 202.952264
25599 -5.910789 -19.045091 202.952264
25604 -5.821110 -16.679400 202.952264
25610 -5.758011 -14.265585 202.952264
25616 -5.803646 -12.016633 202.952264
25990 5.399313 2.252755 202.952264
25996 1.860075 3.230186 202.952264
26002 -1.917677 3.777300 202.952264
26007 -5.061923 4.102200 202.952264
26013 -5.396641 6.702056 202.952264
26019 -5.472975 9.328126 202.952264
26025 -2.849157 10.474618 202.952264
26031 1.032128 10.416144 202.952264
26036 4.514530 9.239137 202.952264
26042 7.001754 6.556520 202.952264
26048 9.352533 3.885662 202.952264
26422 53.145432 13.978596 202.952264
26428 51.256766 16.212768 202.952264
26434 47.509748 16.108020 202.952264
26439 44.385474 14.736879 202.952264
26445 41.825239 11.987062 202.952264
26451 39.229273 9.178498 202.952264
26457 36.745953 6.446034 202.952264
26463 34.410022 3.736006 202.952264
26468 34.217949 1.832200 202.952264
26474 34.218452 -0.228451 202.952264
26480 34.223020 -2.323002 202.952264
26857 32.376279 -87.733981 211.065728
26864 36.872211 -87.109588 211.065728
26871 41.370910 -86.562554 211.213309
26878 44.669846 -85.934423 214.199210
27260 49.422787 -85.798318 223.237680
27269 54.910880 -86.114347 223.237680
27278 60.459800 -86.517707 226.446157
27288 57.694479 -86.541939 230.656502
27297 62.789919 -86.815046 230.161035
27502 59.789649 -84.929859 237.625803
27511 57.470764 -81.108070 237.625803
27520 56.371188 -77.507246 237.301711
27530 55.495440 -75.088970 238.021558
27943 55.438083 -72.906698 238.021558
27953 55.230583 -69.560958 238.021558
27962 54.489328 -65.777859 238.021558
27971 53.966436 -63.017116 238.021558
27981 53.620206 -61.219415 238.021558
28420 52.824728 -59.548827 238.021558
28430 51.074733 -55.735596 238.021558
28439 50.042616 -53.038999 238.021558
28448 48.838160 -50.147614 238.021558
28458 48.339239 -48.920621 238.021558
28912 49.809605 -46.913485 238.021558
28922 53.587219 -42.806193 238.021558
28931 55.365080 -39.537964 238.021558
28941 56.718035 -36.927246 238.021558
29402 52.959373 -35.252628 238.021558
29411 49.691627 -33.770820 238.021558
29874 51.297906 -36.948389 238.021558
29884 53.573134 -40.314537 238.021558
29893 53.573134 -40.314537 238.021558
29903 53.573134 -40.314537 238.021558
29913 53.573134 -40.314537 238.021558
29922 53.573134 -40.314537 238.021558
30385 53.860464 -43.426188 238.021558
30395 53.950339 -47.128798 238.021558
30404 54.044651 -50.150311 238.021558
30414 54.200755 -53.888610 238.021558
30423 54.326876 -57.165625 238.021558
30433 54.426657 -60.625934 238.021558
30442 54.529899 -64.571056 238.021558
30452 54.663605 -68.530495 238.021558
30461 54.758141 -72.223371 238.021558
30471 54.865939 -75.468914 238.021558
30480 54.978193 -79.127940 238.021558
30943 52.598273 13.235047 238.021558
30953 54.222246 17.092015 238.021558
30962 55.169741 20.683185 238.021558
30972 55.918084 24.491333 238.021558
30981 55.946524 24.881468 238.021558
31450 55.272575 27.121564 238.021558
31460 52.271369 31.213246 238.021558
31469 51.887021 31.490715 238.021558
31940 53.452080 28.274570 238.021558
31950 55.826924 24.455861 238.021558
31959 58.662374 20.802831 238.021558
31969 63.989889 20.058974 238.021558
31978 70.097121 20.298606 238.021558
31988 72.911845 19.638853 238.021558
32229 69.367739 16.232736 238.021558
32238 67.555170 12.339667 238.021558
32248 66.641700 9.187926 238.021558
32257 65.893273 7.282523 238.021558
32734 65.865745 4.088287 238.021558
32744 65.414852 0.156392 238.021558
32753 64.939406 -4.509900 238.021558
32763 63.897354 -8.406874 238.021558
32772 63.265645 -10.710863 238.021558
33259 60.377189 -9.601441 238.021558
33268 58.119329 -8.831733 238.021558
33771 59.365138 -8.602051 238.021558
33781 62.742449 -6.814376 238.021558
33790 62.798722 -2.809788 238.021558
33800 62.658992 1.068221 238.021558
33809 62.699849 5.189476 238.021558
33819 59.689897 8.743302 238.021558
33828 58.679478 9.590733 238.021558
34337 62.605114 9.149539 238.021558
34347 62.936200 13.073676 238.021558
34357 63.353751 16.923617 238.021558
34366 63.438131 20.344436 238.021558
34376 63.076864 21.036424 238.021558
34385 62.494128 23.487578 238.021558
34395 64.159370 26.013021 238.021558
34404 63.793592 26.691708 238.021558
34917 61.924638 22.911416 238.021558
34926 57.975287 19.980380 238.021558
34936 52.053633 18.035913 238.021558
34945 47.300136 16.513774 238.021558
34955 44.020203 13.685487 238.021558
34964 39.348668 9.670268 238.021558
34974 35.798472 6.075736 238.021558
34984 32.217646 2.122749 238.021558
34993 29.844364 -1.429625 238.021558
35003 27.876747 -4.904186 238.021558
35012 25.693652 -5.694568 238.021558
35527 24.111496 -5.953847 238.021558
35537 28.717976 -3.955929 238.021558
35546 31.416568 -0.409055 238.021558
35556 33.467588 2.810088 238.021558
35566 37.278870 7.365688 238.021558
35575 40.823826 10.940254 238.021558
35585 44.433938 14.538053 238.021558
35594 49.681243 17.911886 238.021558
35604 55.090901 20.874851 238.021558
35613 55.554046 24.302193 238.021558
35623 53.738487 27.578859 238.021558
36139 53.720956 28.654850 238.021558
36148 56.079235 24.491047 238.021558
36158 59.021969 20.821378 238.021558
36167 65.126409 20.859166 238.021558
36177 71.254578 21.051441 238.021558
36186 77.397212 21.190616 238.021558
36196 82.376010 21.164273 238.021558
36206 88.454931 21.390480 238.021558
36722 88.829066 23.831470 238.021558
36731 89.590676 26.941607 238.021558
36741 90.181524 30.614439 238.021558
36750 90.721506 32.227075 238.021558
37022 90.563632 34.442155 238.021558
37031 90.374397 37.967745 238.021558
37041 90.300356 41.157218 238.021558
37051 89.923552 43.946428 238.021558
37060 88.844494 48.131873 238.021558
37070 88.709640 49.439028 238.021558
37608 88.612237 46.653970 238.021558
37618 88.724192 43.356582 238.021558
37628 88.879748 39.955075 238.021558
37637 88.893682 36.335677 238.021558
37647 88.888452 32.708670 238.021558
37657 88.435086 29.578714 238.021558
37666 88.036535 25.697004 238.021558
37676 87.098045 21.898081 238.021558
37686 83.293556 16.852978 238.021558
37696 80.077504 12.322329 238.021558
37705 79.668982 10.965817 238.021558
38255 80.976403 12.981023 238.021558
38265 80.351272 16.120500 238.021558
38275 74.208584 16.025302 238.021558
38284 69.285701 15.866832 238.021558
38294 68.513185 13.216033 238.021558
38304 67.574427 9.309207 238.021558
38313 66.968368 6.117727 238.021558
38323 66.742604 3.006880 238.021558
38332 65.793117 -0.792344 238.021558
38342 65.155891 -3.943568 238.021558
38351 64.435330 -7.143026 238.021558
38901 70.292173 -10.636700 238.021558
38911 64.578882 -8.579734 238.021558
38921 65.168234 -5.102511 238.021558
38930 66.260802 -1.483547 238.021558
38940 66.503320 2.231009 238.021558
38950 67.137593 6.181894 238.021558
38959 67.383063 9.583394 238.021558
38969 68.526596 13.617508 238.021558
38979 68.633167 14.090577 238.021558
38988 68.633167 14.090577 238.021558
38998 68.633167 14.090577 238.021558
39555 65.594858 14.902020 238.021558
39564 60.828549 16.393755 238.021558
39574 54.695107 16.309901 238.021558
39583 48.553617 16.171279 238.021558
39593 45.846847 13.747971 238.021558
39603 45.439409 9.570323 238.021558
39613 45.617017 4.887469 238.021558
39622 45.199767 1.301649 238.021558
39632 44.436372 -2.556070 238.021558
39642 43.184191 -7.547652 238.021558
39651 39.687579 -11.617703 238.021558
40210 42.040859 -10.064832 238.021558
40220 42.698948 -9.304349 238.021558
40229 43.746126 -11.418501 238.021558
40239 44.121383 -14.516083 238.021558
40248 41.527169 -18.065226 238.021558
40258 35.668648 -20.437557 238.021558
40268 32.590662 -17.179749 238.021558
40277 30.146813 -13.502404 238.021558
40287 27.836291 -9.785173 238.021558
40297 24.839026 -7.672379 238.021558
40307 20.358713 -6.091930 238.021558
40867 20.358713 -6.091930 238.021558
40877 20.358713 -6.091930 238.021558
40886 20.358713 -6.091930 238.021558
40896 20.358713 -6.091930 238.021558
41456 23.951859 -5.990619 238.021558
41466 28.564868 -3.992091 238.021558
41476 29.271147 -1.186745 238.021558
41486 30.953518 2.295298 238.021558
41495 32.694613 5.159382 238.021558
41505 37.421697 9.081233 238.021558
41514 42.455025 12.876545 238.021558
41524 46.879574 16.080297 238.021558
41534 53.215984 16.103509 238.021558
41544 59.536878 16.469190 238.021558
41553 65.809469 16.407744 238.021558
42114 90.533472 -0.112896 238.021558
42123 90.502887 -3.158054 238.021558
42133 90.663455 -7.112964 238.021558
42143 90.225634 -10.449303 238.021558
42152 90.145236 -13.970225 238.021558
42162 89.171684 -16.227370 238.021558
42728 89.007432 -20.141850 238.021558
42737 88.956663 -23.302423 238.021558
42747 89.004684 -27.410391 238.021558
42757 89.063630 -30.779407 238.021558
42766 88.783289 -32.870583 238.021558
43338 89.071467 -37.961155 238.021558
43348 89.167705 -41.621359 238.021558
43357 89.226118 -45.415572 238.021558
43367 89.103523 -48.814164 238.021558
43377 88.692768 -48.927528 238.021558
43962 89.704531 -51.115955 241.970953
43973 89.552375 -54.662426 241.970953
43983 89.304629 -58.175623 242.147604
43993 89.098673 -62.039278 242.658818
44003 88.520557 -65.619826 242.658818
44014 89.204453 -66.614453 242.658818
44615 88.939484 -67.137381 244.241729
44625 88.941909 -71.365523 244.241729
44635 88.883281 -75.655465 244.975962
44646 88.813986 -79.617782 245.450977
44657 88.766796 -83.680992 249.585781
44669 89.226670 -85.391711 252.157614
45286 92.786558 -89.833901 259.539019
45299 95.792020 -94.864030 260.980196
45310 96.969256 -96.534287 261.665020
45942 96.712383 -96.988178 270.160143
45954 96.035916 -101.194219 271.276580
45967 95.190355 -105.439228 271.276580
45980 93.408478 -110.481807 271.276580
45993 93.309367 -111.109518 271.276580
