11 -113.000000 50.000000 -0.801853
12 -113.054834 49.956693 10.195097
13 -113.187272 49.676646 10.195097
14 -113.040602 49.113340 10.195097
15 -112.641656 48.712209 10.195097
16 -112.391530 48.556035 10.195097
17 -112.250992 48.490970 10.195097
18 -111.941970 48.436829 10.195097
19 -111.383097 48.608867 10.195097
20 -111.014233 49.032718 10.195097
21 -110.689829 49.549162 10.195097
22 -110.360746 49.931365 10.195097
23 -110.150210 50.130741 10.195097
24 -109.976641 50.289164 10.195097
25 -109.660181 50.680045 10.195097
26 -109.515519 50.959646 10.195097
27 -109.357535 51.288648 10.195097
28 -109.366929 51.270992 10.195097
29 -109.352312 51.425296 10.195097
30 -109.206898 51.863265 20.736924
31 -108.731418 52.288729 20.736924
32 -108.132479 52.541172 22.020446
33 -107.508265 52.707393 22.020446
34 -106.882744 52.750880 22.020446
35 -106.652754 52.749392 22.042233
36 -106.583462 52.672360 22.042233
37 -106.560790 52.293420 22.042233
38 -106.636382 51.819637 22.042233
39 -106.714694 51.376722 22.042233
40 -106.693003 51.163418 22.042233
41 -106.600902 50.687298 22.020446
42 -106.538522 50.266919 22.020446
43 -106.465316 50.075575 22.020446
44 -106.294254 49.648577 21.982266
45 -106.133774 49.159615 21.982266
46 -106.048923 48.773885 22.085743
47 -106.081435 48.534265 22.085743
48 -106.160572 48.040688 22.085743
49 -106.194269 47.637157 22.933382
50 -106.187933 47.422251 22.933382
51 -106.173640 46.937461 22.933382
52 -106.167063 46.522551 23.865038
53 -106.182414 46.280538 23.865038
54 -106.199745 45.780870 24.941933
55 -106.197067 45.288496 24.941933
56 -106.184247 44.796247 24.941933
57 -106.186188 44.388798 26.090995
58 -106.252859 44.132460 26.090995
59 -106.326695 43.724512 26.955149
60 -106.308479 43.510405 26.955149
61 -106.281519 43.076355 26.955149
62 -106.283443 42.861363 28.155640
63 -106.287334 42.426381 28.155640
64 -106.296426 42.211577 28.155640
65 -106.303007 41.776638 29.150987
66 -106.295426 41.561771 29.150987
67 -106.280090 41.127042 29.150987
68 -106.281108 40.912044 30.207616
69 -106.257226 40.477921 30.207616
70 -106.208864 40.268470 30.207616
71 -106.068765 39.799010 31.201603
72 -105.935989 39.395303 31.201603
73 -105.845903 39.200167 31.201603
74 -105.631364 38.743012 32.070236
75 -105.462896 38.394063 32.070236
76 -105.353145 38.152869 32.070236
77 -105.142533 37.721559 33.115858
78 -105.050835 37.546678 33.115858
80 -104.808254 37.055857 34.392151
80 -104.780626 36.999796 34.392151
81 -104.844652 36.907809 34.392151
82 -105.210012 36.869948 34.392151
83 -105.795366 37.021566 35.060235
84 -106.417698 37.153492 35.060235
85 -107.061852 37.134420 35.060235
86 -107.707411 37.084324 35.060235
87 -108.351749 37.020607 35.060235
88 -108.994290 36.964657 35.060235
89 -109.641049 36.934135 35.060235
91 -110.545843 36.915438 35.060235
91 -110.545843 36.915438 35.060235
92 -110.569606 36.953300 35.060235
93 -110.514291 37.252133 35.060235
94 -110.060636 37.630691 35.060235
95 -109.476703 37.911599 35.060235
96 -108.861513 38.121173 35.060235
97 -108.269817 38.389389 35.060235
98 -107.733901 38.755135 35.060235
99 -107.277426 39.206542 35.060235
100 -106.903720 39.646722 35.060235
102 -106.638129 39.991201 35.060235
102 -106.464949 40.223795 35.060235
103 -106.221511 40.590149 35.060235
104 -106.067012 40.805446 35.060235
105 -105.806672 41.243656 35.060235
106 -105.534930 41.727409 35.060235
107 -105.212405 42.185072 35.060235
108 -104.818389 42.676576 35.060235
109 -104.438583 43.169747 35.060235
110 -104.099879 43.615639 35.305808
111 -103.745906 44.039825 35.305808
113 -103.494512 44.370004 35.305808
113 -103.447334 44.440656 35.305808
114 -103.378443 44.744743 35.305808
115 -103.426113 45.216817 35.305808
116 -103.490853 45.681844 35.305808
117 -103.511138 46.151202 35.305808
118 -103.500367 46.626022 35.305808
119 -103.478794 47.095404 35.305808
120 -103.471701 47.570318 35.305808
121 -103.459969 48.040021 35.060235
122 -103.464375 48.514968 35.060235
124 -103.468710 49.294736 35.060235
124 -103.471306 49.364661 35.060235
125 -103.511231 49.626579 35.060235
126 -103.520550 50.076045 35.060235
127 -103.459123 50.541481 35.060235
128 -103.373355 50.926944 35.060235
129 -103.272003 51.171622 35.060235
130 -103.106452 51.552027 35.060235
131 -103.073021 51.746591 35.060235
132 -102.974794 52.200948 35.060235
133 -102.891056 52.540720 35.060235
135 -102.669413 53.065329 35.060235
135 -102.572584 53.262872 35.060235
136 -102.418553 53.596521 35.060235
137 -102.306772 53.811719 35.060235
138 -102.070624 54.257962 35.060235
139 -101.877313 54.739928 35.060235
140 -101.843915 55.203819 35.060235
141 -101.917795 55.622270 35.060235
142 -101.979529 55.809652 35.060235
143 -102.089692 56.260720 35.060235
144 -102.125376 56.663961 35.060235
146 -102.064537 57.149742 35.305808
146 -102.057402 57.204277 35.305808
147 -102.057402 57.204277 35.305808
148 -102.057402 57.204277 35.305808
149 -102.087268 57.206514 35.305808
150 -102.206483 57.136449 35.305808
151 -102.308095 56.741662 35.305808
152 -102.312215 56.267874 35.305808
153 -102.100104 55.741471 35.060235
154 -101.804334 55.269090 35.060235
155 -101.466438 54.813167 35.060235
157 -101.112015 54.323935 35.060235
157 -101.046835 54.229194 35.060235
158 -100.705598 53.818350 35.060235
159 -100.165239 53.488237 35.060235
160 -99.544316 53.325081 35.060235
161 -98.909395 53.186322 35.060235
162 -98.279650 53.035749 35.060235
163 -97.645871 52.891497 35.060235
164 -97.009166 52.760752 35.060235
165 -96.379850 52.599000 35.060235
166 -95.767592 52.381148 35.141145
168 -94.683837 51.941350 35.060235
168 -94.683837 51.941350 35.060235
169 -94.593369 51.818173 35.060235
170 -94.570867 51.395889 35.060235
171 -94.643452 50.921972 35.007714
172 -94.736967 50.538294 35.007714
173 -94.780256 50.287099 35.007714
174 -94.860391 49.808886 35.007714
175 -94.894952 49.320448 35.007714
176 -94.897189 48.925489 35.007714
177 -94.895582 48.678151 35.007714
179 -94.914448 47.768347 35.007714
180 -94.914448 47.768347 35.007714
180 -94.925234 47.751527 35.007714
181 -94.998777 47.725789 35.007714
182 -95.075997 47.807017 35.007714
183 -95.147156 48.189402 35.007714
184 -95.115204 48.674497 35.007714
185 -95.034835 49.066326 35.141145
186 -94.977595 49.255334 35.141145
187 -94.873498 49.708024 35.141145
188 -94.816266 50.101327 35.141145
191 -94.575365 50.747535 35.141145
192 -94.575365 50.747535 35.141145
193 -94.395397 50.788771 35.141145
194 -94.012254 50.501161 35.141145
195 -93.800749 50.159109 35.141145
196 -93.683783 49.891019 35.141145
197 -93.513937 49.479723 35.141145
198 -93.453119 49.237271 35.141145
199 -93.301709 48.740403 35.141145
200 -92.979188 48.195325 35.141145
201 -92.444779 47.841390 35.141145
202 -91.491276 47.743332 35.007715
203 -91.426365 47.746730 35.007715
204 -91.393160 47.767801 35.007715
205 -91.327299 47.906127 35.007715
206 -91.324348 48.018089 35.007715
207 -91.327075 48.037902 35.007715
208 -91.327075 48.037902 35.007715
209 -91.327075 48.037902 35.007715
210 -91.327075 48.037902 35.007715
211 -91.327075 48.037902 35.007715
212 -91.332582 47.923466 35.007715
214 -92.153086 47.740741 35.007715
214 -92.406671 47.795110 35.007715
215 -92.737478 47.997151 35.007715
216 -92.994444 48.314261 35.007715
217 -93.121479 48.580503 35.007715
218 -93.341855 49.056892 35.007715
219 -93.492704 49.421919 35.007715
220 -93.561629 49.656991 35.007715
221 -93.719867 50.136265 35.007715
222 -93.875280 50.491043 35.007715
223 -94.034065 50.739654 35.007715
225 -94.456488 51.669540 35.007715
225 -94.511334 51.882592 35.007715
226 -94.567996 52.131148 35.007715
227 -94.643499 52.483048 35.007715
228 -94.760737 52.753649 35.007715
229 -94.859539 53.078310 35.007715
230 -94.889245 53.369295 35.007715
231 -94.960317 53.818364 35.007715
232 -95.062991 54.163081 35.007715
233 -95.219449 54.412925 35.007715
234 -95.444276 54.796373 35.007715
236 -95.667914 55.501670 35.007715
236 -95.667914 55.501670 35.007715
237 -95.667914 55.501670 35.007715
238 -95.595751 55.561411 35.007715
239 -95.346452 55.547176 35.007715
240 -95.165769 55.205058 35.007715
241 -95.116902 54.728800 35.007715
242 -95.120281 54.384007 35.007715
243 -95.039866 54.100562 35.007715
244 -94.895508 53.643051 35.007715
245 -94.774085 53.173532 35.007715
247 -94.507290 52.407528 35.007715
248 -94.390211 52.139494 35.007715
249 -94.221837 51.695871 35.007715
250 -94.104209 51.194521 35.007715
251 -93.978603 50.700245 35.007715
252 -93.872446 50.340774 35.007715
253 -93.735330 50.079636 35.007715
254 -93.505751 49.596670 35.007715
255 -93.308965 49.131746 35.007715
256 -93.080128 48.642674 35.007715
257 -92.726573 48.137407 35.007715
259 -91.412068 47.654673 35.007715
260 -90.765191 47.630734 35.007715
261 -90.116448 47.668796 35.007715
262 -89.472057 47.732050 35.007715
263 -89.018760 47.771257 35.007715
264 -89.018760 47.771257 35.007715
265 -89.018760 47.771257 35.007715
266 -89.018760 47.771257 35.007715
267 -89.018760 47.771257 35.007715
268 -89.018760 47.771257 35.007715
269 -89.018760 47.771257 35.007715
271 -89.008792 47.772059 35.007715
272 -88.783875 47.776500 35.007715
273 -88.184132 47.794053 35.007715
274 -87.796800 47.805433 35.007715
275 -87.796800 47.805433 35.007715
276 -87.796800 47.805433 35.007715
277 -87.796800 47.805433 35.007715
278 -87.796800 47.805433 35.007715
279 -87.796800 47.805433 35.007715
280 -87.796800 47.805433 35.007715
281 -87.796800 47.805433 35.007715
283 -87.796800 47.805433 35.007715
284 -87.796800 47.805433 35.007715
285 -87.796800 47.805433 35.007715
286 -87.796800 47.805433 35.007715
287 -87.796800 47.805433 35.007715
288 -87.796800 47.805433 35.007715
289 -87.796800 47.805433 35.007715
290 -87.796800 47.805433 35.007715
291 -87.796800 47.805433 35.007715
292 -87.796800 47.805433 35.007715
293 -87.796800 47.805433 35.007715
295 -87.796800 47.805433 35.007715
296 -87.796800 47.805433 35.007715
297 -87.796800 47.805433 35.007715
298 -87.796800 47.805433 35.007715
299 -87.796800 47.805433 35.007715
300 -87.796800 47.805433 35.007715
301 -87.796800 47.805433 35.007715
302 -87.796800 47.805433 35.007715
303 -87.796800 47.805433 35.007715
304 -87.796800 47.805433 35.007715
305 -87.796800 47.805433 35.007715
307 -87.796800 47.805433 35.007715
308 -87.796800 47.805433 35.007715
309 -87.796800 47.805433 35.007715
311 -87.796800 47.805433 35.007715
312 -87.796800 47.805433 35.007715
313 -87.713651 47.620629 35.007715
314 -87.935243 47.184678 35.007715
315 -88.525487 46.958097 35.007715
316 -89.168929 46.913661 35.007715
317 -89.813339 46.829672 35.007715
318 -90.450691 46.702761 35.007715
319 -91.078261 46.534525 35.007715
320 -91.681361 46.293696 35.007715
321 -92.255475 45.994343 35.007715
323 -93.108004 45.196146 35.007715
324 -93.259842 44.744248 35.007715
325 -93.307864 44.340054 35.007715
326 -93.273427 44.077402 35.007715
327 -93.237997 43.618889 35.007715
328 -93.238672 43.403890 35.007715
329 -93.228548 42.969041 35.007715
330 -93.220435 42.754256 35.007715
331 -93.220120 42.319272 35.007715
332 -93.229844 42.104492 35.007715
333 -93.244209 41.669739 35.007715
335 -93.129755 41.020855 35.007715
336 -93.162840 40.818842 35.007715
337 -93.232483 40.339084 35.007715
338 -93.255655 39.849956 35.007715
339 -93.253446 39.374993 35.007715
340 -93.259168 39.000092 35.806425
341 -93.218821 38.738231 35.806425
342 -93.185424 38.324685 36.971612
343 -93.192905 38.109817 36.971612
344 -93.199589 37.674875 36.971612
345 -93.192458 37.459993 37.704378
348 -93.191489 36.685229 38.554119
349 -93.214045 36.366147 38.554119
350 -93.286213 36.155839 38.554119
351 -93.377956 35.772288 38.554119
352 -93.362932 35.527906 39.410913
353 -93.342457 35.123475 39.410913
354 -93.345032 34.878489 39.410913
355 -93.347401 34.473506 40.447745
356 -93.338501 34.228667 40.447745
357 -93.331379 33.823747 40.447745
358 -93.338286 33.573842 40.447745
360 -93.334550 32.689078 41.416182
361 -93.354076 32.465801 42.290662
362 -93.428204 32.129103 42.290662
363 -93.451853 31.845768 42.290662
364 -93.411717 31.483003 42.290662
365 -93.378815 30.923999 43.170593
366 -93.366846 30.449225 43.170593
367 -93.352820 30.240004 43.170593
368 -93.310454 29.852377 44.335314
369 -93.282981 29.303099 44.335314
370 -93.250831 28.851774 44.595292
372 -93.161595 27.994827 44.595292
373 -93.171969 27.505390 44.595292
374 -93.197576 27.031217 44.595292
375 -93.194224 26.656263 44.595292
376 -93.203550 26.391460 44.595292
377 -93.205725 25.976470 44.688478
378 -93.190626 25.762019 44.688478
379 -93.180065 25.327178 44.688478
380 -93.186195 25.112265 44.688478
381 -93.194720 24.677354 44.688478
382 -93.185542 24.462575 44.688478
385 -93.137449 23.644450 44.876944
386 -93.181374 23.162190 44.876944
387 -93.253728 22.657361 44.876944
388 -93.296171 22.129225 44.876944
389 -93.296227 21.654380 44.892985
390 -93.294282 21.189469 44.892985
391 -93.285136 20.879961 45.485164
392 -93.210860 20.584290 45.485164
393 -93.171684 20.241804 46.417455
394 -93.168384 19.931842 46.417455
395 -93.146338 19.587697 46.417455
397 -93.013043 18.764119 48.312526
398 -92.891422 18.280437 48.312526
399 -92.531247 17.777115 50.772632
400 -92.060312 17.430224 50.772632
401 -91.520105 17.068740 52.313862
402 -90.976332 16.712649 52.313862
403 -90.425743 16.367183 55.441682
404 -89.887684 16.002691 55.441682
405 -89.352175 15.634473 56.024460
406 -88.786045 15.315422 57.155404
407 -88.217873 14.999931 57.155404
411 -86.868158 14.234130 58.462468
412 -86.362851 14.141390 59.619629
413 -85.744669 14.322870 59.619629
414 -85.163030 14.612998 60.102747
415 -84.570254 14.879484 60.102747
416 -83.968094 15.124128 60.102747
417 -83.362658 15.360649 61.317699
418 -82.753015 15.585853 61.317699
419 -82.133106 15.781238 62.316131
420 -81.509352 15.963633 62.395033
421 -80.879551 16.124314 62.395033
424 -78.932365 16.750907 64.709352
425 -78.813824 16.969049 64.709352
426 -78.869644 17.467181 65.501910
427 -79.001471 17.799369 65.782218
428 -79.092510 18.095591 65.782218
430 -79.193282 18.420061 65.782218
431 -79.244132 18.710639 65.782218
432 -79.351702 19.311055 65.782218
433 -79.406136 19.580150 65.782218
434 -79.531853 19.912133 65.782218
435 -79.718054 20.439719 65.782218
439 -80.254995 21.847440 65.782218
440 -80.543910 22.171752 65.782218
441 -80.875949 22.728716 65.782218
442 -80.935046 23.138876 65.782218
443 -80.950371 23.598607 65.782218
444 -80.997639 23.792759 65.782218
445 -81.092896 24.359546 65.782218
446 -81.167368 24.838689 65.782218
447 -81.276192 25.264828 65.782218
448 -81.375302 25.497049 65.782218
450 -81.560458 25.950589 65.782218
454 -81.863711 27.133089 65.782218
455 -81.903569 27.193450 65.782218
456 -81.986555 27.264803 65.782218
457 -82.022748 27.280370 65.782218
458 -82.166964 27.211648 65.782218
459 -82.293273 26.767316 65.782218
460 -82.245030 26.225130 65.782218
461 -82.153318 25.840976 65.782218
462 -82.100334 25.535569 65.782218
464 -82.015222 25.165272 65.782218
465 -81.973680 24.923856 65.782218
469 -81.416671 23.455421 65.782218
470 -81.416671 23.455421 65.782218
471 -81.436034 23.460327 65.782218
472 -81.536471 23.604645 65.782218
474 -81.601615 24.059362 65.782218
475 -81.555306 24.576514 65.782218
476 -81.438508 25.165029 65.782218
477 -81.383091 25.444292 65.782218
478 -81.307130 25.790613 65.782218
479 -81.269050 26.394062 65.782218
480 -81.286053 26.863688 65.782218
485 -81.294899 28.817082 65.782218
486 -81.296251 29.281894 65.942552
487 -81.301373 29.826784 65.942552
488 -81.301053 30.351784 65.942552
489 -81.319489 30.836382 65.942552
490 -81.372415 31.413887 65.942552
491 -81.384963 31.938665 65.942552
492 -81.380523 32.403567 65.942552
493 -81.333662 32.976643 65.942552
494 -81.295072 33.394796 65.942552
495 -81.271038 33.964261 65.942552
501 -81.088801 35.757768 65.942552
502 -81.103570 35.836396 65.942552
503 -81.215148 35.943202 65.942552
504 -81.272078 35.961024 65.942552
505 -81.391217 35.915596 65.942552
506 -81.502496 35.621438 65.942552
507 -81.470782 35.118979 65.942552
508 -81.458957 34.644880 65.942552
509 -81.480106 34.448599 65.942552
510 -81.554057 33.964214 65.942552
511 -81.623070 33.760714 65.942552
517 -82.362887 31.394934 65.942552
518 -82.444521 31.218204 65.942552
519 -82.595165 30.800695 65.942552
520 -82.723772 30.312442 65.942552
521 -82.862653 30.075311 65.942552
522 -83.119254 29.605915 65.942552
523 -83.397416 29.120277 65.942552
525 -83.884947 28.537769 65.942552
526 -84.286347 28.065418 65.942552
527 -84.491740 27.737740 65.942552
528 -84.609893 27.445739 65.942552
534 -85.259146 25.254627 65.942552
535 -85.259146 25.254627 65.942552
536 -85.259146 25.254627 65.942552
537 -85.175703 25.288164 65.942552
538 -85.075497 25.586008 65.942552
539 -85.073678 26.070804 65.942552
540 -85.091079 26.252354 65.942552
541 -85.040365 26.766393 65.942552
542 -84.892413 27.235827 65.942552
543 -84.725544 27.672457 65.942552
545 -84.573678 27.913610 65.942552
551 -82.722905 30.519466 65.942552
552 -82.533835 30.992183 65.942552
553 -82.489185 31.212329 65.942552
554 -82.431546 31.633349 65.942552
555 -82.399807 32.152172 65.942552
556 -82.407893 32.677096 65.942552
557 -82.441536 33.190914 65.942552
558 -82.457270 33.665621 65.942552
559 -82.461621 34.135520 65.942552
561 -82.457634 34.539631 65.942552
562 -82.389483 34.857314 65.942552
568 -82.331906 37.803572 65.942552
569 -82.364945 38.342535 65.942552
570 -82.364853 38.922410 65.942552
571 -82.338350 39.341540 65.942552
572 -82.294431 39.849627 65.942552
573 -82.295920 40.049622 65.942552
574 -82.289672 40.529545 65.942552
575 -82.268077 41.043920 65.942552
576 -82.256047 41.518707 65.942552
577 -82.221479 42.017475 65.942552
579 -82.176716 42.520448 65.942552
585 -81.790875 45.238648 65.942552
586 -81.783918 45.437841 65.942552
587 -81.899406 45.897714 65.942552
588 -81.951712 46.090726 65.942552
589 -82.067101 46.576933 65.942552
590 -82.093384 46.790320 65.942552
591 -82.135521 47.223255 65.942552
593 -82.148889 47.517951 65.942552
594 -82.165003 47.892584 65.942552
595 -82.165206 48.137583 65.942552
596 -82.199051 48.691422 65.942552
603 -82.671040 50.696182 65.942552
604 -82.607547 50.749580 65.942552
605 -82.482316 50.716479 65.942552
606 -82.361125 50.334723 65.942552
607 -82.345257 49.787854 65.942552
608 -82.322848 49.541945 65.942552
609 -82.227968 49.051040 65.942552
610 -82.211605 48.886856 65.942552
611 -82.137873 48.362159 65.942552
612 -82.084241 48.222133 65.942552
613 -81.922811 47.802176 65.942552
621 -81.537050 45.229190 65.942552
622 -81.587120 44.857781 65.942552
623 -81.556679 44.584549 65.942552
624 -81.532179 44.195473 65.942552
625 -81.533588 43.890476 65.942552
626 -81.536581 43.545514 65.942552
627 -81.549103 43.145727 65.942552
628 -81.549341 42.860782 65.942552
629 -81.533538 42.386045 65.942552
630 -81.530852 42.161105 65.942552
631 -81.525163 41.736180 65.942552
638 -81.555243 39.471521 65.942552
639 -81.625412 38.991649 65.942552
641 -81.658813 38.403227 65.942552
642 -81.649750 37.928401 65.942552
643 -81.629542 37.586660 65.942552
644 -81.613764 37.227221 65.942552
645 -81.604545 36.947525 65.942552
646 -81.574455 36.488665 65.942552
647 -81.575350 36.248826 65.942552
648 -81.596831 35.774341 65.942552
649 -81.596620 35.549400 65.942552
656 -81.649590 33.072635 65.942552
657 -81.704735 32.864897 65.942552
658 -81.769699 32.344556 65.942552
660 -81.760860 31.835226 65.942552
661 -81.731525 31.491545 65.942552
662 -81.726157 31.171611 65.942552
663 -81.707178 30.641951 65.942552
664 -81.698987 30.047132 65.942552
665 -81.691775 29.837429 65.942552
666 -81.672589 29.447983 65.942552
667 -81.662950 28.840574 65.942552
674 -81.711986 25.674277 65.942552
675 -81.780762 25.239780 65.942552
676 -81.791247 24.974990 65.942552
677 -81.789742 24.605098 65.942552
679 -81.701647 24.261553 65.942552
680 -81.557225 23.798591 65.942552
681 -81.455589 23.492646 65.942552
682 -81.318769 23.143514 65.942552
683 -81.147942 22.673972 65.942552
684 -81.070002 22.395033 65.942552
685 -80.983328 21.989287 65.942552
692 -78.112707 18.331000 65.942552
693 -77.697584 17.843955 65.942552
694 -77.550053 17.609604 65.942552
695 -77.287653 17.166604 65.942552
696 -76.800095 16.671761 65.942552
698 -76.143472 16.411747 65.942552
699 -75.443184 16.296113 66.989702
700 -74.800974 16.213575 66.989702
701 -74.029845 16.114284 67.424774
702 -73.258753 15.996794 68.423535
703 -72.557594 15.870718 69.144054
711 -67.540648 14.842103 72.751771
712 -66.703430 14.905612 73.956881
714 -65.733169 14.962707 74.773393
715 -64.763954 14.928161 75.429571
717 -63.798404 14.837884 76.368189
718 -62.832051 14.728804 77.633628
720 -61.739221 14.603520 78.557624
722 -60.709629 14.498061 78.557624
723 -59.676622 14.436472 79.433622
725 -59.187042 14.416292 80.190400
727 -58.102269 14.400112 81.879059
737 -53.680671 14.743251 85.918219
739 -53.686874 14.897257 86.807490
741 -54.345316 15.016605 87.340828
743 -55.639835 15.031156 87.798977
745 -56.990334 15.204597 87.891412
747 -58.326685 15.456610 87.891412
749 -59.602872 15.690692 87.891412
751 -60.935698 15.961118 87.891412
753 -62.337669 16.229184 87.891412
755 -63.593983 16.473721 87.891412
757 -64.309960 16.997312 87.798977
768 -63.959677 21.573802 87.521085
770 -62.597413 21.952664 87.344950
772 -61.332091 22.249324 87.344950
774 -60.026933 22.644780 87.344950
776 -58.875878 23.245197 87.344950
779 -57.673041 24.018438 87.521085
781 -56.544655 24.663214 87.521085
783 -55.502797 25.125075 87.521085
785 -54.826224 25.838034 87.521085
787 -54.293329 26.389447 87.521085
801 -53.675875 26.455787 87.521085
803 -53.723726 26.468466 87.521085
805 -53.630720 26.731436 87.521085
807 -52.481986 26.745041 87.521085
809 -51.138676 26.551191 87.521085
811 -49.715397 26.493967 87.521085
813 -48.422911 26.498945 87.521085
815 -46.997949 26.490919 87.521085
817 -45.705494 26.480071 87.521085
819 -44.345701 26.459226 87.859093
822 -42.923605 26.427196 89.015618
838 -35.755163 26.158416 99.109739
841 -34.967203 27.546807 99.109739
844 -33.946053 28.981810 99.109739
847 -32.731609 30.383823 99.296024
850 -31.631762 31.653145 99.423641
852 -30.823296 32.696410 99.423641
855 -29.940851 33.776521 99.423641
858 -29.172151 34.798534 99.423641
861 -28.243238 36.124568 99.423641
864 -27.542221 37.061296 99.423641
867 -26.787744 38.139193 99.296024
888 -26.571221 38.383365 99.423641
891 -27.624726 39.329156 99.296024
894 -29.471761 39.666223 99.296024
897 -31.256389 40.267513 99.423641
899 -32.914637 41.015449 99.423641
902 -34.633374 41.789309 99.423641
905 -36.359768 42.545384 99.296024
908 -37.911584 43.389913 99.423641
911 -38.297393 43.567819 99.423641
936 -38.094187 43.516701 99.423641
939 -39.822175 43.669831 99.423641
942 -41.626936 43.792536 99.423641
945 -43.439389 43.801052 99.423641
948 -45.316074 43.837474 99.296024
951 -47.124720 43.905678 99.423641
954 -49.066681 43.950121 99.423641
956 -50.876427 43.980453 99.423641
959 -52.753464 43.964603 99.423641
962 -54.629308 43.890215 99.423641
965 -55.781011 43.651551 99.423641
993 -55.290944 43.156000 99.423641
995 -53.451183 42.897212 99.423641
998 -51.625071 42.433457 99.423641
1001 -49.888312 41.911542 99.423641
1004 -48.092591 41.347554 99.423641
1007 -46.329983 40.715712 99.423641
1010 -44.514692 40.218689 99.423641
1013 -42.752049 39.786731 99.423641
1016 -40.887924 39.232155 99.423641
1018 -39.093302 38.682009 99.423641
1021 -37.413930 37.993585 99.423641
1050 -28.060648 28.805964 97.716428
1052 -28.275614 27.795063 97.716428
1055 -28.373221 26.519654 98.796864
1058 -28.404870 25.180249 98.796864
1060 -28.461300 24.162192 98.796864
1063 -28.538797 22.985370 98.796864
1065 -28.664779 21.586968 98.796864
1068 -28.761697 20.574479 98.857981
1070 -29.060940 19.335840 98.796864
1073 -29.391590 18.462071 98.857981
1075 -29.586010 17.595451 98.857981
1105 -27.889116 12.787234 110.784568
1109 -28.794685 11.325987 110.784568
1112 -29.324257 10.351614 111.248283
1115 -29.575088 8.817719 111.248283
1118 -30.013569 7.723283 111.248283
1121 -30.363625 6.823882 111.248283
1125 -30.936042 5.629964 111.297531
1128 -31.628380 4.439672 111.297531
1131 -31.956415 3.567310 111.297531
1134 -32.395042 2.434488 111.297531
1138 -32.630242 1.576910 111.297531
1157 -32.622418 0.449607 111.744443
1160 -32.678730 -0.680791 111.744443
1163 -32.379995 -1.585478 112.191000
1167 -32.087258 -2.823711 112.528487
1170 -31.947169 -4.115219 113.324404
1174 -31.859950 -5.470336 113.766869
1177 -31.868204 -6.865136 115.880372
1181 -31.906393 -8.428767 116.700731
1185 -31.648238 -9.897423 118.224957
1189 -31.245047 -11.147774 119.224580
1193 -30.860649 -12.433453 119.387858
1215 -29.677174 -17.083936 122.832653
1220 -29.064031 -18.494112 122.832653
1224 -28.376513 -19.800241 123.780857
1228 -27.690258 -21.364416 126.576857
1232 -27.052808 -22.949363 127.559008
1237 -26.422917 -24.545332 128.864971
1241 -25.764525 -26.314419 129.727178
1246 -24.628586 -28.105123 131.204042
1250 -23.710072 -29.366092 131.054266
1290 -23.694877 -28.655849 131.186968
1294 -25.830624 -27.143645 131.186968
1298 -28.087104 -27.002058 131.353952
1301 -30.311133 -26.588510 131.186968
1305 -32.568566 -26.473030 131.186968
1308 -34.832597 -26.520292 131.186968
1312 -36.615118 -26.715852 131.186968
1352 -35.895734 -27.369081 131.452884
1355 -34.291147 -28.650965 131.452884
1358 -32.502953 -29.768497 131.452884
1362 -30.857542 -30.853230 131.186968
1403 -31.211812 -31.084804 131.884573
1407 -33.003727 -29.514556 131.884573
1410 -34.691741 -28.192004 131.884573
1414 -36.381179 -27.039364 131.884573
1417 -38.577391 -27.143947 131.884573
1420 -40.776098 -27.217191 131.884573
1424 -41.981835 -27.330132 131.884573
1465 -42.071241 -28.238569 131.884573
1468 -42.460953 -29.408528 131.884573
1471 -42.929881 -30.395886 131.884573
1474 -43.214890 -31.961000 131.884573
1477 -43.194084 -32.937471 131.884573
1480 -43.434065 -34.337414 131.884573
1483 -43.711107 -35.248823 131.884573
1485 -43.868988 -36.633696 131.884573
1488 -44.197548 -37.983584 131.884573
1490 -44.412563 -38.836505 131.884573
1493 -44.514200 -39.660762 131.884573
1518 -43.855081 -40.348296 131.884573
1520 -42.707423 -41.302077 131.884573
1523 -41.457547 -42.105382 131.884573
1525 -40.044649 -42.766110 131.884573
1527 -38.589598 -43.489137 131.884573
1530 -37.281301 -44.076838 132.945179
1556 -36.551795 -43.855483 135.485279
1559 -37.726119 -43.058279 135.627802
1561 -39.455336 -42.769679 135.627802
1564 -41.052317 -42.226717 135.627802
1567 -42.619782 -41.456753 135.627802
1569 -43.194737 -40.254820 135.627802
1572 -43.165439 -39.410970 135.627802
1575 -43.168831 -37.931692 135.627802
1578 -43.283572 -36.980760 135.627802
1581 -43.266416 -35.851792 135.627802
1584 -43.260904 -34.436905 135.627802
1632 -48.901790 -20.679927 135.627802
1635 -47.469797 -22.003443 135.627802
1638 -46.045471 -23.294393 135.627802
1641 -44.928412 -24.643119 135.627802
1644 -44.857389 -25.501442 135.627802
1647 -44.875713 -26.621008 135.627802
1650 -44.818785 -27.678900 135.627802
1653 -44.809607 -28.930905 135.627802
1656 -44.797259 -30.400532 135.627802
1659 -44.764134 -31.979057 135.627802
1662 -44.653915 -33.122331 135.627802
1712 -50.040255 -31.481974 135.627802
1715 -49.223911 -32.420985 135.627802
1718 -48.489485 -33.411311 135.627802
1721 -47.206071 -35.006978 135.627802
1724 -46.391783 -35.829281 135.627802
1727 -46.208301 -36.046617 135.627802
1730 -44.749743 -35.589813 135.627802
1733 -44.344397 -34.549863 135.627802
1736 -43.900774 -33.427704 135.627802
1739 -43.458119 -32.214996 135.627802
1742 -43.112127 -31.058939 135.627802
1793 -26.718009 -18.756147 135.627802
1796 -26.837307 -18.811687 135.627802
1799 -26.891284 -19.903118 135.627802
1802 -26.874312 -21.417171 135.627802
1805 -26.945944 -22.885205 135.627802
1808 -26.984504 -24.134232 135.627802
1811 -28.009602 -25.478983 135.627802
1814 -29.998300 -25.632412 135.627802
1817 -31.979254 -25.986125 135.627802
1820 -33.907206 -26.217679 135.627802
1823 -35.840395 -26.429962 135.627802
1874 -41.775001 -41.937165 135.627802
1877 -41.783713 -41.744254 135.627802
1880 -41.783713 -41.744254 135.627802
1882 -41.967668 -41.997444 135.627802
1885 -43.071322 -41.111072 135.627802
1888 -43.133373 -40.044096 135.627802
1891 -43.145688 -39.248360 135.627802
1894 -43.164993 -38.289928 135.627802
1897 -43.239257 -37.242412 135.627802
1899 -43.339342 -36.167812 135.627802
1902 -43.334804 -35.264028 135.627802
1953 -26.989547 -24.439437 135.627802
1956 -26.845553 -23.481649 135.627802
1959 -26.595050 -22.473694 135.627802
1961 -26.343329 -21.447458 135.627802
1964 -26.279094 -20.370064 135.627802
1967 -26.266789 -19.374588 135.627802
1970 -26.113774 -18.362238 135.627802
1973 -26.075005 -17.290592 135.627802
1976 -26.061938 -16.266309 135.627802
1978 -26.088825 -15.352094 135.627802
1981 -26.026850 -14.509717 135.627802
2032 -25.646726 2.368823 135.627802
2035 -25.872199 1.737672 135.627802
2038 -25.783265 0.744881 135.627802
2040 -25.741885 -0.291673 135.627802
2043 -25.795680 -1.379587 135.627802
2046 -25.796701 -2.463999 135.627802
2049 -25.789258 -3.583378 135.627802
2052 -25.836349 -4.871965 135.627802
2054 -25.878883 -5.840459 135.627802
2057 -25.952710 -6.920629 135.627802
2060 -25.952242 -7.872805 135.627802
2111 -32.076182 -25.701694 135.627802
2114 -33.948140 -25.887541 135.627802
2117 -35.733227 -26.241392 135.627802
2120 -37.527800 -26.527807 135.627802
2123 -39.386564 -26.839212 135.627802
2125 -41.164768 -27.213008 135.627802
2128 -42.359927 -28.145315 135.627802
2131 -42.335711 -29.418824 135.627802
2134 -42.557695 -30.426200 135.627802
2137 -42.922917 -31.406727 135.627802
2140 -43.201099 -32.501484 135.627802
2191 -24.872760 -47.117258 144.957169
2195 -22.930124 -48.147382 146.518056
2198 -21.294391 -49.336137 146.233036
2201 -19.344845 -50.051580 146.233036
2205 -17.866179 -50.962152 149.918981
2260 -17.758038 -51.038712 154.776293
2264 -18.756973 -50.921285 154.776293
2268 -21.283511 -51.516775 154.776293
2272 -24.124609 -52.211687 154.627879
2277 -25.788583 -52.635903 154.627879
2310 -23.826835 -52.650148 154.452649
2314 -21.044911 -52.609573 154.452649
2319 -18.262503 -52.588139 154.452649
2323 -15.352616 -52.562488 154.452649
2328 -12.505222 -52.551937 154.627879
2332 -9.592740 -52.541593 155.437000
2337 -6.487760 -52.530565 158.435163
2341 -3.575279 -52.520050 161.791041
2346 -0.737744 -52.218351 162.474924
2351 -0.291175 -52.163141 165.466193
2386 -1.701393 -51.485612 168.560081
2392 -4.282120 -49.245588 168.560081
2397 -5.639529 -47.090769 168.560081
2402 -5.559296 -45.235235 168.560081
2408 -5.648272 -43.434408 168.560081
2413 -5.310418 -41.762424 168.560081
2477 -5.502447 -43.252048 168.371319
2482 -5.459506 -45.155694 168.371319
2487 -5.404293 -46.983634 168.371319
2493 -5.150049 -49.224446 168.371319
2498 -1.895610 -49.920580 168.371319
2503 1.312741 -50.924036 168.560081
2508 4.474917 -51.891825 168.560081
2513 7.694801 -52.900739 169.782982
2519 11.209384 -54.027954 174.277081
2525 14.666497 -55.439558 176.096397
2531 15.267212 -55.789036 177.648701
2569 14.759259 -57.464607 179.151392
2575 13.964961 -59.501615 179.151392
2580 13.140043 -61.688935 179.151392
2586 12.226657 -64.020844 179.656620
2592 11.889061 -65.088582 179.656620
2664 9.891903 -65.633182 179.656620
2669 6.651152 -67.314940 179.656620
2674 4.114051 -69.240175 184.868876
2680 1.690449 -70.933307 186.252144
2685 1.446890 -72.441444 186.252144
2731 3.838554 -73.459071 186.255366
2736 6.929155 -74.627559 186.255366
2742 10.075973 -75.860404 188.382221
2747 13.668519 -77.376829 190.663739
2754 15.612254 -78.237627 195.256194
2808 16.111645 -77.256417 198.794420
2815 20.220112 -75.670710 199.105453
2822 24.448159 -73.377613 200.450746
2829 28.661645 -71.058206 201.458932
2837 30.704850 -70.106923 202.823326
2939 30.706951 -69.405511 203.388155
2946 27.214822 -69.684537 203.388155
2954 22.239661 -69.897808 203.388155
2962 17.196462 -70.099260 203.388155
2970 12.217542 -70.287200 203.388155
2977 7.239535 -70.416674 203.388155
2985 2.324693 -70.577824 203.388155
2992 -2.656407 -70.694584 203.388155
3000 -7.702485 -70.812924 203.388155
3007 -12.358701 -70.919681 203.388155
3015 -15.246553 -71.230756 203.388155
3121 -17.079331 -74.185519 203.388155
3129 -18.165708 -76.625620 203.388155
3136 -20.119878 -79.927566 203.388155
3144 -21.462531 -82.762968 203.388155
3152 -22.202703 -84.385678 203.388155
3264 -21.510731 -83.448666 203.388155
3272 -20.248399 -80.787041 203.388155
3280 -18.688892 -77.871745 203.388155
3288 -16.739333 -75.312406 203.388155
3296 -13.150987 -73.399766 203.388155
3304 -8.194840 -71.831697 203.388155
3312 -3.292338 -70.107623 203.388155
3320 1.606046 -68.367659 203.388155
3328 6.292651 -65.854548 203.388155
3336 10.277860 -62.730436 203.388155
3344 14.402756 -59.364319 203.388155
3458 19.181335 -54.491995 203.388155
3466 16.450657 -55.166772 203.388155
3474 16.096250 -51.588896 203.388155
3482 16.092685 -47.930000 203.388155
3490 19.692510 -44.664430 203.388155
3498 20.681948 -44.021788 203.388155
3614 17.312842 -44.737931 203.388155
3622 16.053773 -42.573813 203.388155
3630 15.676972 -40.011698 203.388155
3638 15.436898 -36.858775 203.388155
3646 15.229788 -34.008169 203.388155
3768 15.474539 -32.180729 203.388155
3776 16.677324 -29.368670 203.388155
3784 17.648267 -26.502811 203.121494
3792 18.201351 -23.779386 203.121494
3800 18.986936 -21.086669 203.121494
3928 18.633009 -24.016950 203.121494
3936 17.672673 -27.672558 203.121494
3944 16.728544 -30.267481 203.121494
3952 16.051896 -33.111381 203.121494
3960 15.964699 -37.148174 203.121494
3968 16.054421 -39.992501 203.121494
3976 15.907011 -43.030964 203.121494
3984 15.804990 -46.233169 203.121494
3992 15.451996 -49.116385 203.121494
4000 14.738514 -51.848575 203.121494
4008 14.184775 -54.661971 203.121494
4139 -38.138847 -70.774313 203.121494
4146 -43.052824 -70.593465 203.121494
4154 -47.903028 -70.454206 203.121494
4161 -52.014757 -70.918930 203.121494
4300 -49.425547 -71.943799 203.121494
4306 -45.354391 -73.470436 203.121494
4313 -41.525580 -75.330053 203.121494
4320 -40.981249 -77.941181 203.121494
4327 -40.261781 -80.761006 203.121494
4471 -40.317547 -80.295196 203.121494
4478 -40.270007 -77.897071 203.121494
4485 -40.839224 -74.934857 203.121494
4492 -41.347746 -72.297716 203.121494
4498 -42.024965 -69.953763 203.121494
4505 -42.803950 -67.193434 203.121494
4512 -42.600230 -64.098477 203.121494
4519 -41.520898 -62.942681 203.121494
4667 -43.781968 -65.278421 203.121494
4674 -46.299737 -67.965278 203.121494
4681 -50.237436 -69.964572 203.121494
4688 -54.143287 -72.033244 203.121494
4694 -58.097945 -74.148454 203.121494
4701 -61.570330 -77.032436 203.121494
4709 -62.034110 -77.717192 203.121494
4860 -61.265419 -76.546289 203.121494
4868 -58.444714 -74.801871 203.121494
4875 -55.901163 -76.525376 203.121494
4883 -54.061447 -79.428153 203.121494
4890 -52.791977 -81.827941 203.121494
4898 -52.288435 -82.579561 203.121494
5052 -52.768436 -81.007885 203.121494
5059 -53.521458 -78.537134 203.121494
5067 -54.397830 -75.883894 203.121494
5075 -54.431715 -75.928311 203.121494
5083 -51.787730 -74.261744 203.121494
5090 -47.094447 -73.722868 203.121494
5098 -42.148673 -73.142619 203.121494
5105 -37.190918 -72.536635 203.121494
5113 -32.365226 -72.005188 203.121494
5120 -27.542548 -71.448423 203.121494
5128 -22.709042 -70.920762 203.121494
5284 14.349957 -25.403289 203.121494
5291 14.431744 -28.614647 203.121494
5299 14.450376 -31.250033 203.121494
5306 14.472319 -34.375533 203.121494
5314 14.510371 -37.300864 203.121494
5321 14.422161 -40.015249 203.121494
5329 14.407600 -42.687514 203.121494
5337 14.427802 -45.653958 203.121494
5344 14.218567 -47.002200 203.121494
5352 14.218567 -47.002200 203.121494
5359 14.218567 -47.002200 203.121494
5515 -41.024524 -33.635652 203.121494
5522 -42.132878 -31.794703 203.121494
5530 -43.098778 -31.945402 203.121494
5538 -43.155865 -34.078938 203.121494
5545 -43.245130 -37.452086 203.121494
5553 -43.179279 -40.390988 203.121494
5560 -39.438620 -42.608387 203.121494
5568 -34.942564 -44.090950 203.121494
5575 -30.185908 -45.618380 203.121494
5582 -25.680989 -47.059806 203.121494
5590 -21.451304 -49.102334 203.121494
5746 14.034613 -10.061086 203.121494
5753 13.331320 -6.794591 203.121494
5761 12.682694 -4.709774 203.121494
5921 11.654583 -3.430605 203.121494
5929 11.436680 -0.463508 203.121494
5936 10.538566 2.195259 203.121494
5944 10.289705 3.316998 203.121494
6109 9.130319 5.199504 203.121494
6116 6.835656 8.414113 203.121494
6124 4.524343 11.556582 203.121494
6131 4.298273 11.817069 203.121494
6298 6.027457 9.131452 203.121494
6305 7.682960 6.501031 203.121494
6313 9.278734 4.190623 203.121494
6320 10.547269 1.061830 203.121494
6327 11.013499 -1.652860 203.121494
6335 13.427902 -4.340575 203.121494
6343 18.227172 -3.749046 203.121494
6350 22.011998 -3.528976 203.121494
6357 22.151472 -2.823975 203.121494
6525 19.311993 -2.898281 203.121494
6533 16.902953 -3.881273 203.121494
6540 16.902953 -3.881273 203.121494
6548 16.821304 -4.007104 203.121494
6555 16.821304 -4.007104 203.121494
6563 16.821304 -4.007104 203.121494
6570 16.821304 -4.007104 203.121494
6577 16.970551 -4.995607 203.121494
6585 18.247685 -5.841033 203.121494
6592 22.847845 -7.130410 203.121494
6600 27.011890 -8.131813 203.121494
6768 28.407093 -10.412444 203.121494
6776 29.523957 -13.296450 203.121494
6783 30.639258 -16.372238 203.121494
6790 31.465407 -18.833529 203.121494
6880 31.369150 -17.503139 203.121494
6888 31.658974 -14.119746 203.121494
6895 31.757315 -10.869960 203.121494
6902 31.802101 -7.864119 203.121494
6910 31.792856 -5.795466 203.121494
6917 33.390248 -7.295930 203.121494
6925 34.307497 -10.224070 203.121494
6932 34.320510 -13.190401 203.121494
6940 34.401295 -16.526538 203.121494
6947 34.721561 -17.226197 203.121494
7131 33.678283 -15.204669 203.121494
7138 33.360955 -12.132276 203.121494
7146 33.197088 -9.247286 203.121494
7153 33.062835 -6.374205 203.121494
7161 32.954119 -3.493026 203.121494
7168 32.886293 -0.608292 203.121494
7176 32.794177 2.211537 203.121494
7183 32.735307 4.767359 203.121494
7191 32.750740 7.816845 203.121494
7198 32.848422 9.914015 203.121494
7394 34.825102 7.004605 203.121494
7402 36.579667 4.013932 203.121494
7410 37.980929 1.566048 203.121494
7417 38.960213 -1.139202 203.121494
7620 37.506903 0.560144 203.121494
7628 36.140692 2.929368 203.121494
7635 35.981549 4.204035 203.121494
7643 36.040542 4.090967 203.121494
7650 36.040542 4.090967 203.121494
7658 35.552838 4.420903 203.121494
7665 32.313970 1.594591 203.121494
7673 29.567405 -2.122904 203.121494
7680 27.238634 -5.168769 203.121494
7687 27.146047 -5.433973 203.121494
7695 23.849077 -6.268502 203.121494
7910 21.923747 -10.870946 203.121494
7917 17.149870 -10.843709 203.121494
7924 17.509247 -8.437680 203.121494
7932 22.355975 -8.604568 203.121494
7939 26.742883 -8.118388 203.121494
7947 28.638455 -11.027905 203.121494
7954 30.784786 -14.261664 203.121494
7962 32.910786 -17.502798 203.121494
7969 35.192762 -20.685375 203.121494
7977 39.490569 -21.809227 203.121494
8198 39.882850 -20.982948 203.121494
8206 42.472635 -18.242296 203.121494
8213 44.763511 -15.610074 203.121494
8221 46.373886 -12.740052 203.121494
8228 46.384137 -12.701390 203.121494
8329 47.882487 -15.840497 203.121494
8337 50.294655 -19.125381 203.121494
8344 52.838128 -22.427974 203.121494
8352 54.156410 -23.937435 203.121494
8551 52.737163 -22.611238 203.121494
8558 50.428601 -19.359727 203.121494
8566 47.543122 -15.848098 203.121494
8573 43.333189 -17.344972 203.121494
8581 39.159270 -19.860671 203.121494
8588 34.978477 -22.364832 203.121494
8596 34.002024 -25.328912 203.121494
8603 33.568303 -28.145738 203.121494
8611 32.585276 -31.086081 203.121494
8618 31.997992 -34.422975 203.121494
8626 31.558180 -37.114100 203.121494
8829 31.182970 -37.220280 203.121494
8837 31.236095 -33.446981 203.121494
8844 31.236810 -30.448055 203.121494
8852 31.235604 -28.151278 203.121494
8859 31.183181 -25.288459 203.121494
8867 31.185157 -22.208010 203.121494
8874 31.197475 -19.099302 203.121494
8882 31.188880 -16.341095 203.121494
8890 31.160123 -13.247406 203.121494
8897 31.196449 -9.668626 203.121494
8905 31.192935 -6.529829 203.121494
9109 30.324529 23.380385 203.121494
9116 30.565084 23.000099 203.121494
9123 30.565084 23.000099 203.121494
9131 30.565084 23.000099 203.121494
9138 31.052433 22.520707 203.121494
9146 32.266257 21.302389 203.121494
9153 34.207288 22.752326 203.121494
9161 35.019756 25.829804 203.121494
9168 36.108483 28.547607 203.121494
9375 36.065402 26.371843 203.121494
9382 35.499595 23.501800 203.121494
9389 35.694996 21.380410 203.121494
9397 35.828629 21.508023 203.121494
9405 37.737899 21.119011 203.121494
9412 42.606915 20.441110 203.121494
9420 47.415390 19.772199 203.121494
9427 50.434785 19.252531 203.121494
9538 49.634160 21.494121 203.121494
9545 49.507413 24.084364 203.121494
9553 49.229607 26.580712 203.121494
9560 48.926142 27.812559 203.121494
9775 48.871557 27.870341 203.121494
9782 48.826117 25.985574 203.121494
9790 48.955123 23.128361 203.121494
9797 51.549537 20.784980 203.121494
9805 56.447363 19.810126 203.121494
9813 61.193881 18.757278 203.121494
9820 64.835930 17.876835 203.121494
9828 66.189241 17.611858 203.121494
9945 64.547606 19.022809 203.121494
9953 61.945802 22.169662 203.121494
9961 62.836475 24.879519 203.121494
9968 64.428534 27.341440 203.121494
10195 62.471102 24.883143 203.121494
10202 60.411307 21.891470 203.121494
10210 57.591146 18.972682 203.121494
10217 54.167974 15.856397 203.121494
10225 52.701794 12.859058 203.121494
10454 52.442032 13.173473 203.121494
10462 52.361088 15.203360 203.121494
10470 48.379915 15.987651 203.121494
10477 44.020710 14.570669 203.121494
10485 41.254156 10.883909 203.121494
10492 37.623297 7.443352 203.121494
10500 34.015858 3.976452 203.121494
10508 32.360049 1.651860 203.121494
10515 30.054439 -1.835100 203.121494
10523 28.290231 -4.607143 203.121494
10530 24.588057 -7.060479 203.121494
10760 -7.473588 -61.167235 203.121494
10768 -5.316448 -58.366759 203.121494
10775 -4.433005 -56.070945 203.121494
10783 -1.734888 -53.956367 203.121494
10791 3.002611 -52.567958 203.121494
10798 7.643602 -51.077216 203.121494
10806 12.281837 -49.580753 203.121494
10813 14.465785 -47.090365 203.121494
10821 14.636231 -44.396691 203.121494
10828 14.690185 -40.705040 203.121494
10836 14.721845 -37.297136 203.121494
11068 55.624012 21.678994 203.121494
11076 51.386707 19.389964 203.121494
11083 46.961516 17.194629 203.121494
11091 43.168610 14.206169 203.121494
11098 41.272758 12.259633 203.121494
11106 37.974020 8.927483 203.121494
11113 36.280554 6.462042 203.121494
11121 33.075512 2.778565 203.121494
11129 30.649657 -0.955582 203.121494
11136 28.307814 -4.511442 203.121494
11144 24.438596 -7.081012 203.121494
11378 0.586594 -42.689253 203.121494
11386 -2.093256 -42.481398 203.121494
11393 -2.093256 -42.481398 203.121494
11401 -2.093256 -42.481398 203.121494
11408 -3.474710 -42.630649 203.121494
11416 -5.448879 -44.885930 203.121494
11424 -5.394296 -47.867127 203.121494
11431 -2.065240 -49.145452 203.121494
11439 2.787083 -49.121255 203.121494
11446 7.639583 -49.121128 203.121494
11454 11.441508 -49.078762 203.121494
11689 -7.344065 9.620665 203.121494
11697 -6.534163 6.683047 203.121494
11704 -6.573900 4.399293 203.121494
11712 -6.444686 1.717806 203.121494
11719 -6.373969 -0.538745 203.121494
11727 -6.017392 -3.233396 203.121494
11735 -5.506086 -5.104034 203.121494
11975 -5.639216 -4.016727 203.121494
11983 -5.340789 -1.523770 203.121494
11990 -5.318980 0.938061 203.121494
11998 -1.784995 2.491592 203.121494
12005 1.088109 3.682991 203.121494
12013 1.803346 3.221272 203.121494
12258 1.425902 3.441604 203.121494
12266 -3.100641 2.174707 203.121494
12274 -5.562912 -0.009965 203.121494
12281 -5.509008 -2.774659 203.121494
12289 -5.447624 -5.320982 203.121494
12297 -1.104253 -5.858003 203.121494
12304 0.953169 -6.187986 203.121494
12552 -1.537506 -5.918507 203.121494
12560 -2.261532 -5.795687 203.121494
12567 -2.261532 -5.795687 203.121494
12575 -2.261532 -5.795687 203.121494
12582 -4.041089 -5.879090 203.121494
12590 -5.402645 -2.484290 203.121494
12598 -5.354461 -0.208221 203.121494
12605 -5.211130 2.486344 203.121494
12613 -5.146546 5.322039 203.121494
12620 -5.398966 7.918877 203.121494
12628 -4.247101 10.692206 203.121494
12878 81.683965 18.808169 206.341904
12886 76.437159 18.535024 206.802566
12896 71.637521 18.226511 207.589069
12905 65.979534 17.863557 207.589069
12914 61.260223 17.565912 207.589069
12923 56.533030 17.299688 207.589069
12932 50.784780 17.055635 207.589069
12941 45.225313 16.058053 207.589069
12950 42.596440 13.573571 207.589069
12959 38.390915 9.315568 207.589069
12968 35.157871 5.822841 206.999182
13101 12.728833 -20.397027 206.999182
13109 14.003237 -17.057630 206.999182
13118 14.939227 -13.364433 206.999182
13127 15.329896 -10.758549 206.999182
13136 18.344756 -8.279110 206.999182
13145 23.848590 -7.363671 206.999182
13154 28.251846 -5.138462 206.999182
13162 30.723468 -1.672326 206.999182
13171 32.844799 1.493168 206.999182
13180 34.348084 4.757193 206.999182
13189 37.365402 8.064440 206.999182
13441 80.089201 12.266654 206.999182
13450 81.466601 15.903666 206.999182
13459 76.965046 16.094487 206.999182
13467 72.110389 16.145730 206.999182
13476 72.110389 16.145730 206.999182
13485 72.037264 16.013361 206.999182
13494 72.033374 15.993744 206.999182
13503 72.033374 15.993744 206.999182
13512 71.786939 15.862376 206.999182
13521 68.897306 14.112816 206.999182
13529 68.094730 10.840682 206.999182
13784 69.304889 1.281214 206.999182
13793 73.001844 1.507782 206.999182
13802 77.547426 2.118094 206.999182
14066 77.240514 2.511605 206.999182
14074 71.988673 1.723947 206.999182
14082 67.795422 -0.070046 206.999182
14091 66.361779 -2.437744 206.999182
14099 65.148478 -5.461313 206.999182
14108 64.563615 -8.044604 206.999182
14116 64.440360 -11.491725 206.999182
14124 63.751071 -13.474550 207.518533
14401 67.493272 -16.324843 208.495423
14410 71.478095 -20.235939 209.223759
14419 73.303861 -22.064026 211.468630
14428 74.740525 -20.991738 215.239823
14721 74.707562 -24.129017 216.015049
14731 74.832755 -27.730500 216.015049
14740 74.873334 -31.012953 217.737690
14750 74.882594 -34.000450 217.822363
14760 74.272653 -38.087877 217.981700
14770 74.153792 -38.599169 217.981700
15075 72.095693 -41.671349 218.162558
15086 69.814209 -45.490396 218.162558
15096 67.903682 -48.514182 218.162558
15105 66.910551 -51.437807 221.100026
15421 66.803997 -49.531735 222.504161
15430 66.991281 -45.825846 222.567971
15440 66.674168 -41.947931 222.567971
15449 66.572441 -38.732643 222.567971
15459 66.502603 -35.254059 222.567971
15468 66.316140 -31.204206 222.567971
15478 66.245073 -28.288900 222.567971
15487 66.198270 -25.300625 222.567971
15497 66.051574 -20.882122 222.567971
15506 66.028228 -17.948414 222.567971
15515 65.972105 -14.262036 222.567971
15839 76.596662 -4.414848 222.356699
15848 72.064875 -0.039923 222.356699
15858 67.988644 2.692408 222.356699
15867 67.081843 5.624315 222.356699
15877 67.618844 8.871290 222.356699
15887 68.303413 12.510134 222.356699
15896 69.041131 15.767761 222.356699
15905 74.856008 17.392324 222.356699
15914 80.504372 19.143233 222.356699
15924 85.532994 20.665069 222.356699
15933 87.521874 23.819511 222.356699
16260 93.193691 28.826568 222.538495
16269 98.760949 31.170663 222.538495
16280 101.351375 31.324760 225.398007
16460 97.473862 30.247024 224.222616
16470 92.224070 28.019455 224.130368
16481 88.720904 24.449416 225.036223
16492 86.862105 21.529128 225.036223
16502 82.443799 21.183688 225.036223
16513 78.239696 21.127034 225.036223
16524 77.782500 21.110359 225.036223
16870 82.420680 20.944546 225.036223
16881 87.355138 22.566778 225.036223
16892 86.325479 26.616306 225.036223
16903 83.427648 25.717452 225.036223
16913 77.434245 25.628402 225.036223
17264 82.756429 25.359873 225.036223
17274 87.854849 28.190576 225.036223
17285 92.691737 31.504141 225.036223
17296 98.528578 35.633226 225.036223
17307 100.725960 39.484851 225.036223
17318 101.733825 42.745216 225.011515
17329 101.817163 43.880456 225.011515
17685 101.821227 45.853129 225.011515
17696 101.328947 46.577590 225.011515
17706 101.686825 45.224955 225.011515
17717 101.919015 47.982116 225.011515
17728 101.949446 50.937682 225.011515
17739 101.934195 47.728551 225.011515
17750 101.306929 44.050971 225.011515
17761 100.877203 39.533000 225.011515
17771 100.886278 40.337095 225.011515
17782 101.828128 44.708951 225.011515
17793 101.945500 48.518357 225.011515
18155 102.902150 53.443638 225.011515
18166 102.477669 49.344921 225.011515
18177 102.465960 45.507492 225.011515
18188 102.457487 42.083339 225.011515
18199 102.283479 37.926619 225.011515
18209 102.454423 34.299602 225.011515
18220 102.413944 31.025530 225.011515
18231 102.364467 27.950077 225.036223
18242 102.347442 24.361188 225.036223
18253 102.326775 20.526114 225.036223
18264 102.293462 16.843518 225.036223
18634 102.342924 15.058648 225.036223
18645 102.353493 11.311541 225.036223
18655 102.306966 6.950624 225.036223
18666 102.388004 2.677146 226.988858
18677 102.538322 1.749804 226.988858
19058 102.446907 4.319727 229.306480
19069 101.738035 8.093400 229.306480
19080 101.738035 8.093400 229.306480
19090 101.738035 8.093400 229.306480
19101 99.088439 10.871320 229.306480
19112 97.179721 11.509325 229.306480
19123 96.784655 11.589735 229.306480
19510 101.424824 8.749535 229.111200
19521 101.998881 4.532458 229.111200
19531 102.010593 0.674040 229.111200
19542 101.954909 -2.501989 229.111200
19553 101.948010 -6.707584 229.111200
19563 102.306673 -10.665940 229.111200
19574 102.590379 -13.119479 229.657183
19968 101.670268 -12.760365 231.722467
19978 95.030151 -12.615989 231.722467
19989 95.085203 -12.870339 231.722467
20387 100.135985 -12.974803 231.722467
20397 101.445746 -16.521733 231.722467
20408 101.398933 -19.925675 232.458387
20419 101.255326 -23.829090 234.218748
20430 100.594332 -27.461702 236.802918
20837 102.365329 -31.019201 243.147079
20849 103.867431 -35.596626 242.962265
20861 106.590639 -38.464043 243.440551
20872 105.548330 -38.769238 242.102503
21287 104.468285 -35.695452 242.809600
21299 102.829371 -31.899241 242.809600
21311 101.190694 -36.167858 242.809600
21323 100.546469 -41.520070 242.777474
21336 99.835302 -44.775637 242.777474
21762 98.671643 -49.466283 248.149354
21775 97.651003 -52.211876 248.149354
22212 99.548891 -56.918238 248.149354
22225 100.637671 -61.854665 248.149354
22238 101.089413 -64.472591 253.291339
22685 100.492951 -61.506350 257.865279
22698 99.879016 -59.161702 258.036785
22711 96.744622 -55.186359 257.557027
22725 91.863351 -50.479520 257.557027
22738 85.592063 -45.487320 257.865279
23191 86.984021 -46.119155 257.865279
23205 87.232549 -50.672698 257.865279
23218 86.980412 -55.108621 257.865279
23231 84.508558 -59.918806 257.865279
23691 90.440605 -57.560703 257.865279
23705 97.696516 -57.105714 257.865279
23718 100.518249 -61.181349 257.865279
23731 101.202784 -65.948711 257.865279
23744 101.418673 -71.163976 257.865279
23758 101.400822 -76.245484 260.391748
23772 101.809203 -78.585594 262.494995
24245 101.675760 -74.064299 262.494995
24260 101.884612 -69.555008 262.494995
24274 101.741706 -63.356820 262.494995
24289 104.196915 -57.807903 262.494995
24304 106.502232 -53.615278 262.494995
24785 102.763900 -58.806620 262.494995
24800 96.447528 -56.721382 262.494995
24815 90.298866 -58.623584 262.494995
24830 90.114903 -63.380893 262.494995
24844 89.652653 -68.382037 262.494995
24857 89.019962 -73.123529 262.494995
25345 89.924925 -78.014361 262.494995
25358 90.404463 -82.391738 262.494995
25372 91.773228 -87.102779 262.494995
25387 92.305835 -88.255282 266.028612
25401 92.212124 -88.764237 268.478123
