7 -113.000000 50.000000 -1.522301
8 -113.092709 49.950705 10.195097
9 -113.426036 49.768305 10.195097
10 -113.729644 49.534230 10.195097
11 -113.988552 49.036927 10.195097
12 -114.040346 48.813190 10.195097
13 -114.138549 48.410001 10.195097
14 -114.217873 48.115875 10.195097
15 -114.354496 47.777418 10.195097
16 -114.508060 47.323049 10.195097
17 -114.647258 46.806483 10.195097
18 -114.797354 46.350740 10.195097
19 -114.881169 46.136559 10.195097
20 -114.875479 46.128336 10.195097
21 -114.717199 46.054252 10.195097
22 -114.537925 46.148130 10.195097
23 -114.431069 46.568018 10.195097
24 -114.422514 46.812673 10.195097
25 -114.420370 47.177374 10.195097
26 -114.366391 47.466424 10.195097
27 -114.214811 47.798429 10.195097
28 -113.987053 48.293529 10.195097
29 -113.768488 48.776297 10.195097
30 -113.459119 49.264241 10.195097
31 -112.949401 49.659775 10.195097
32 -112.386468 49.984707 10.195097
33 -111.827076 50.315731 10.195097
34 -111.275384 50.659410 10.568822
35 -110.738029 51.025061 10.568822
36 -110.214546 51.410272 12.946815
37 -109.698063 51.804813 20.688645
38 -109.137706 52.132875 20.688645
39 -108.541738 52.392029 22.000455
40 -107.942741 52.637891 22.000455
41 -107.355735 52.828382 22.000455
42 -106.714713 52.913208 22.042233
43 -106.067542 52.931583 22.042233
44 -105.422655 52.943618 22.042233
45 -104.773512 52.975329 22.042233
46 -104.127935 53.050602 22.042233
47 -103.483893 53.138370 22.042233
48 -102.838555 53.215991 22.042233
49 -102.195430 53.291120 22.042233
50 -101.554326 53.361851 22.042233
51 -100.910121 53.427057 22.042233
52 -100.266074 53.493527 22.042233
53 -99.619132 53.518823 22.042233
54 -98.972451 53.489520 22.042233
55 -98.327562 53.431538 22.042233
56 -97.686901 53.356954 22.042233
57 -97.043579 53.283516 22.042233
58 -96.402678 53.210959 22.042233
59 -95.759400 53.137374 22.042233
60 -95.115263 53.071491 25.416924
61 -94.474367 52.964127 30.170516
62 -93.844888 52.803091 30.170516
63 -93.414491 52.671740 30.170516
64 -93.414491 52.671740 30.170516
65 -93.302834 52.828769 30.170516
66 -93.325113 53.312690 30.170516
67 -93.381658 53.525572 30.170516
68 -93.554329 53.902765 30.304125
69 -93.655120 54.415700 30.602288
70 -93.650453 54.885371 30.602288
71 -93.636601 55.175000 31.205448
72 -93.613151 55.514176 31.205448
73 -93.597773 56.043915 31.205448
74 -93.604624 56.268617 32.355834
75 -93.651420 56.680931 32.355834
76 -93.688476 57.169350 32.355834
77 -93.693764 57.404152 32.999697
78 -93.700931 57.819054 32.999697
79 -93.720741 58.062810 32.999697
80 -93.771230 58.424029 33.907227
81 -93.782072 58.716204 33.907227
82 -93.777506 59.081176 34.860006
83 -93.776477 59.371133 34.860006
84 -93.784592 59.711029 34.860006
85 -93.789509 60.221006 35.317135
86 -93.807922 60.504581 35.317135
87 -93.907933 60.855522 35.317135
88 -93.990425 61.363497 36.140006
89 -94.010432 61.852835 36.140006
90 -94.006286 62.082639 36.140006
91 -93.996504 62.497495 36.971611
92 -93.996924 63.022490 36.971611
93 -94.015407 63.491974 36.971611
94 -94.037563 63.921351 38.136859
95 -94.045733 64.186222 38.136859
96 -94.064903 64.780913 38.870297
97 -94.056740 64.885592 38.870297
98 -94.044062 65.300354 38.870297
99 -94.044041 65.805343 39.930189
100 -94.065438 66.289844 39.930189
101 -94.078750 66.574489 40.851194
102 -94.090022 66.914294 40.851194
103 -94.109087 67.443950 40.851194
104 -94.089454 67.664187 41.613700
105 -94.014944 68.072151 41.613700
106 -93.991628 68.561207 41.613700
107 -94.009951 68.920452 42.680441
108 -94.039457 69.203887 43.475280
109 -94.105163 69.724759 43.475280
110 -94.140863 70.213272 43.475280
111 -94.168259 70.440974 43.475280
112 -94.225853 70.851476 43.872771
113 -94.240117 71.376181 43.872771
114 -94.237200 71.761097 44.502809
115 -94.239185 72.026090 44.502809
116 -94.236807 72.471011 45.491318
117 -94.239566 72.763230 45.491318
118 -94.268004 73.127047 45.491318
119 -94.287522 73.418449 45.491318
120 -94.391431 73.768232 46.230077
121 -94.444655 74.058118 46.230077
122 -94.472209 74.421924 47.142550
123 -94.475895 74.714356 47.142550
124 -94.468831 75.079287 47.142550
125 -94.470592 75.366397 47.142550
126 -94.509299 75.704073 48.218876
127 -94.521422 76.181242 48.218876
128 -94.505414 76.693421 48.218876
129 -94.511093 77.048061 49.976995
130 -94.525349 77.272608 49.976995
131 -94.545989 77.737049 49.976995
132 -94.547677 78.032008 49.976995
133 -94.547562 78.367003 49.976995
134 -94.544548 78.831918 51.131400
135 -94.545432 79.121667 51.131400
136 -94.571833 79.460598 51.535037
137 -94.582542 79.970470 51.535037
138 -94.584426 80.255422 51.535037
139 -94.586730 80.620387 52.192912
140 -94.609623 81.057026 52.192912
141 -94.622163 81.281652 52.192912
142 -94.617597 81.573266 52.747133
143 -94.515244 81.923606 52.747133
144 -94.453292 82.211804 52.747133
145 -94.410383 82.574180 52.747133
146 -94.398112 82.866224 53.266312
147 -94.407473 83.231103 53.266312
148 -94.409674 83.686009 53.266312
149 -94.414737 83.915791 53.420034
150 -94.430873 84.330445 53.420034
151 -94.426042 84.945254 54.412682
152 -94.442515 85.048779 54.412682
153 -94.563895 85.445539 54.412682
154 -94.641210 85.740535 54.115617
155 -94.734714 86.093317 54.115617
156 -94.831109 86.573364 54.115617
157 -94.883015 87.055269 54.134093
158 -94.919113 87.281285 54.134093
159 -95.026337 87.681943 54.134093
160 -95.077358 88.063100 54.165118
161 -95.100075 88.327096 54.165118
163 -95.278980 89.201507 54.165118
164 -95.400246 89.644906 54.165118
165 -95.462557 90.161126 54.165118
166 -95.475209 90.340672 54.165118
167 -95.528527 90.812663 54.165118
168 -95.590664 91.333968 54.165118
169 -95.656533 91.814360 54.165118
170 -95.788807 92.316868 54.165118
171 -95.962077 92.769694 54.165118
172 -96.136340 93.208880 54.165118
173 -96.246182 93.416621 54.165118
176 -96.684164 94.625683 54.165118
177 -96.758390 94.848538 54.165118
178 -96.900318 95.151982 54.165118
179 -97.101534 95.604129 54.165118
180 -97.319146 96.084455 54.165118
181 -97.528281 96.506620 54.165118
182 -97.645597 96.710226 54.165118
183 -97.863024 97.176949 54.165118
184 -97.956805 97.429563 54.165118
185 -98.045380 97.804200 54.165118
186 -98.239277 98.328761 54.165118
188 -98.709557 99.238095 54.165118
189 -98.709557 99.238095 54.165118
190 -98.682898 99.260586 54.165118
191 -98.379639 99.258593 54.165118
192 -98.037430 98.807201 54.165118
193 -98.006142 98.381511 54.165118
194 -97.967124 98.121949 54.026845
195 -97.885152 97.649006 54.519171
196 -97.873299 97.451909 54.519171
197 -97.797653 96.973564 54.519171
198 -97.605392 96.500689 54.519171
201 -96.789534 94.998655 54.519171
202 -96.705336 94.839562 54.519171
203 -96.503793 94.398553 54.519171
204 -96.308278 93.882013 54.519171
205 -96.254663 93.725971 54.519171
206 -96.086123 93.298055 54.519171
207 -95.953412 93.018141 54.519171
208 -95.764013 92.682955 54.519171
209 -95.481890 92.131009 54.519171
210 -95.412361 91.964981 54.519171
211 -95.231717 91.514901 54.519171
214 -94.569784 90.382310 54.519171
215 -94.477584 90.227717 54.519171
216 -94.228604 89.811551 54.519171
217 -93.839825 89.325037 54.519171
218 -93.271747 89.020027 54.519171
219 -92.632443 88.928090 55.163213
220 -91.985220 88.936921 55.163213
221 -91.338953 88.976388 55.596583
222 -90.703137 89.090139 56.461846
223 -90.161599 89.435384 56.461846
224 -89.884737 89.899178 57.332190
227 -89.328584 91.134717 64.505039
228 -89.328584 91.134717 64.505039
229 -89.328584 91.134717 65.180519
230 -89.328584 91.134717 65.180519
231 -89.333557 91.115371 65.470146
232 -89.486398 91.001516 65.706164
233 -89.746567 91.085452 65.706164
234 -89.882680 91.545697 65.706164
235 -89.845947 91.948623 65.548303
236 -89.772714 92.129067 65.626976
237 -89.647423 92.482052 65.626976
241 -89.642865 94.040272 67.469252
242 -89.644987 94.534755 67.469252
243 -89.684641 94.694830 67.469252
244 -89.738582 95.166102 68.318226
245 -89.736593 95.690901 68.318226
246 -89.689866 96.183602 68.730925
247 -89.644744 96.342286 68.730925
248 -89.486880 96.790263 68.730925
249 -89.336829 97.246040 68.730925
250 -89.172115 97.791704 68.730925
251 -89.138603 97.953209 68.807703
253 -88.920791 99.131496 68.764090
254 -88.896284 99.629767 68.764090
255 -88.945586 100.102100 68.764090
256 -88.977497 100.590978 68.764090
257 -88.989997 100.925566 68.764090
258 -89.022054 101.248850 68.764090
259 -89.018972 101.773680 68.764090
260 -88.999515 102.248201 68.764090
261 -88.981760 102.582586 68.764090
262 -88.988871 102.907500 68.764090
263 -88.986155 103.382412 68.764090
267 -88.947299 104.860876 68.764090
268 -88.956376 105.075680 68.764090
269 -89.019213 105.561512 68.764090
270 -89.046398 105.812475 68.764090
271 -89.084831 106.225690 68.764090
272 -89.102047 106.734984 68.764090
273 -89.097366 107.204899 68.764090
274 -89.102476 107.694692 68.764090
275 -89.083735 108.094215 68.764090
276 -89.089788 108.359130 68.764090
277 -89.090827 108.884116 68.764090
281 -89.078163 110.228894 68.764090
282 -89.065394 110.553640 68.764090
283 -89.116927 111.104040 68.764090
284 -89.453112 111.648937 68.764090
285 -90.005208 111.986515 68.764090
286 -90.596358 112.218179 68.764090
287 -90.986457 112.344001 68.764090
291 -91.322592 112.447969 68.764090
292 -91.356435 112.426904 68.764090
293 -91.412861 112.330395 68.764090
294 -91.420163 112.240875 68.764090
295 -91.390606 112.140479 68.764090
296 -91.242471 111.975923 68.764090
297 -91.080612 111.929268 68.764090
298 -91.179448 111.944483 68.764090
299 -91.199215 111.947526 68.764090
300 -91.112587 111.971893 68.764090
301 -90.776021 111.973462 68.764090
304 -90.311725 110.562726 68.764090
305 -90.311622 110.183010 68.839669
306 -90.389419 109.929787 68.839669
307 -90.472586 109.523799 68.839669
308 -90.435498 109.312689 68.764090
309 -90.324993 108.840802 68.764090
310 -90.244784 108.357502 68.764090
311 -90.163778 107.945424 68.764090
312 -90.075537 107.749519 68.764090
313 -89.866824 107.295278 68.764090
314 -89.716847 106.808460 68.764090
318 -89.437668 105.637926 68.764090
319 -89.424653 105.403604 68.764090
320 -89.476485 104.986874 68.764090
321 -89.530278 104.484832 68.839669
322 -89.528193 104.269842 68.839669
323 -89.520074 103.784919 68.839669
324 -89.502600 103.292796 68.839669
325 -89.481663 102.858340 68.839669
326 -89.492114 102.623575 68.839669
327 -89.491196 102.168672 68.839669
328 -89.459688 101.991490 68.839669
332 -89.409057 100.823841 68.839669
333 -89.419195 100.806624 68.839669
334 -89.502243 100.780602 68.839669
335 -89.627150 100.897612 68.839669
336 -89.745722 101.300258 68.839669
337 -89.762906 101.796860 68.839669
338 -89.713240 102.009459 68.839669
339 -89.590802 102.368688 68.839669
340 -89.547596 102.649688 68.839669
341 -89.551074 103.014671 68.839669
342 -89.551213 103.299634 68.839669
346 -89.585384 104.583621 68.839669
347 -89.596201 104.828382 68.839669
348 -89.611358 105.188031 68.839669
349 -89.603504 105.452911 68.839669
350 -89.598815 105.967883 68.839669
351 -89.601887 106.272820 68.839669
352 -89.617377 106.637492 68.839669
353 -89.632786 107.117165 68.839669
354 -89.642833 107.411758 68.839669
355 -89.671303 107.775499 68.839669
356 -89.675665 108.067920 68.839669
359 -89.706878 109.654402 68.839669
360 -89.702260 109.964360 68.839669
361 -89.737989 110.462572 68.839669
362 -89.825660 110.964974 68.839669
363 -89.874210 111.462284 68.839669
364 -89.883251 111.757146 68.839669
368 -89.891124 112.013900 68.839669
369 -89.891124 112.013900 68.839669
370 -89.829979 111.987847 68.839669
371 -89.731552 111.710451 68.839669
372 -89.778606 111.178024 68.839669
373 -89.866070 110.711214 68.839669
374 -89.913948 110.183697 68.839669
375 -89.894692 109.649218 68.839669
376 -89.854403 109.165941 68.839669
377 -89.821512 108.984275 68.839669
378 -89.772536 108.547464 68.839669
382 -89.754714 106.952824 68.839669
383 -89.789773 106.474329 68.839669
384 -89.819929 106.175879 68.839669
385 -89.846320 105.791937 68.839669
386 -89.832170 105.492904 68.839669
387 -89.759954 105.114915 68.839669
388 -89.731173 104.606153 68.839669
389 -89.734468 104.426183 68.839669
390 -89.734467 103.941240 68.839669
391 -89.704945 103.457227 68.839669
392 -89.673939 102.928134 68.839669
396 -89.594655 101.075352 68.839669
397 -89.633143 100.542121 68.839669
398 -89.681416 100.074642 68.839669
399 -89.693186 99.539988 68.839669
400 -89.665758 99.070973 68.839669
401 -89.618173 98.538093 68.839669
402 -89.597678 98.068704 68.839669
403 -89.577225 97.534103 68.839669
404 -89.546318 97.055189 68.839669
405 -89.518209 96.571111 68.839669
406 -89.506028 96.091349 68.839669
410 -89.436872 94.133592 68.839669
411 -89.462059 93.599438 68.839669
412 -89.480467 93.120061 68.839669
413 -89.446063 92.641639 68.839669
414 -89.364501 92.286554 68.839669
415 -89.254543 92.012815 68.839669
416 -89.098115 91.639317 68.839669
417 -88.976624 91.370504 68.839669
418 -88.776664 90.917900 68.839669
419 -88.598274 90.426872 68.839669
420 -88.503737 90.190533 68.839669
423 -87.170296 89.004944 68.839669
424 -86.522597 88.972508 68.839669
425 -85.877187 89.023905 68.839669
426 -85.228345 89.027498 68.764090
427 -84.586975 88.939307 68.764090
428 -83.945104 88.854666 68.764090
429 -83.298832 88.819357 68.764090
430 -82.653900 88.826308 68.764090
431 -82.006832 88.849281 68.764090
432 -81.360085 88.880487 68.764090
433 -80.713026 88.903991 68.764090
438 -77.673970 88.973853 68.764090
439 -77.154008 88.973772 68.764090
440 -76.507700 88.935040 68.764090
441 -75.860344 88.926190 68.764090
442 -75.212939 88.937132 68.764090
443 -74.565530 88.947006 68.813517
444 -73.918056 88.941925 69.809026
445 -73.273691 88.913595 69.809026
446 -72.626888 88.883580 70.534106
447 -71.980191 88.851686 70.534106
448 -71.336693 88.807810 71.482166
453 -67.977397 88.616415 74.192858
454 -67.460132 88.627795 74.638463
455 -66.811613 88.671244 74.638463
456 -66.165256 88.708896 76.636415
457 -65.518003 88.725660 78.633454
458 -64.873353 88.706413 78.633454
459 -64.224731 88.664332 80.001126
460 -63.452374 88.600417 80.001126
461 -62.934007 88.559430 80.001126
462 -62.290059 88.522823 80.001126
463 -61.643459 88.488823 80.001126
470 -57.125003 88.207930 83.774579
471 -56.542809 88.221251 83.774579
472 -55.896703 88.263686 83.952011
473 -55.252993 88.304304 83.952011
474 -54.606420 88.338871 84.221732
475 -53.958983 88.344854 83.512994
476 -53.311502 88.349153 83.512994
477 -52.664371 88.370691 86.025230
478 -52.017263 88.393150 89.003933
479 -51.373021 88.424348 89.003933
480 -50.726723 88.463760 90.557055
488 -45.440009 88.928025 90.557055
489 -45.431603 88.933442 90.557055
490 -45.431603 88.933442 90.719018
491 -45.428499 88.961897 90.719018
492 -45.632359 89.114462 91.359182
493 -46.149375 89.123308 92.349879
494 -46.792989 89.053419 92.349879
495 -47.436248 88.979814 92.349879
496 -48.082546 88.941436 92.349879
497 -48.727374 88.931184 92.349879
498 -49.374713 88.945280 92.349879
508 -50.792179 91.951012 92.909096
509 -50.498940 92.367042 92.909096
510 -50.071542 92.848318 92.909096
511 -49.625585 93.321171 94.014574
512 -49.173374 93.781010 94.014574
513 -48.711882 94.238729 94.497091
514 -48.268127 94.710213 94.497091
515 -47.846112 95.177934 94.497091
516 -47.406354 95.656579 94.521216
517 -46.975480 96.134845 94.521216
518 -46.535266 96.609607 94.628221
529 -41.869927 101.531542 94.763390
530 -41.768516 101.762682 94.763390
531 -41.766714 102.265672 94.763390
532 -41.891078 102.738049 94.763390
533 -41.957152 103.002110 94.763390
534 -42.003589 103.308604 94.763390
535 -42.078586 103.828154 94.763390
536 -42.143963 104.301112 94.763390
537 -42.194123 104.552917 94.763390
538 -42.319571 104.916755 94.763390
539 -42.380695 105.184511 94.763390
550 -43.403958 109.614464 94.763390
551 -43.499854 110.026784 94.763390
552 -43.506009 110.561501 94.763390
553 -43.478424 111.050697 95.062191
554 -43.435806 111.523682 95.062191
555 -43.237911 112.063412 94.912698
556 -42.966937 112.408126 94.912698
568 -42.658304 112.590051 94.912698
569 -42.639926 112.380766 94.912698
570 -42.701578 112.154207 94.912698
571 -42.882385 111.939155 94.912698
572 -42.841469 111.967768 94.912698
573 -42.841469 111.967768 94.912698
574 -42.841469 111.967768 94.912698
575 -42.841469 111.967768 94.912698
576 -42.841469 111.967768 94.912698
577 -42.841469 111.967768 94.912698
578 -42.841469 111.967768 94.912698
589 -44.053351 108.923174 94.912698
590 -44.241524 108.417289 94.912698
591 -44.460092 107.939982 94.912698
592 -44.562286 107.791868 94.912698
593 -44.820290 107.393314 94.912698
594 -44.980264 107.019008 94.912698
595 -45.032377 106.789883 94.912698
596 -45.184297 106.297870 94.912698
597 -45.328332 105.839995 94.912698
598 -45.493439 105.368044 94.912698
599 -45.655178 104.958857 94.912698
611 -47.233226 100.807762 94.912698
612 -47.342009 100.381731 94.912698
613 -47.405077 100.127630 94.912698
614 -47.518320 99.802135 94.912698
615 -47.584624 99.484153 94.912698
616 -47.653392 99.156714 94.912698
617 -47.747970 98.846146 94.912698
618 -47.912870 98.554576 94.912698
619 -48.081324 98.117234 94.912698
620 -48.151822 97.862014 94.912698
621 -48.301114 97.512633 94.912698
632 -49.719092 93.409454 94.912698
633 -49.848272 93.079023 94.912698
634 -49.936858 92.583032 94.912698
635 -49.928341 92.403239 94.912698
636 -49.924988 91.928449 94.912698
637 -50.010588 91.407795 94.912698
638 -50.238544 90.918456 94.912698
639 -50.326214 90.767006 94.912698
640 -50.467340 90.383900 94.912698
641 -50.434531 89.798040 94.912698
642 -50.070720 89.269554 94.912698
654 -42.679965 89.250107 95.792381
655 -42.196591 89.576002 95.792381
656 -41.730057 90.028413 99.343547
657 -41.270874 90.488465 99.343547
658 -40.804835 90.941539 99.539441
659 -40.332388 91.387959 99.539441
660 -39.815471 91.881944 100.480945
661 -39.349487 92.335107 100.586382
662 -38.885871 92.790690 100.586382
663 -38.418134 93.242026 100.683764
664 -37.936069 93.678004 100.683764
676 -34.799189 96.630483 100.997922
677 -34.569293 96.597504 101.173614
678 -34.039209 96.644874 101.173614
679 -33.500243 96.990054 101.173614
680 -33.196297 97.477030 101.173614
681 -33.090891 97.655334 101.173614
682 -32.836910 98.014524 101.173614
683 -32.484502 98.542729 101.173614
684 -32.132329 98.974163 101.173614
685 -31.604310 99.548224 101.173614
686 -31.146743 100.006305 101.753134
698 -28.091801 102.708961 106.261660
700 -27.702517 102.164931 106.261660
701 -27.528786 101.833736 106.448956
702 -27.328322 101.327138 106.448956
703 -26.974372 100.730215 106.448956
704 -26.397731 100.042891 106.448956
706 -25.934335 99.508283 106.448956
707 -25.381510 98.875882 106.448956
708 -24.884700 98.281108 106.463986
709 -24.357805 97.639803 106.922871
711 -23.860157 97.045705 106.922871
723 -18.696823 91.836249 106.922871
725 -18.129643 91.304838 106.922871
726 -17.570919 90.760647 106.922871
727 -16.938322 90.200666 106.531218
728 -16.349955 89.688875 106.410621
730 -15.812329 89.217518 106.803466
731 -15.589254 89.024485 106.531218
732 -15.014335 88.527427 106.463986
733 -14.612699 88.159093 106.531218
735 -14.452824 88.011631 106.463986
736 -14.385278 87.952167 106.463986
749 -14.385278 87.952167 106.463986
750 -14.405091 87.954894 106.463986
752 -14.413490 87.949467 106.463986
753 -14.452313 87.918205 106.463986
754 -14.452313 87.918205 106.463986
755 -14.520151 87.971991 106.463986
757 -14.941847 87.929050 106.463986
758 -15.365357 87.264346 106.463986
759 -15.403364 87.052954 106.463986
760 -15.613864 86.417193 106.463986
762 -15.780485 86.002080 106.463986
775 -20.288981 79.960937 106.463986
777 -20.288981 79.960937 106.463986
778 -20.288981 79.960937 106.463986
779 -20.279128 79.962645 106.463986
780 -20.078072 80.239854 106.463986
781 -20.053068 80.648606 106.463986
783 -20.143260 80.994111 106.463986
784 -20.194928 81.667452 106.463986
785 -20.174532 82.125698 106.463986
786 -20.111176 82.472450 106.463986
788 -20.018140 83.110664 106.463986
802 -19.497460 83.962801 106.463986
803 -19.470886 83.378902 106.463986
804 -19.552730 82.983070 106.463986
806 -19.724560 82.584002 106.463986
807 -19.776865 82.239753 106.463986
808 -19.792804 81.740045 106.463986
809 -19.803194 81.375269 106.463986
811 -19.814177 81.007988 106.463986
812 -19.823791 80.443164 106.463986
813 -19.851853 80.209852 106.463986
814 -19.916758 79.570671 106.463986
829 -19.998689 78.596947 106.463986
831 -19.998689 78.596947 106.463986
832 -19.998689 78.596947 106.463986
833 -20.139311 78.740819 106.463986
834 -20.200539 79.093580 106.463986
849 -19.973066 79.265236 106.463986
851 -19.943377 78.815717 106.463986
852 -20.028958 78.212113 106.463986
853 -20.111467 77.618126 106.463986
854 -20.067317 77.301416 106.463986
855 -20.023555 76.633182 106.463986
857 -20.020300 76.255781 106.463986
858 -20.025894 75.863362 106.463986
859 -20.011996 75.239771 106.463986
860 -20.001894 74.957454 106.463986
862 -19.988408 74.545208 106.463986
877 -19.729155 70.349457 106.463986
878 -19.807981 70.264509 106.463986
879 -19.974366 70.370287 106.463986
880 -20.073779 70.913348 106.463986
882 -20.033142 71.536555 106.463986
883 -19.941945 72.214181 106.463986
884 -19.894140 72.444173 106.463986
885 -19.843323 73.074270 106.463986
887 -19.847304 73.431357 106.463986
888 -19.880712 73.995192 106.463986
889 -19.875382 74.247636 106.463986
905 -19.918458 80.169481 106.463986
920 -19.864023 80.121287 106.463986
921 -19.915432 79.564886 106.463986
923 -19.987485 79.208026 106.463986
924 -20.119041 78.788744 106.463986
925 -20.132322 78.442621 106.463986
926 -20.067760 78.017537 106.463986
942 -19.946212 77.457224 106.463986
943 -19.937158 76.987901 106.463986
944 -20.066654 76.647273 106.463986
946 -20.174638 76.284522 106.463986
947 -20.158128 75.899908 106.463986
948 -20.146419 75.535167 106.463986
949 -20.142153 75.035185 106.463986
951 -20.149205 74.740274 106.463986
952 -20.148804 74.315339 106.463986
953 -20.130007 73.840711 106.463986
954 -20.129450 73.555775 106.463986
970 -19.814219 67.313059 106.463986
971 -19.866074 67.044765 106.463986
972 -19.951542 66.523120 106.463986
973 -19.934927 66.074402 106.463986
975 -19.832727 65.661876 106.463986
976 -19.738605 65.095154 106.463986
977 -19.635985 64.357279 106.463986
978 -19.630523 64.312612 106.463986
980 -19.619779 64.153009 106.463986
981 -19.599332 63.691000 106.463986
982 -19.496523 63.312808 106.463986
998 -19.381648 63.105133 106.463986
999 -19.401427 63.108101 106.463986
1000 -19.421250 63.105440 106.463986
1002 -19.470772 63.098540 106.463986
1003 -19.340920 62.894445 106.463986
1004 -19.350257 62.407736 106.463986
1005 -19.550277 62.057273 106.463986
1007 -19.745862 61.452392 106.463986
1008 -19.751779 60.863573 106.463986
1009 -19.714265 60.284808 106.463986
1010 -19.635318 59.604424 106.463986
1028 -18.056135 54.843944 115.840323
1029 -18.134685 54.881431 116.203358
1031 -18.110688 55.034932 116.203358
1032 -17.585226 55.098393 116.203358
1034 -16.505612 55.111362 116.203358
1036 -15.541062 55.211543 116.230205
1037 -14.514356 55.376776 116.829536
1039 -13.431524 55.583981 118.037708
1041 -12.346481 55.792987 118.037708
1042 -11.194570 55.997564 119.608781
1044 -10.039240 56.182179 120.999258
1055 -3.185120 57.121626 127.497845
1057 -1.767223 57.024993 128.954645
1059 -0.410091 56.998708 129.916668
1061 1.012380 56.993925 131.362478
1064 2.502311 56.979555 134.121216
1066 4.054629 56.958527 135.465791
1069 5.671534 56.914777 136.695064
1071 7.288957 56.901595 137.926432
1074 8.431367 56.889911 139.091699
1076 10.074896 56.465215 141.792315
1079 10.983302 56.066495 142.941179
1092 11.934096 55.950705 145.149098
1095 13.994305 56.197517 146.113725
1098 16.053784 56.429284 146.746382
1101 18.182264 56.623337 149.309145
1105 20.441181 56.817960 151.573417
1108 22.694115 57.023803 152.894018
1112 24.951166 57.239607 154.180741
1115 27.174607 57.643666 154.168806
1119 28.475436 57.993599 154.157130
1132 29.777425 57.987466 154.184373
1135 31.905105 58.163787 154.184373
1139 34.162597 58.310785 154.184373
1142 36.550798 58.520267 154.300813
1146 38.451138 58.962879 155.578215
1169 38.528894 57.432489 155.203418
1173 38.442911 55.751245 155.203418
1177 38.412229 53.768854 155.255470
1184 38.322943 51.252505 155.881560
1191 38.285196 48.769801 156.138979
1198 38.655341 46.201439 156.138979
1205 38.796467 43.602318 156.138979
1213 38.993806 41.996566 156.138979
1222 38.993806 41.996566 156.338418
1232 38.996954 41.987075 156.338418
1241 38.947105 41.989076 156.338418
1272 40.650104 37.160102 157.645237
1303 47.798925 42.903170 165.771955
1320 49.054861 43.365497 165.771955
1360 49.181808 48.453714 165.787156
1376 49.419985 54.396237 165.787156
1394 49.584700 56.816964 165.787156
1410 49.663868 56.206420 165.787156
1450 49.489813 59.420775 165.787156
1467 49.688026 59.549807 165.771955
1506 49.170838 55.086314 165.771955
1523 49.052476 48.717893 165.771955
1539 48.992600 42.788364 165.771955
1555 49.177036 38.773107 165.787156
1594 49.243798 38.390178 165.787156
1634 49.289055 39.056267 165.787156
1674 49.158668 42.497367 165.787156
1714 49.175256 41.756766 165.787156
1755 49.211222 46.524512 165.787156
1795 49.083869 47.267950 165.787156
1835 48.914472 44.798053 165.787156
1851 49.158050 42.584162 165.787156
1891 49.168157 39.525311 165.787156
1930 49.252878 43.564581 165.787156
1969 49.333084 48.461281 165.787156
1986 49.250575 51.412721 165.787156
2026 49.156528 54.975405 165.787156
2066 45.595044 49.255950 165.787156
2082 42.536142 43.374407 165.787156
2099 39.852604 37.607626 165.787156
2115 38.797445 35.861510 165.787156
2155 38.917562 40.671794 165.787156
2171 38.806256 42.736252 165.787156
2211 38.822415 46.789746 165.787156
2251 38.467894 40.838837 165.787156
2268 38.613731 36.819837 165.787156
2308 34.413801 34.931326 165.787156
2326 34.404454 34.831775 165.787156
2368 25.953544 38.480530 165.787156
2389 24.147011 39.051101 165.787156
2435 29.713512 38.558029 165.787156
2481 23.807953 31.338822 165.787156
2500 23.867030 24.427845 165.787156
2518 23.902068 23.618670 165.787156
2535 23.902068 23.618670 165.787156
2579 23.568558 24.046079 165.787156
2624 23.629717 25.623890 165.787156
2669 23.654281 30.426676 165.787156
2715 27.523070 36.124336 165.787156
2734 34.503597 42.209434 165.787156
2752 34.777431 49.240690 165.787156
2770 33.500968 56.009837 165.787156
2788 23.775155 56.061407 165.787156
2834 33.964996 55.362887 165.787156
2853 34.192022 50.970440 166.001991
2872 34.263710 44.115183 166.001991
2891 30.939301 37.879929 166.001991
2910 23.650181 32.016042 166.001991
2929 23.401190 25.354224 166.001991
2976 23.684020 30.161389 166.001991
2995 30.348981 36.152526 166.001991
3014 42.183028 39.376606 166.001991
3033 49.160924 43.203966 166.001991
3080 49.217476 46.599266 166.001991
3126 49.252328 51.006198 166.001991
3172 49.255795 54.418385 166.001991
3219 48.768564 46.536840 166.001991
3238 48.434851 38.125449 166.001991
3257 49.187064 36.186189 166.001991
3303 49.257228 35.842230 166.001991
3349 38.978914 37.585048 166.001991
3368 31.647144 38.694914 166.001991
3415 34.356435 39.542991 166.001991
3433 34.696640 45.505437 166.001991
3453 34.690722 53.267268 166.001991
3472 31.933435 55.944716 166.001991
3491 31.432607 56.173492 166.001991
3537 29.177195 56.014630 166.001991
3584 27.299448 55.972862 166.001991
3630 34.404210 52.302239 166.001991
3650 34.318826 43.664391 166.001991
3669 28.916778 37.003696 166.001991
3688 23.557961 30.057054 166.001991
3707 23.631105 24.501986 166.001991
3754 23.923708 29.930637 166.001991
3773 27.910306 35.326417 166.001991
3792 33.984456 36.336941 166.001991
3839 23.888337 34.326468 166.001991
3857 23.593373 27.547605 166.001991
3904 23.760503 28.420019 166.001991
3951 23.699054 32.190656 166.001991
3997 30.206618 37.369390 166.001991
4017 34.654504 43.720906 166.001991
4036 34.848964 50.317965 166.001991
4055 31.345687 56.049279 166.001991
4074 21.891058 56.053649 166.001991
4120 22.375112 56.122392 166.001991
4167 31.551768 55.721078 166.001991
4186 31.560453 55.703063 166.001991
4205 31.560453 55.703063 166.001991
4224 31.560453 55.703063 166.001991
4243 34.412096 53.989047 166.001991
4262 34.415838 46.410940 166.001991
4282 33.865347 39.226623 166.001991
4301 23.387829 33.715398 166.001991
4320 19.523234 27.148176 166.001991
4339 16.469008 19.829280 166.001991
4358 15.897364 18.073863 166.001991
4390 16.509267 11.160753 166.001991
4408 16.235791 4.266173 166.001991
4422 16.797283 1.589628 166.001991
4451 24.119043 2.157600 166.001991
4465 24.620609 2.188178 166.001991
4508 18.973302 -2.249560 166.001991
4522 15.929881 -7.464356 166.001991
4531 15.250104 -11.175762 166.001991
4541 14.322530 -14.067070 166.001991
4550 13.765700 -15.638730 166.001991
4577 16.884105 -19.527631 166.381312
4586 20.519434 -24.109245 166.575692
4595 23.246111 -27.783775 166.226415
4603 25.616145 -30.650432 166.226415
4630 24.557407 -28.502664 166.226415
4639 22.796665 -25.313875 166.226415
4648 21.601350 -22.863672 166.226415
4656 20.148509 -19.848688 166.226415
4665 18.741642 -17.049379 166.226415
4673 17.413916 -14.143093 166.226415
4682 16.070701 -10.710911 166.226415
4728 33.018598 -12.017956 173.327728
4738 33.683304 -15.756398 173.327728
4748 34.172904 -19.305348 173.751838
4759 36.338239 -22.737532 177.412123
4770 36.922513 -23.846609 181.729088
4822 38.790025 -22.027524 182.003795
4833 44.602991 -17.664449 181.909486
4844 45.133678 -17.443807 181.909486
4900 46.851949 -15.242899 181.909486
4911 49.235366 -14.755997 181.909486
4949 51.946611 -19.064147 194.965283
4964 55.197562 -24.359939 195.870624
4979 58.748566 -28.873728 195.870624
5042 57.285868 -25.547628 195.687765
5056 55.087601 -20.406825 195.687765
5071 54.754165 -19.228922 195.687765
5134 53.718314 -15.735028 195.687765
5148 53.524692 -14.601689 195.687765
5212 47.870580 -14.065031 195.687765
5227 48.889392 -8.641442 195.687765
5241 51.060860 -7.061837 195.687765
5305 53.411483 -8.120380 195.687765
5369 46.634732 -12.202691 195.687765
5384 42.968421 -17.475748 195.687765
5398 36.549070 -21.467526 195.687765
5412 34.209281 -26.936333 195.687765
5426 34.135376 -32.098572 195.687765
5440 34.405979 -36.279394 195.687765
5454 34.488135 -36.827129 195.687765
5468 34.336892 -36.381728 195.687765
5481 34.521503 -37.030217 195.687765
5495 34.521503 -37.030217 195.687765
5536 34.169729 -41.938548 195.687765
5549 34.043065 -47.184753 195.687765
5562 33.812032 -52.592277 195.687765
5575 34.214696 -55.885888 195.687765
5613 34.129245 -60.038898 196.408405
5624 34.098584 -64.592619 197.889923
5634 34.175915 -68.571820 201.645287
5646 34.463405 -70.364539 203.929845
5658 34.475641 -70.402621 206.444234
5699 33.973591 -70.671894 206.746854
5710 33.833178 -74.900494 206.898288
5722 33.772798 -77.981996 208.924727
5734 34.175470 -81.557362 209.226054
5745 34.299369 -82.516699 209.547564
5757 34.368823 -82.510378 211.084490
5830 34.202522 -82.670895 211.084490
5842 37.659698 -86.329930 211.084490
5920 43.940218 -88.646503 224.060398
5935 51.462874 -87.847643 225.750530
5951 54.783850 -87.471172 231.635278
6002 63.364894 -88.972607 237.897167
6020 68.332381 -89.229143 242.064170
6038 68.332381 -89.229143 247.577265
6056 71.633727 -89.173511 248.251369
6111 76.596304 -87.788608 250.488687
6129 85.778126 -86.257715 251.573493
6149 89.082248 -85.805260 258.423107
6214 100.841769 -87.509876 265.422724
6235 106.403421 -88.490853 266.271783
