14 -110.000000 49.000000 -0.906445
15 -110.002879 49.082450 8.184131
16 -110.009220 49.144475 8.184131
17 -110.100725 49.249595 8.184131
18 -110.484929 49.323597 8.184131
19 -111.114193 49.323078 8.184131
20 -111.754417 49.214938 8.184131
21 -112.359991 49.070794 10.823124
22 -112.723933 48.980402 10.823124
23 -112.786970 48.964551 10.823124
24 -112.885949 48.825460 10.823124
25 -112.921850 48.359339 10.823124
26 -112.659131 47.782560 10.823124
27 -112.357131 47.317091 10.823124
28 -112.118925 46.878509 10.823124
29 -111.897453 46.388807 10.823124
30 -111.729734 45.936855 10.823124
31 -111.561218 45.443050 10.823124
32 -111.474025 45.166864 10.823124
33 -111.394518 44.851959 10.823124
34 -111.329664 44.652245 10.823124
35 -111.329664 44.652245 10.823124
36 -111.297343 44.665398 10.823124
37 -111.179695 44.875058 10.823124
38 -111.174776 45.399508 10.823124
39 -111.166871 45.638004 10.823124
40 -111.086966 46.055202 10.823124
41 -111.010058 46.365453 10.823124
42 -110.871914 46.659555 10.823124
43 -110.736878 47.124142 10.823124
44 -110.631557 47.628212 10.823124
45 -110.595202 47.767976 10.823124
46 -110.495617 47.975233 10.823124
47 -110.388513 48.436109 10.823124
48 -110.337288 48.913321 10.823124
49 -110.245005 49.414478 10.823124
50 -110.173639 49.648268 10.823124
51 -110.015473 50.042710 10.823124
52 -109.875870 50.532570 10.823124
53 -109.796698 50.763054 10.823124
54 -109.624467 51.151265 10.823124
55 -109.408595 51.644909 10.823124
56 -109.205716 51.941982 10.823124
57 -108.989930 52.184910 10.823124
58 -108.580007 52.509715 18.988945
59 -107.975200 52.735723 18.988945
60 -107.331846 52.795730 18.988945
61 -106.779832 52.774843 18.988945
62 -106.495308 52.758373 19.062529
63 -106.430417 52.754617 19.062529
64 -106.295049 52.608977 19.062529
65 -106.285991 52.127817 19.062529
66 -106.388685 51.637328 19.062529
67 -106.506428 51.127567 19.062529
68 -106.538538 50.886647 19.062529
69 -106.579484 50.463657 19.062529
70 -106.593930 50.146655 19.062529
71 -106.582861 49.876882 19.062529
72 -106.568068 49.382117 19.062529
73 -106.567376 49.059730 19.524857
74 -106.589885 48.730502 19.524857
75 -106.661318 48.276480 19.524857
76 -106.717462 47.956684 20.564533
77 -106.745517 47.632920 20.564533
78 -106.768960 47.173835 21.637468
79 -106.760547 46.851635 21.637468
80 -106.731855 46.528020 21.637468
81 -106.724979 46.068191 22.596018
82 -106.733757 45.745916 22.596018
83 -106.751732 45.446511 22.596018
84 -106.755862 45.116626 23.654599
85 -106.735713 44.847379 23.654599
86 -106.752898 44.338836 23.654599
87 -106.809143 44.104724 24.575191
88 -106.925235 43.743627 24.575191
89 -106.979016 43.242414 24.575191
90 -106.966142 42.727795 25.678396
91 -106.940927 42.203420 25.678396
92 -106.947133 41.883826 26.698690
93 -106.999510 41.563085 26.698690
94 -107.033403 41.247525 27.578616
95 -107.045161 40.947764 27.578616
96 -107.044027 40.455425 27.578616
97 -107.010092 40.222817 27.578616
98 -106.842858 39.832330 28.587061
99 -106.677982 39.524010 28.587061
100 -106.484694 39.262783 28.587061
101 -106.166136 38.772198 29.546236
102 -106.008303 38.508340 29.546236
103 -105.833441 38.234403 29.546236
104 -105.552506 37.721327 30.680614
105 -105.300919 37.246392 30.680614
106 -105.024219 36.761558 31.671123
108 -104.670700 36.225104 32.635258
108 -104.445006 35.818918 32.635258
109 -104.265873 35.364315 32.635258
110 -104.183510 35.134343 33.521636
111 -104.002768 34.749703 33.521636
112 -103.891872 34.490228 33.143628
113 -103.806898 34.202519 33.143628
114 -103.628770 33.666596 33.521636
115 -103.433328 33.220356 33.521636
116 -103.184419 32.746948 33.521636
117 -103.013999 32.432866 33.158107
119 -102.827081 31.990760 33.277320
119 -102.804710 31.940516 33.277320
120 -102.657882 31.869436 33.277320
121 -102.212717 31.986775 33.277320
122 -101.817208 32.485120 33.203916
123 -101.531919 32.940633 33.203916
124 -101.376221 33.193579 33.203916
125 -101.149479 33.426410 33.209939
126 -100.746579 33.867374 33.203916
127 -100.365664 34.304577 33.203916
128 -99.946864 34.788450 33.203916
130 -99.391317 35.418409 33.203916
130 -99.143156 35.682563 33.203916
131 -98.827108 36.030061 33.203916
132 -98.682782 36.264121 33.203916
133 -98.379479 36.734862 33.203916
134 -98.041105 37.186175 33.203916
135 -97.609836 37.672484 33.203916
136 -97.226648 38.090552 33.203916
137 -96.773353 38.552814 33.203916
138 -96.330446 39.004253 33.209939
139 -96.100558 39.280993 33.203916
141 -95.958926 39.365640 33.203916
141 -95.875040 39.420014 33.203916
142 -95.670892 39.656486 33.203916
143 -95.579578 40.167326 33.203916
144 -95.619312 40.404544 33.209939
145 -95.758959 40.805580 33.209939
146 -95.822140 41.270223 33.209939
147 -95.834856 41.795048 33.209939
148 -95.833608 42.114934 33.209939
149 -95.812778 42.439248 33.209939
150 -95.808876 42.864190 33.209939
152 -95.798730 43.298712 33.203916
152 -95.799852 43.308649 33.203916
153 -95.800974 43.318585 33.203916
154 -95.770315 43.343179 33.203916
155 -95.650272 43.315018 33.209939
156 -95.535672 43.065451 33.209939
157 -95.485370 42.575176 33.203916
158 -95.546483 42.059141 33.203916
159 -95.594452 41.745294 33.209939
160 -95.624995 41.446933 33.209939
161 -95.643362 40.922276 33.209939
163 -95.625798 40.204081 33.209939
163 -95.625798 40.204081 33.209939
164 -95.609885 40.191999 33.209939
165 -95.376746 40.159731 33.209939
166 -95.126212 40.329513 33.209939
167 -94.993412 40.676811 33.209939
168 -94.956766 40.926630 33.209939
169 -94.869190 41.444266 33.209939
170 -94.755339 41.912743 33.209939
171 -94.643549 42.221971 33.209939
172 -94.464202 42.492939 33.209939
174 -94.030132 43.261091 33.209939
174 -93.969636 43.425302 33.209939
175 -93.848707 43.748082 33.209939
176 -93.690427 44.031922 33.209939
177 -93.405102 44.542607 33.209939
178 -93.272129 44.747003 33.209939
179 -93.005009 45.071061 33.209939
180 -92.581730 45.549684 33.209939
181 -92.035677 45.894212 33.209939
182 -91.438985 46.145505 33.209939
183 -90.852631 46.420048 33.209939
185 -90.156226 46.716775 33.209939
185 -90.156226 46.716775 33.209939
186 -90.150939 46.725263 33.209939
187 -90.115536 46.944951 33.209939
188 -90.313458 47.422378 33.209939
189 -90.837705 47.789468 33.209939
190 -91.472123 47.908386 33.209939
191 -92.109770 48.019857 33.209939
192 -92.693058 48.195452 33.209939
193 -93.156964 48.595473 33.209939
194 -93.347730 49.045441 33.209939
196 -93.326671 49.952474 33.209939
196 -93.307698 50.060825 33.209939
197 -93.267320 50.582945 33.209939
198 -93.319484 51.054709 33.209939
199 -93.358358 51.372137 33.209939
200 -93.372913 51.696797 33.209939
201 -93.392358 52.181317 33.209939
202 -93.392744 52.401289 33.209939
203 -93.404299 52.851087 33.209939
204 -93.423771 53.170306 33.209939
205 -93.464220 53.492636 33.209939
207 -93.470358 54.162260 33.209939
207 -93.474710 54.254361 33.209939
208 -93.552329 54.569945 33.209939
209 -93.629420 55.022852 33.209939
210 -93.652755 55.522078 33.209939
211 -93.662900 56.046980 33.209939
212 -93.665534 56.366857 33.209939
213 -93.651589 56.691537 33.209939
214 -93.655803 57.021359 33.209939
215 -93.707004 57.288922 33.209939
216 -93.738377 57.812640 33.209939
218 -93.724408 58.372388 33.209939
218 -93.722361 58.482366 33.209939
219 -93.766494 58.959276 33.209939
220 -93.839331 59.433561 33.655015
221 -93.909567 59.928568 33.655015
222 -93.946495 60.376833 34.505942
223 -93.954262 60.686623 34.505942
224 -93.947934 61.011548 35.163902
225 -93.954768 61.501387 35.163902
226 -93.960493 61.746272 35.163902
227 -93.970298 62.171122 38.335624
229 -93.998233 63.015541 38.335624
230 -93.997903 63.115531 38.335624
231 -94.001157 63.135258 38.335624
232 -94.060366 63.184135 38.335624
233 -94.398863 63.262494 38.335624
234 -95.008672 63.271384 38.335624
235 -95.656152 63.272238 38.335624
236 -96.302404 63.311551 38.335624
237 -96.945881 63.355847 38.335624
238 -97.591929 63.399190 38.335624
239 -98.237959 63.442611 38.335624
241 -99.333632 63.539563 38.335624
241 -99.333632 63.539563 38.335624
242 -99.365616 63.570518 38.335624
243 -99.353487 63.835182 38.335624
244 -98.913197 64.162775 38.335624
245 -98.287243 64.325819 38.335624
246 -97.649136 64.449479 38.335624
247 -97.009389 64.548669 38.335624
248 -96.395187 64.632585 38.335624
249 -95.975267 64.772188 38.335624
250 -95.621018 65.205377 38.335624
253 -95.508317 66.140099 39.670896
254 -95.514226 66.619128 39.670896
255 -95.561009 66.774647 39.670896
256 -95.657286 67.223276 40.573144
257 -95.659254 67.593003 40.573144
258 -95.626158 67.865993 40.573144
259 -95.559988 68.386799 41.553099
260 -95.482374 68.905905 41.553099
261 -95.360686 69.375233 41.553099
262 -95.206449 69.819202 42.373813
263 -95.052664 70.289520 43.436621
265 -94.897489 71.283648 43.884622
266 -94.857387 71.462812 43.884622
267 -94.852009 71.924028 44.513594
268 -94.893354 72.162165 44.513594
269 -94.975526 72.578370 44.513594
270 -94.991293 73.027626 45.073496
271 -94.981127 73.337460 45.073496
272 -94.970469 73.662285 46.079280
273 -94.951293 74.151852 46.079280
274 -94.950112 74.401659 46.079280
275 -94.964289 74.826422 46.946992
278 -94.968348 76.036068 47.955188
279 -94.972974 76.560838 47.955188
280 -95.025086 77.002676 49.100102
281 -95.034277 77.167414 49.100102
282 -95.069930 77.631034 50.029791
283 -95.086438 78.000598 50.029791
284 -95.114089 78.274195 50.029791
285 -95.139846 78.798550 50.976269
286 -95.144811 79.238491 50.976269
287 -95.166320 79.707994 50.976269
288 -95.163334 80.257985 51.619570
290 -95.160829 81.217590 52.348257
290 -95.160956 81.322567 52.348257
291 -95.157883 81.587509 52.348257
292 -95.199022 81.859379 52.904631
293 -95.231285 82.388164 52.904631
294 -95.222144 82.552910 52.904631
295 -95.209912 83.017648 53.383331
296 -95.229287 83.387078 53.383331
297 -95.238542 83.661917 53.383331
298 -95.255928 84.131595 53.479155
299 -95.253429 84.611588 53.479155
302 -95.251061 85.891585 53.527750
303 -95.261496 86.291388 53.527750
304 -95.305726 86.552611 53.527750
305 -95.331100 87.006573 53.921610
306 -95.327633 87.376539 53.921610
307 -95.353526 87.617639 53.921610
308 -95.392809 88.068305 54.331022
309 -95.402653 88.389360 54.331022
310 -95.432194 88.753156 54.331022
311 -95.473099 89.276555 54.331022
312 -95.513419 89.754834 54.331022
316 -95.911988 91.269915 54.331022
317 -96.001201 91.644291 54.331022
318 -96.103507 91.931577 54.461179
319 -96.366382 92.444612 54.461179
320 -96.723080 92.905090 54.461179
321 -97.125216 93.406128 54.461179
322 -97.548647 93.875934 54.461179
323 -97.983683 94.345326 54.461179
324 -98.392150 94.764106 54.461179
325 -98.836997 95.238011 54.461179
326 -99.291607 95.698985 54.959804
330 -100.332155 96.620234 54.612270
331 -100.351366 96.625761 54.612270
332 -100.419491 96.617350 54.612270
333 -100.524557 96.492043 54.612270
334 -100.481566 96.058150 54.612270
335 -100.281998 95.762076 54.612270
336 -100.038370 95.548069 54.612270
337 -99.529914 95.229696 54.612270
338 -98.998312 94.856351 54.612270
339 -98.519008 94.417722 54.612270
340 -98.062619 93.958448 54.612270
345 -96.815506 92.261216 54.612270
346 -96.717184 91.967580 54.612270
347 -96.364360 91.468573 54.612270
348 -95.863623 91.054672 54.612270
349 -95.346883 90.660375 54.612270
350 -94.841485 90.251758 54.612270
351 -94.356042 89.819569 54.417093
352 -93.924131 89.406748 54.417093
353 -93.393770 89.078336 54.612270
354 -92.762106 88.945919 54.612270
355 -91.987648 88.940393 54.612270
359 -90.619353 89.207696 56.144991
360 -90.300977 89.348925 56.144991
361 -90.046346 89.631527 56.144991
362 -89.944257 89.854229 63.471726
363 -89.804106 90.321819 63.941379
364 -89.742324 90.843136 63.941379
365 -89.689202 91.112248 64.501938
366 -89.558053 91.359550 64.501938
367 -89.336529 91.872028 65.650133
368 -89.177516 92.336264 65.650133
369 -89.053006 92.622889 65.650133
373 -88.958128 92.839249 67.076822
374 -88.958128 92.839249 67.076822
375 -88.958128 92.839249 67.333944
376 -88.974714 92.828119 67.333944
377 -89.066133 92.841574 67.333944
378 -89.234126 93.138564 67.333944
379 -89.309828 93.716373 67.076822
380 -89.163519 94.217899 67.076822
381 -89.003665 94.659615 66.991492
382 -88.922611 95.157400 66.991492
383 -88.917526 95.642022 68.000735
388 -88.950588 97.923394 68.511751
389 -88.950713 98.205894 68.511751
390 -88.952457 98.535829 68.511751
391 -88.973253 98.810032 68.647651
392 -88.983990 99.334893 68.647651
393 -88.998650 99.814584 68.647651
394 -89.009552 100.294305 68.647651
395 -89.006147 100.601688 68.647651
396 -88.995984 100.901478 68.647651
397 -88.996720 101.231358 68.647651
398 -89.044203 101.484416 68.647651
404 -89.107228 103.740203 68.579443
405 -89.135757 104.144137 68.579443
406 -89.207180 104.399279 68.511751
407 -89.275402 104.848340 68.511751
408 -89.282490 105.110743 68.444576
409 -89.288662 105.595689 68.444576
410 -89.296591 105.910463 68.444576
411 -89.332617 106.273675 68.444576
412 -89.362519 106.752627 68.444576
413 -89.380494 107.252170 68.444576
414 -89.419234 107.785765 68.444576
420 -90.049957 110.220623 68.444576
421 -90.110366 110.550058 68.444576
422 -90.150248 110.852348 68.444576
423 -90.242501 111.328476 68.511751
424 -90.288370 111.523119 68.511751
425 -90.396954 111.944169 68.511751
426 -90.499257 112.115682 68.511751
427 -90.756671 112.520681 68.511751
428 -90.949241 112.943666 68.511751
429 -91.041141 113.176158 68.511751
435 -91.110450 113.370028 68.511751
436 -90.953506 113.208821 68.511751
437 -90.676429 112.777265 68.511751
438 -90.516020 112.293793 68.511751
439 -90.497830 112.132331 68.511751
440 -90.429931 111.702829 68.511751
441 -90.364194 111.288045 68.511751
442 -90.284201 111.067165 68.511751
443 -90.145448 110.561679 68.511751
444 -90.091550 110.094792 68.511751
445 -90.003068 109.633225 68.511751
451 -89.657419 107.657165 68.511751
452 -89.658728 107.347197 68.511751
453 -89.692104 106.848393 68.511751
454 -89.698038 106.638531 68.511751
455 -89.693762 106.183607 68.511751
456 -89.671325 105.659092 68.511751
457 -89.663030 105.414276 68.511751
458 -89.671322 105.059531 68.431718
459 -89.704219 104.784146 68.431718
460 -89.749181 104.432196 68.431718
461 -89.756979 103.927696 68.431718
467 -89.131719 101.632518 68.431718
468 -89.024239 101.368797 68.431718
469 -89.001305 100.823562 68.431718
470 -89.057523 100.623339 68.431718
471 -89.219833 100.198669 68.431718
472 -89.269325 99.929175 68.431718
473 -89.254869 99.599496 68.431718
474 -89.245124 99.304853 68.431718
475 -89.268408 99.023314 68.431718
476 -89.296266 98.485338 68.431718
477 -89.295403 98.277879 68.431718
483 -89.325566 96.031731 68.431718
484 -89.390178 95.531351 68.431718
485 -89.468939 95.022470 68.431718
486 -89.505572 94.538991 68.431718
487 -89.534268 94.074938 68.431718
488 -89.544892 93.787812 68.431718
489 -89.556997 93.433036 68.431718
490 -89.585549 92.928944 68.431718
491 -89.633219 92.416209 68.431718
492 -89.659929 92.213016 68.431718
493 -89.722968 91.762456 68.431718
499 -90.641910 89.391823 68.431718
500 -91.191851 89.070682 68.431718
501 -91.833597 88.978571 68.431718
502 -92.480727 88.957418 68.431718
503 -93.125690 88.958316 68.431718
504 -93.767585 89.036554 68.511751
505 -94.406084 89.143183 68.511751
506 -95.052624 89.150384 68.431718
507 -95.698699 89.079844 68.431718
508 -96.342333 88.989131 68.431718
509 -96.985692 88.916680 68.431718
515 -100.926244 88.690359 68.431718
516 -100.952862 88.704037 68.431718
517 -100.975971 88.723127 68.431718
518 -100.976574 88.796505 68.431718
519 -100.764937 88.919518 68.431718
520 -100.281326 88.998712 68.431718
521 -99.637431 88.935843 68.431718
522 -98.997019 88.840361 68.431718
523 -98.355348 88.775967 68.431718
524 -97.708482 88.748714 68.431718
525 -97.061015 88.744020 68.431718
531 -92.983595 88.769530 68.431718
532 -92.983595 88.769530 68.431718
533 -92.911563 88.589119 68.431718
534 -93.135871 88.150929 68.431718
535 -93.608943 87.708101 68.431718
536 -94.146282 87.342421 68.431718
537 -94.672496 86.961021 68.431718
538 -95.164611 86.536754 68.431718
539 -95.623315 86.076416 68.431718
540 -96.053658 85.589373 68.431718
541 -96.466502 85.100342 68.431718
548 -99.634154 82.218846 68.431718
549 -100.197449 81.898002 68.431718
550 -100.812609 81.688693 68.431718
551 -101.430643 81.487438 68.431718
552 -102.040126 81.261924 68.431718
553 -102.629274 80.987612 68.431718
554 -103.203552 80.683262 68.431718
555 -103.775389 80.374243 68.431718
556 -104.342998 80.057554 68.431718
557 -104.906919 79.734305 68.431718
558 -105.472094 79.413255 68.431718
565 -109.466054 77.101667 68.431718
566 -109.466054 77.101667 68.431718
567 -109.624720 77.250000 68.431718
568 -109.575275 77.753556 68.431718
569 -109.133278 78.111575 68.431718
570 -108.443388 78.288362 68.431718
571 -107.810905 78.438230 68.431718
572 -107.182810 78.605372 68.431718
573 -106.554524 78.771928 68.431718
574 -105.936395 78.972430 68.431718
575 -105.336107 79.221013 68.431718
582 -101.158577 81.469548 68.431718
583 -100.689381 81.693622 68.431718
584 -100.099037 81.965553 68.431718
585 -99.518522 82.257886 68.431718
586 -98.948019 82.564093 68.431718
587 -98.376088 82.872937 68.431718
588 -97.808212 83.189155 68.431718
589 -97.242586 83.509406 68.431718
590 -96.678176 83.831799 68.431718
591 -96.113038 84.152914 68.431718
592 -95.549841 84.477412 68.431718
600 -91.218004 86.416589 68.431718
601 -90.573292 86.487151 68.431718
602 -89.950639 86.672873 68.431718
603 -89.333936 86.878199 68.431718
604 -88.717681 87.084890 68.431718
605 -88.103835 87.298639 68.431718
606 -87.484696 87.496448 68.431718
607 -86.862512 87.684527 68.431718
608 -86.234850 87.853395 68.431718
609 -85.608664 88.027710 68.431718
610 -84.983802 88.206700 68.431718
618 -83.397572 89.221595 68.431718
619 -83.583744 89.270411 68.431718
620 -83.978607 89.280715 68.431718
621 -84.392060 89.308215 68.431718
622 -84.717136 89.525114 68.431718
623 -84.881896 90.052133 68.431718
624 -84.847359 90.241070 68.431718
625 -84.665446 90.647186 68.431718
626 -84.498596 91.107598 68.431718
627 -84.310183 91.645419 68.431718
628 -84.215079 91.840108 68.431718
637 -82.208863 95.517849 72.011805
638 -82.050824 95.818479 72.011805
639 -81.945687 96.094012 73.044234
640 -81.803761 96.451853 73.044234
641 -81.723990 96.683367 73.044234
642 -81.564974 97.061198 73.770591
643 -81.435227 97.269007 73.770591
644 -81.166192 97.719740 73.770591
645 -80.955990 98.189469 75.014266
646 -80.813338 98.536108 75.014266
647 -80.661789 98.789166 75.014266
659 -78.794154 102.888856 77.310414
660 -78.707846 102.925490 77.310414
661 -78.356125 102.780140 77.142077
662 -77.938105 102.311112 77.142077
663 -77.833841 102.123381 77.142077
664 -77.690388 101.782647 77.142077
665 -77.462205 101.233656 77.250373
666 -77.112885 100.723215 77.250373
667 -76.692455 100.230905 77.250373
668 -76.258620 99.760523 77.250373
669 -75.820618 99.283651 77.250373
681 -71.172736 93.948360 77.250373
682 -71.070339 93.800351 77.250373
683 -70.806667 93.393291 77.250373
684 -70.439261 92.875527 77.250373
685 -70.033139 92.374455 77.250373
686 -69.629891 91.874323 77.250373
687 -69.236603 91.369541 77.250373
688 -69.135971 91.220300 77.250373
689 -68.858803 90.822323 77.250373
690 -68.548476 90.341300 77.250373
691 -68.227489 89.885495 77.250373
704 -64.613962 85.211625 77.250373
705 -64.613962 85.211625 77.250373
706 -64.644822 85.173471 77.250373
707 -64.721259 85.161888 77.250373
708 -64.835689 85.295052 77.250373
709 -64.927833 85.729808 77.250373
710 -64.917864 86.038147 77.250373
711 -64.785372 86.329249 77.250373
712 -64.655322 86.862057 77.250373
713 -64.627665 87.345843 77.250373
714 -64.643678 87.640030 77.250373
728 -62.255976 93.110770 80.769426
729 -62.243782 93.138180 81.512822
730 -62.243782 93.138180 81.512822
731 -62.145389 93.062018 82.518483
732 -62.165846 92.710794 82.518483
733 -62.597572 92.302355 82.948298
734 -63.146355 91.955276 82.948298
735 -63.709564 91.630836 82.948298
736 -64.177561 91.324168 82.948298
737 -64.523629 90.896774 82.948298
738 -64.627718 90.457072 82.948298
754 -64.384234 83.967906 83.420022
755 -64.449465 83.896324 83.420022
756 -64.555384 83.915500 83.420022
757 -64.672834 84.158035 83.420022
758 -64.728027 84.667409 83.420022
759 -64.665456 85.097625 83.420022
760 -64.587661 85.284402 83.420022
761 -64.487288 85.691039 83.420022
762 -64.462761 86.135085 83.420022
763 -64.494465 86.377979 83.420022
764 -64.523884 86.886958 83.420022
781 -63.758447 93.435787 83.420022
782 -63.572291 93.766915 83.420022
783 -63.396175 94.292079 83.420022
784 -63.359009 94.468193 83.420022
785 -63.233798 94.931550 83.420022
786 -63.133002 95.390530 83.602513
787 -62.989059 95.853448 83.602513
788 -62.827530 96.363467 83.602513
789 -62.700874 96.826333 84.245001
790 -62.626358 97.053349 84.245001
791 -62.440773 97.384639 85.029995
808 -61.265021 104.211314 85.546830
809 -61.311430 104.261593 85.546830
810 -61.392048 104.300590 85.546830
811 -61.457390 104.300574 85.546830
812 -61.548727 104.228434 85.546830
813 -61.604734 103.821892 85.546830
815 -61.563473 103.283500 85.546830
816 -61.521872 102.785247 85.546830
817 -61.527823 102.173199 85.546830
818 -61.559216 101.951062 85.546830
819 -61.637578 101.523312 85.546830
836 -62.901726 94.895796 85.546830
837 -62.983856 94.423089 85.546830
839 -63.072708 94.080343 85.546830
840 -63.245280 93.747436 85.546830
841 -63.471189 93.160867 85.546830
842 -63.545258 92.996872 85.546830
843 -63.729003 92.548173 85.546830
844 -63.874355 92.033462 85.546830
845 -64.048982 91.470134 85.546830
846 -64.331661 90.930412 85.546830
847 -64.516354 90.501261 85.546830
865 -64.284449 83.077902 85.546830
866 -64.332067 82.640513 85.546830
867 -64.373433 82.032173 85.546830
868 -64.350168 81.547768 85.546830
869 -64.291602 81.061573 85.546830
870 -64.224054 80.847025 85.546830
871 -64.073160 80.407216 85.546830
872 -63.924571 79.971882 85.546830
873 -63.842821 79.762287 85.546830
874 -63.659544 79.239122 85.546830
875 -63.596374 78.907775 85.546830
893 -63.366834 69.980018 85.546830
894 -63.423098 69.392766 85.546830
895 -63.435040 68.913163 85.546830
897 -63.415997 68.433650 85.546830
898 -63.385803 67.899532 85.546830
899 -63.379285 67.299679 85.546830
900 -63.372307 66.819796 85.546830
901 -63.361455 66.294911 85.546830
902 -63.362118 65.774946 85.546830
903 -63.341469 65.596139 85.546830
904 -63.320062 65.126774 85.546830
923 -63.324826 58.120988 85.546830
924 -63.209719 58.008140 85.546830
925 -62.799900 57.919213 85.546830
926 -62.096324 57.920998 85.546830
927 -61.449505 57.949833 85.546830
928 -60.802675 57.942162 85.546830
929 -60.030775 57.833632 85.546830
930 -59.401250 57.672910 85.546830
931 -58.783933 57.478024 85.546830
932 -58.105834 57.251325 85.546830
933 -57.432570 57.018297 85.546830
953 -51.274643 55.756433 85.546830
954 -51.264565 55.912631 85.546830
955 -51.281896 55.990604 85.546830
956 -51.350402 56.094008 85.546830
958 -51.516486 56.267125 85.546830
959 -51.866211 56.475423 85.546830
960 -52.624638 56.568132 85.546830
961 -53.271914 56.552463 85.546830
962 -53.919164 56.564087 85.546830
963 -54.626430 56.648937 85.546830
964 -55.327629 56.775030 85.546830
985 -61.656089 62.161910 85.546830
986 -61.669691 62.696564 85.546830
987 -61.651562 63.226218 85.546830
988 -61.655457 63.698664 85.546830
989 -61.669904 64.118415 85.546830
990 -61.662525 64.333273 85.546830
991 -61.654601 64.870712 85.546830
992 -61.653793 65.328171 85.546830
993 -61.673459 65.800227 85.546830
994 -61.697712 66.211848 85.546830
995 -61.696960 66.536842 85.546830
1016 -62.688073 74.745258 85.546830
1017 -62.750678 75.140075 85.546830
1018 -62.774336 75.464199 85.546830
1019 -62.812745 75.952619 85.546830
1020 -62.853502 76.223676 85.546830
1022 -62.927812 76.727636 85.546830
1023 -62.950636 77.156907 85.546830
1024 -63.016034 77.620663 85.546830
1025 -63.252533 78.184842 85.546830
1026 -63.367711 78.586581 85.546830
1027 -63.404163 78.798467 85.546830
1048 -66.175110 86.962879 85.546830
1049 -66.883287 87.036179 85.546830
1050 -67.528917 86.988262 85.546830
1051 -68.173693 86.928958 85.546830
1052 -68.885005 86.888911 85.546830
1053 -69.532267 86.871702 85.546830
1054 -70.307131 86.857188 85.546830
1055 -70.954515 86.844969 85.546830
1056 -71.601900 86.832750 85.546830
1057 -72.246785 86.820577 85.546830
1058 -72.959231 86.812508 85.546830
1080 -86.675476 86.882829 85.546830
1081 -87.318745 86.975946 85.546830
1082 -87.961206 87.030033 85.546830
1083 -88.610843 87.020987 85.546830
1084 -89.387015 86.944612 85.546830
1085 -90.032467 86.868073 85.546830
1086 -90.801345 86.738404 85.546830
1087 -91.435993 86.598007 85.546830
1088 -92.072075 86.477123 85.546830
1089 -92.626154 86.282152 85.546830
1090 -92.998131 85.922540 85.546830
1111 -93.469964 77.144121 85.546830
1112 -93.484864 76.834642 85.546830
1113 -93.491314 76.459885 85.546830
1115 -93.510585 76.163194 85.546830
1116 -93.545391 75.779858 85.546830
1117 -93.553290 75.265072 85.546830
1118 -93.577061 74.700666 85.546830
1119 -93.616512 74.272673 85.546830
1120 -93.658456 74.057158 85.546830
1121 -93.794318 73.565638 85.546830
1122 -93.883812 73.134898 85.546830
1143 -95.512595 66.595598 85.546830
1144 -95.512595 66.595598 85.546830
1145 -95.512595 66.595598 85.546830
1146 -95.512595 66.595598 85.546830
1147 -95.512595 66.595598 85.546830
1148 -95.512595 66.595598 85.546830
1149 -95.512595 66.595598 85.546830
1150 -95.512595 66.595598 85.546830
1151 -95.512595 66.595598 85.546830
1152 -95.512595 66.595598 85.546830
1153 -95.512595 66.595598 85.546830
1175 -98.406816 64.596206 85.546830
1176 -99.118692 64.625134 85.546830
1177 -99.766129 64.633367 85.546830
1178 -100.411128 64.633677 85.546830
1179 -101.188628 64.633520 85.546830
1180 -101.836110 64.636263 85.546830
1181 -102.483497 64.648400 85.546830
1182 -103.193431 64.656760 85.546830
1183 -103.905927 64.654607 85.546830
1184 -104.555322 64.678377 85.546830
1185 -105.259883 64.796922 85.546830
1206 -110.034969 66.813822 85.546830
1207 -110.034969 66.813822 85.546830
1208 -110.067187 66.794848 85.546830
1209 -110.168315 66.475997 85.546830
1211 -109.793894 65.958051 85.546830
1212 -109.510662 65.847639 85.546830
1213 -109.187605 65.759084 85.546830
1214 -108.592294 65.652952 85.546830
1215 -107.890470 65.545964 85.546830
1216 -107.253687 65.428890 85.546830
1217 -106.489472 65.273042 85.546830
1238 -95.521630 66.806688 85.546830
1239 -95.546646 67.305976 85.546830
1240 -95.543620 67.635830 85.546830
1241 -95.495334 68.047989 85.546830
1242 -95.454757 68.355021 85.546830
1243 -95.339723 68.658944 85.546830
1245 -95.240357 68.994020 85.546830
1246 -95.123714 69.360744 85.546830
1247 -95.056938 69.593572 85.546830
1248 -94.948197 69.936524 85.546830
1249 -94.826481 70.511682 85.546830
1270 -94.491009 78.661895 85.546830
1271 -94.544137 79.184195 85.546830
1272 -94.559701 79.583671 85.546830
1273 -94.506698 79.934682 85.546830
1274 -94.459768 80.407242 85.546830
1275 -94.423762 80.704580 85.546830
1276 -94.301492 81.005673 85.546830
1278 -94.065582 81.648207 85.546830
1279 -93.992658 81.812703 85.546830
1280 -93.828803 82.268385 85.546830
1281 -93.782597 82.528896 85.546830
1302 -86.342628 86.392157 85.546830
1303 -85.695702 86.418806 85.546830
1304 -85.048286 86.419512 85.546830
1305 -84.273501 86.401235 85.546830
1306 -83.626176 86.386203 85.546830
1307 -82.978772 86.375159 85.546830
1308 -82.331296 86.369772 85.546830
1310 -81.556299 86.367808 85.546830
1311 -80.908800 86.367019 85.546830
1312 -80.196300 86.366511 85.546830
1313 -79.548800 86.366574 85.546830
1334 -65.688958 86.484844 85.676719
1335 -65.202704 86.060888 85.676719
1336 -64.778080 85.495793 85.676719
1337 -64.578511 85.193402 85.676719
1338 -64.389275 84.929459 85.676719
1339 -64.061860 84.507746 85.676719
1341 -63.470080 84.181820 85.676719
1342 -62.831556 84.081359 85.676719
1343 -62.187798 84.041787 85.676719
1344 -61.476761 83.996404 85.676719
1345 -60.829247 83.940335 85.676719
1367 -47.281973 82.289447 85.725727
1368 -47.204376 82.339459 87.923263
1369 -47.145154 82.452255 87.923263
1370 -47.139819 82.531626 89.342600
1371 -47.186491 82.603932 89.342600
1372 -47.491640 82.698408 89.183520
1373 -48.140255 82.662283 89.183520
1374 -48.786977 82.631890 89.183520
1375 -49.561781 82.641126 89.183520
1377 -50.340074 82.691480 89.183520
1378 -51.047073 82.779118 89.183520
1400 -64.821460 85.170048 89.183520
1402 -64.770073 85.244783 89.183520
1403 -64.464158 85.271993 89.183520
1404 -64.288451 85.149564 89.183520
1405 -64.029995 84.763544 89.183520
1406 -63.562620 84.314036 89.183520
1407 -62.951039 84.119554 89.183520
1408 -62.240876 84.068696 89.183520
1409 -61.463595 84.051415 89.183520
1410 -60.820972 83.996642 89.183520
1412 -60.047727 83.915494 89.183520
1435 -45.182328 82.282040 89.183520
1436 -44.405600 82.315040 89.183520
1437 -43.628465 82.319499 89.183520
1438 -42.981952 82.284355 89.183520
1439 -42.273010 82.214286 89.183520
1440 -41.501290 82.119696 89.183520
1441 -40.795092 82.025167 89.183520
1443 -40.087532 81.941511 89.183520
1444 -39.379904 81.858351 89.183520
1445 -38.610121 81.768735 89.183520
1446 -37.904731 81.688012 89.183520
1469 -30.778524 80.768851 89.104547
1470 -30.778524 80.768851 89.104547
1471 -30.762359 80.780612 89.104547
1473 -30.708016 80.851469 89.104547
1474 -30.688507 80.908172 89.104547
1475 -30.694716 80.967172 89.104547
1476 -30.901837 81.133452 89.104547
1477 -31.536137 81.146878 89.104547
1478 -32.182070 81.075009 89.104547
1479 -32.891435 81.052686 89.104547
1480 -33.666992 81.101465 89.104547
1504 -48.448743 82.744140 89.104547
1505 -48.454387 82.803290 89.104547
1507 -48.274175 82.957439 89.104547
1508 -47.701140 82.982584 89.104547
1509 -47.060859 82.872318 89.104547
1510 -46.322554 82.629770 89.104547
1511 -45.600210 82.335767 89.104547
1512 -44.941888 82.063862 89.104547
1513 -44.324089 81.862288 89.104547
1514 -43.573263 81.660528 89.104547
1516 -42.815622 81.475261 89.104547
1540 -32.194265 74.929983 89.104547
1541 -32.191242 74.488375 89.104547
1542 -32.315349 74.150847 89.104547
1543 -32.428365 73.716029 89.104547
1544 -32.445286 73.451591 89.104547
1545 -32.451829 73.054308 89.104547
1547 -32.428927 72.680031 89.104547
1548 -32.428217 72.100200 89.104547
1549 -32.439419 71.890637 89.104547
1550 -32.457548 71.391060 89.104547
1551 -32.463756 70.789902 89.104547
1576 -33.421922 62.201942 89.104547
1577 -33.033982 61.897174 89.104547
1578 -32.389590 61.457957 89.104547
1579 -31.879311 61.055384 89.104547
1580 -31.289991 60.544491 89.104547
1581 -30.758972 60.065699 89.803008
1582 -30.188211 59.534095 89.803008
1584 -29.617029 59.002940 89.812807
1585 -29.079075 58.531990 89.812807
1586 -28.497773 58.011931 89.833737
1587 -27.964722 57.535407 89.833737
1612 -24.921681 55.325027 104.328426
1614 -24.921681 55.325027 104.328426
1616 -24.921681 55.325027 105.044469
1617 -24.930744 55.329253 105.044469
1619 -24.908267 55.420854 105.044469
1620 -24.319818 55.564330 105.044469
1622 -23.233427 55.485981 105.044469
1624 -22.265976 55.417289 104.997621
1625 -21.232990 55.442226 104.997621
1627 -20.301924 55.684528 105.738642
1628 -19.178471 55.901327 107.548038
1657 -14.811096 54.165085 114.927196
1661 -15.757605 55.276183 114.927196
1664 -16.676235 56.771645 115.092747
1668 -17.661771 58.109916 115.092747
1671 -19.016601 59.739910 115.092747
1675 -19.841162 61.485567 115.092747
1678 -20.021261 62.842841 115.092747
1681 -20.229163 63.942476 115.092747
1684 -20.627121 65.103768 115.092747
1687 -20.985277 66.211992 115.092747
1690 -21.538938 67.616364 115.092747
1708 -22.096918 68.498486 115.092747
1711 -22.299161 69.339047 115.092747
1713 -22.067843 70.604955 115.092747
1716 -21.712675 72.004986 115.092747
1719 -21.358567 72.999032 115.092747
1721 -21.234394 73.620700 115.092747
1723 -21.097733 74.469601 115.092747
1725 -21.015063 75.365592 115.092747
1727 -20.822151 75.969682 115.092747
1729 -20.706036 76.553000 115.092747
1731 -20.558274 77.170270 115.092747
1760 -18.113944 83.385484 115.092747
1762 -18.177599 83.378566 115.092747
1764 -18.256103 83.669675 115.092747
1766 -17.827022 83.880788 115.092747
1767 -17.615157 83.980995 115.092747
1769 -17.615157 83.980995 115.092747
1771 -17.615157 83.980995 115.092747
1773 -17.615157 83.980995 115.092747
1775 -17.776535 84.410772 115.092747
1777 -17.654267 85.412650 115.092747
1779 -17.599780 85.977321 115.092747
1809 -17.979711 88.325979 115.060421
1811 -17.924282 87.486900 115.060421
1813 -17.820526 86.965115 115.060421
1814 -17.597564 86.212104 115.060421
1816 -17.546027 85.619740 115.060421
1818 -17.535383 84.970167 115.060421
1820 -17.495982 84.382477 115.060421
1822 -17.565895 83.751434 115.060421
1824 -17.922052 82.819111 115.060421
1826 -18.195311 82.376847 115.109428
1828 -18.500940 81.826248 115.060421
1858 -22.188599 70.163348 115.060421
1860 -22.106385 69.575191 115.060421
1862 -22.153543 68.927177 115.060421
1864 -22.365192 68.267299 115.060421
1866 -22.490148 67.673653 115.060421
1868 -22.718189 66.815585 115.060421
1870 -22.833696 66.203120 115.060421
1872 -23.022939 65.356355 115.060421
1873 -23.127016 64.699782 115.060421
1875 -23.274668 64.058428 115.060421
1877 -23.575311 63.355727 115.060421
1909 -28.452714 61.843667 115.060421
1911 -28.572730 62.800848 115.060421
1912 -28.731231 63.492273 115.060421
1914 -28.920747 64.118501 115.060421
1916 -29.214320 64.736469 115.060421
1918 -29.437411 65.335839 115.060421
1920 -29.665736 65.917446 115.060421
1922 -29.917717 66.744281 115.060421
1924 -30.129115 67.404986 115.060421
1926 -30.347037 67.957918 115.060421
1928 -30.580970 68.784058 115.060421
1959 -36.257790 79.373420 115.060421
1961 -37.534331 79.605537 115.060421
1963 -38.683692 79.810421 115.060421
1965 -39.900976 80.018568 115.060421
1966 -41.181872 80.240271 115.060421
1968 -42.327497 80.451328 115.060421
1970 -43.471742 80.683051 115.060421
1972 -44.743787 80.925309 115.060421
1974 -45.886825 81.122705 115.060421
1976 -47.099853 81.340686 115.060421
1978 -48.242501 81.591778 115.060421
2009 -66.290681 86.860872 115.060421
2011 -67.578343 86.888169 115.060421
2013 -68.802157 86.795263 115.060421
2015 -69.966762 86.766509 115.060421
2017 -71.259218 86.755854 115.060421
2018 -72.424166 86.744808 115.060421
2020 -73.654110 86.733145 115.060421
2022 -74.946552 86.720890 115.060421
2024 -76.111500 86.709844 115.060421
2026 -77.406491 86.710678 115.060421
2028 -78.571489 86.713122 115.060421
2059 -93.133039 82.501896 115.060421
2061 -93.236676 81.729101 115.060421
2063 -93.307920 81.111314 115.060421
2065 -93.283868 80.421857 115.060421
2067 -93.303272 79.877295 115.060421
2069 -93.271516 79.338538 115.060421
2071 -93.250251 78.739036 115.060421
2072 -93.257010 78.134407 115.060421
2074 -93.255366 77.529457 115.060421
2076 -93.243456 76.969691 115.060421
2078 -93.231068 76.134931 115.060421
2109 -93.321361 65.695040 115.060421
2111 -93.407204 64.970485 115.060421
2113 -93.436760 64.321489 115.060421
2115 -93.383657 63.674900 115.060421
2117 -93.450076 63.073909 115.060421
2119 -93.439056 62.479151 115.060421
2121 -93.442595 61.939230 115.060421
2123 -93.390592 61.357931 115.060421
2124 -93.400752 60.414328 115.060421
2126 -93.429786 59.665196 115.060421
2128 -93.444167 59.015886 115.060421
2159 -93.492807 48.766498 115.060421
2161 -93.655621 48.026217 115.060421
2163 -93.672081 47.167300 115.060421
2165 -93.623523 46.519580 115.060421
2167 -93.649114 45.870145 115.060421
2169 -93.636701 45.340290 115.060421
2171 -93.642763 44.710389 115.060421
2173 -93.621918 43.730760 115.060421
2174 -93.643823 42.826297 115.060421
2176 -93.641967 42.056616 115.060421
2178 -93.653154 41.351788 115.060421
2210 -93.758761 28.067800 115.060421
2212 -93.941832 27.252525 115.060421
2213 -93.936695 26.697741 115.060421
2215 -93.938302 25.743151 115.060421
2217 -93.949512 24.778456 115.060421
2219 -93.918383 23.864036 115.060421
2221 -93.958977 22.860112 115.060421
2223 -93.981757 21.955772 115.060421
2225 -94.017574 20.996984 115.060421
2227 -94.061045 20.288763 115.060421
2228 -94.091371 19.439687 115.060421
2260 -94.082010 16.234520 115.060421
2262 -93.019544 16.098909 115.060421
2264 -91.726718 16.091174 115.060421
2266 -90.581215 15.881394 115.060421
2268 -89.434719 15.661442 115.060421
2270 -88.220969 15.433982 115.060421
2272 -87.070665 15.234644 115.060421
2273 -85.789107 15.032134 115.060421
2275 -84.633391 14.885601 115.060421
2277 -83.475837 14.733842 115.060421
2279 -82.193858 14.541413 115.060421
2313 -80.442193 14.252319 115.060421
2315 -80.991284 14.191864 115.060421
2317 -82.092956 14.533091 115.060421
2319 -83.330373 14.876248 115.060421
2321 -84.472571 15.117864 115.060421
2322 -85.670132 15.398225 115.060421
2324 -86.871607 15.683890 115.060421
2326 -88.072614 15.960327 115.060421
2328 -89.320498 16.323275 115.060421
2330 -90.405430 16.736518 115.060421
2332 -91.334951 17.539856 115.060421
2367 -92.999464 30.962269 115.060421
2369 -92.964554 31.671106 115.060421
2371 -93.012268 32.263129 115.060421
2373 -93.040091 33.177463 115.060421
2375 -93.045206 34.197446 115.060421
2377 -93.038186 34.877310 115.060421
2379 -93.017605 35.694507 115.060421
2381 -92.978153 36.684907 115.060421
2382 -92.956762 37.262709 115.060421
2384 -92.985067 38.109634 115.060421
2386 -92.992963 39.019599 115.060421
2422 -92.955320 53.162540 115.060421
2424 -92.922632 53.776251 115.060421
2426 -92.925209 54.600082 115.060421
2428 -92.982470 55.246793 115.060421
2430 -92.966720 55.909106 115.060421
2431 -92.951814 56.508539 115.060421
2433 -92.971836 57.140587 115.060421
2435 -92.955900 57.915359 115.060421
2437 -92.959540 58.484838 115.060421
2439 -92.969168 59.142038 115.060421
2441 -92.950241 60.001693 115.060421
2477 -92.988754 73.332560 115.060421
2479 -92.993375 74.217274 115.060421
2480 -93.003689 74.801885 115.060421
2482 -93.012569 75.536685 115.060421
2484 -93.028800 76.151413 115.060421
2486 -93.019669 76.871348 115.060421
2488 -92.994357 77.510637 115.060421
2490 -93.011038 78.194990 115.060421
2492 -93.036623 79.069553 115.060421
2494 -93.026337 79.644365 115.060421
2496 -93.036144 80.664139 115.060421
2531 -77.668127 86.628711 115.060421
2533 -76.506066 86.660675 115.060421
2535 -75.276372 86.687112 115.060421
2537 -74.111399 86.694223 115.060421
2539 -72.816401 86.696438 115.060421
2541 -71.653965 86.692029 115.060421
2543 -70.424219 86.667592 115.060421
2545 -69.259424 86.648657 115.060421
2546 -68.029575 86.666457 115.060421
2548 -66.799777 86.688279 115.060421
2550 -65.621978 86.414201 115.060421
2586 -44.710041 80.903764 115.060421
2588 -43.426312 80.736250 115.060421
2590 -42.277670 80.541803 115.060421
2592 -41.130157 80.341116 115.060421
2594 -39.917705 80.106360 115.060421
2595 -38.773868 79.885481 115.060421
2597 -37.498319 79.634768 115.060421
2599 -36.358799 79.417974 115.060421
2601 -35.149288 79.171289 115.060421
2603 -34.009354 78.909422 115.060421
2605 -33.074666 78.256790 115.060421
2641 -28.677631 64.606976 115.060421
2643 -28.825898 63.774267 115.060421
2644 -28.784234 63.175789 115.060421
2646 -28.736249 62.467608 115.060421
2648 -28.720806 61.807865 115.060421
2650 -28.719117 61.158405 115.060421
2652 -28.705393 60.289650 115.060421
2654 -28.580513 59.665359 115.060421
2656 -28.350122 59.057778 115.060421
2658 -27.989274 58.179144 115.060421
2659 -27.452753 57.535190 115.060421
2696 -13.819673 47.439435 115.060421
2698 -13.629068 46.947639 115.060421
2700 -13.304392 46.154319 115.060421
2702 -12.828725 45.195152 115.060421
2704 -12.576434 44.373548 115.060421
2707 -12.203144 43.516779 115.060421
2709 -11.900569 42.728270 115.060421
2712 -11.610546 41.722927 115.060421
2714 -11.250463 40.783766 115.060421
2717 -11.078559 39.597082 115.060421
2720 -10.906801 38.471319 115.060421
2760 -8.617665 33.684228 120.673860
2765 -7.372945 31.887365 120.673860
2769 -6.313696 30.194166 121.477984
2774 -5.265774 28.695521 122.731987
2778 -4.581560 26.994961 124.188327
2784 -4.085084 25.196387 126.269318
2810 -4.187267 26.176877 127.946319
2816 -5.111720 27.868521 127.946319
2821 -6.036282 30.048243 128.142501
2827 -7.395205 32.283692 128.103788
2832 -8.451905 34.135897 128.142501
2838 -9.455047 36.162984 128.142501
2843 -10.375159 38.090368 128.142501
2849 -11.373201 40.009796 128.142501
2854 -12.146070 41.906086 128.142501
2860 -12.739078 43.883009 128.142501
2865 -13.332007 45.989261 128.142501
2912 -18.999241 59.049986 128.142501
2918 -17.599174 56.700408 128.142501
2923 -16.344900 54.446665 128.142501
2929 -15.372694 52.603293 128.142501
2934 -14.431208 50.652908 128.142501
2940 -13.706506 48.631596 128.142501
2945 -13.053906 46.960873 128.142501
2951 -12.408766 44.839376 128.142501
2956 -11.733054 42.523677 128.142501
2962 -11.205129 40.509000 128.142501
2967 -8.865952 38.028885 128.142501
3015 12.023104 22.269945 136.339945
3022 13.021603 20.103142 136.339945
3028 14.001167 17.577820 136.339945
3034 14.215431 15.205546 136.786917
3040 15.306217 12.897426 138.698597
3046 15.932382 10.733662 139.702902
3076 16.139297 9.234786 140.409760
3082 16.107952 7.436625 140.409760
3087 16.047407 5.120908 140.594811
3093 15.982924 2.998653 141.335419
3099 15.545653 1.008479 144.490072
3104 15.054238 -0.938047 145.420015
3110 14.700152 -3.063425 145.387554
3116 14.815123 -5.237970 145.616279
3121 14.847472 -5.902151 147.792087
3154 14.612418 -5.222417 155.761680
3161 14.397075 -2.294369 155.838958
3169 14.777159 0.595489 156.130782
3176 14.802525 3.158061 155.838958
3183 14.784810 6.026316 155.838958
3190 14.706009 8.486013 155.838958
3198 14.630889 10.825574 155.838958
3205 14.431954 13.439900 155.838958
3212 13.793261 15.813397 155.838958
3219 11.557699 18.836085 155.838958
3226 9.644617 21.436147 155.838958
3286 -13.568604 45.168092 155.838958
3293 -14.559124 47.482174 155.838958
3300 -15.777076 50.212787 155.838958
3308 -16.648585 52.641840 155.838958
3315 -17.388167 55.020127 155.838958
3322 -18.224577 57.376821 155.838958
3329 -19.119664 59.864488 155.838958
3336 -19.551677 62.188477 155.838958
3343 -19.553244 64.408441 155.838958
3350 -19.576205 66.963705 155.838958
3357 -19.582244 69.361732 155.838958
3418 -20.243014 91.107813 155.838958
3426 -22.569693 94.183095 155.838958
3433 -25.230296 97.556263 155.838958
3440 -27.705649 100.618301 155.838958
3447 -28.856108 101.843809 155.838958
3509 -31.348513 99.546135 155.838958
3516 -34.504960 96.104872 155.838958
3523 -37.696006 92.774984 155.838958
3530 -40.478295 89.654418 155.838958
3592 -40.963118 89.628695 155.838958
3600 -45.447098 89.024372 155.838958
3607 -50.106922 89.004183 155.838958
3614 -54.758365 88.794625 155.838958
3621 -59.342922 88.527423 155.838958
3628 -63.866680 88.292379 155.838958
3635 -68.517868 88.055629 155.838958
3643 -73.231950 87.775141 155.838958
3650 -78.010796 87.491824 155.838958
3657 -82.595809 87.236389 155.838958
3664 -87.246418 86.987064 155.838958
3727 -80.145068 83.297183 155.838958
3734 -84.737370 83.434317 155.838958
3741 -89.382621 83.764291 155.838958
3748 -92.992017 85.281095 155.838958
3756 -92.637385 86.279608 155.838958
3763 -88.242324 86.576264 155.838958
3770 -83.598266 86.961067 155.838958
3777 -79.016108 87.304060 155.838958
3784 -74.367767 87.625795 155.838958
3791 -69.719610 87.914816 155.838958
3798 -65.196923 88.209273 155.838958
3863 -48.813232 93.008601 155.838958
3870 -47.326531 91.659887 155.838958
3877 -47.678392 91.935821 155.838958
3885 -48.096316 91.874485 155.838958
3892 -50.388084 90.764612 155.838958
3899 -49.646681 89.084802 155.838958
3906 -45.018964 88.903512 155.838958
3913 -40.680082 90.292977 155.838958
3920 -36.639315 92.632187 155.838958
3927 -33.108148 95.695808 155.838958
3935 -29.583824 98.627279 155.838958
4003 -19.895780 75.456174 155.838958
4011 -19.803278 77.801332 155.838958
4018 -19.582396 80.024998 155.838958
4025 -18.378029 82.616649 155.838958
4032 -17.511535 85.235246 155.838958
4039 -18.174373 88.173335 155.838958
4046 -20.196706 90.802461 155.838958
4054 -23.274271 94.133346 155.838958
4061 -26.726461 97.289080 155.838958
4068 -30.577204 99.084864 155.838958
4075 -34.891512 97.311100 155.838958
4146 -49.529723 101.398297 155.838958
4153 -49.372630 98.557199 155.838958
4160 -49.454111 95.630721 155.838958
4168 -49.813255 93.170412 155.838958
4175 -50.625480 90.837066 155.838958
4182 -48.961419 88.730664 155.838958
4190 -44.236910 88.869782 155.838958
4197 -39.731416 89.830385 155.838958
4204 -36.232698 92.921123 155.838958
4211 -32.642837 95.997605 155.838958
4219 -28.899245 98.719514 155.838958
4290 -19.832226 70.707349 155.838958
4297 -19.844746 67.913352 155.838958
4305 -19.784909 65.552322 155.838958
4312 -19.782636 62.901322 155.838958
4319 -19.558225 60.056451 155.838958
4326 -18.085026 57.478947 155.838958
4334 -16.434419 54.470584 155.838958
4341 -15.133838 52.015755 155.838958
4348 -13.604521 48.988219 155.838958
4356 -12.320943 45.903083 155.838958
4363 -11.658717 43.206946 155.838958
4434 -2.241655 21.517045 155.838958
4442 -4.927830 24.803764 155.838958
4449 -8.412558 23.799011 155.838958
4456 -9.465110 21.097996 155.838958
4463 -9.796551 19.894500 155.838958
4536 -9.517474 21.260912 155.838958
4543 -8.012950 23.957114 155.838958
4550 -6.760535 26.673686 155.838958
4558 -6.050491 30.246388 155.838958
4565 -7.434618 32.889718 155.838958
4572 -8.804941 35.578595 155.838958
4580 -10.058604 38.620603 155.838958
4587 -10.642812 41.200974 155.838958
4594 -10.650357 43.842536 155.838958
4602 -10.658984 46.860165 155.838958
4609 -10.682993 50.015074 155.838958
4682 7.808967 58.138031 155.838958
4689 12.596381 58.124054 155.838958
4696 17.316481 57.996111 155.838958
4704 18.153782 57.869155 155.838958
4778 17.957382 58.212999 155.838958
4786 13.317696 57.704623 155.838958
4793 8.546379 57.288298 155.838958
4800 3.902257 56.910336 155.838958
4808 -1.000065 56.495990 155.838958
4815 -5.840271 56.021199 155.838958
4823 -9.816014 55.762088 155.838958
4830 -10.740705 53.421555 155.838958
4838 -10.732912 50.937626 155.838958
4845 -10.735993 48.101132 155.838958
4852 -10.752502 45.057103 155.838958
4928 18.407079 37.883924 155.838958
4936 23.188033 37.729391 155.838958
4943 27.495569 37.102398 155.838958
5022 31.974174 37.294594 157.678980
5030 37.258036 37.763609 157.878247
5039 43.218158 38.445452 159.741356
5049 43.730555 38.482708 159.723577
5096 43.683561 40.967513 159.741356
5106 43.753502 44.658155 159.741356
5115 44.633165 48.104710 159.770901
5125 45.617062 51.985833 159.723577
5134 45.702458 52.860215 159.723577
5219 44.020128 49.443083 159.741356
5229 42.665707 45.475689 159.741356
5238 41.652846 42.337343 159.741356
5248 40.222947 39.062416 159.741356
5257 39.068477 42.362931 159.741356
5266 38.452145 45.798716 159.741356
5276 37.923082 49.587758 159.741356
5285 37.179917 53.426569 159.741356
5295 36.920593 56.837218 159.741356
5304 36.475324 57.950962 159.741356
5390 36.370891 58.005171 159.741356
5399 36.280985 54.902741 159.741356
5409 36.280821 51.576140 159.741356
5418 36.050967 48.071572 159.741356
5427 35.300427 44.296927 159.741356
5437 34.752122 40.739352 159.741356
5446 29.964333 37.585361 159.741356
5456 24.496095 34.864720 159.741356
5465 22.288420 31.656327 159.741356
5475 20.456863 28.372843 159.741356
5484 18.668331 24.598227 159.741356
5570 21.548579 -6.310295 159.741356
5580 27.715990 -7.503278 159.125928
5588 30.903467 -8.083955 159.125928
5638 31.224714 -6.955425 165.533384
5646 31.262795 -4.198364 165.263732
5655 30.601594 -1.122599 165.263732
5663 30.206485 1.725840 165.263732
5671 29.692844 3.406342 165.263732
5764 29.550622 4.858977 165.263732
5772 29.772403 7.611620 165.263732
5780 29.846114 10.471286 165.263732
5788 30.194729 13.379846 165.263732
5796 30.686065 16.343568 165.263732
5804 31.410120 19.037509 165.263732
5902 32.308238 20.696684 165.263732
5911 34.740621 23.701479 165.263732
5919 36.260358 27.107081 165.263732
5927 36.497025 27.618065 165.263732
6028 36.198896 24.686746 165.263732
6037 35.504279 21.647585 165.263732
6045 38.882532 17.907890 165.263732
6054 41.907884 14.119448 167.326331
6064 43.238305 10.033379 171.955172
6074 43.314312 6.458188 172.795431
6084 43.910960 5.064292 172.795431
6143 44.452110 2.084201 172.795431
6152 44.655312 -1.297204 172.795431
6162 44.685168 -4.711512 172.795431
6172 44.701784 -8.630500 178.107667
6182 45.425167 -12.020447 178.107667
6293 45.386415 -10.112443 180.802714
6304 45.276009 -5.682717 184.194737
6314 44.919493 -1.435436 184.194737
6325 44.239789 2.683298 184.194737
6336 39.222758 4.686060 184.194737
6347 38.085102 0.605621 184.194737
6357 37.416096 -2.388251 184.194737
6474 37.541694 -0.137155 184.194737
6485 38.378905 3.457950 184.194737
6496 43.732780 4.313412 184.194737
6506 43.972584 0.141731 184.194737
6517 43.928950 -4.100612 184.194737
6528 43.877516 -7.854153 184.194737
6538 44.077050 -11.971705 184.194737
6549 44.017626 -16.328598 184.194737
6560 42.911311 -19.906639 184.749834
6571 41.537512 -23.754435 184.749834
6693 36.445612 -22.303996 184.749834
6704 31.729754 -25.859917 184.749834
6715 31.248075 -27.220945 184.749834
6784 31.214763 -31.284935 184.749834
6795 31.230345 -35.530973 184.749834
6806 31.054282 -39.570429 184.749834
6815 31.067612 -42.752990 184.749834
6826 31.013056 -46.679048 184.749834
6835 31.046675 -47.769892 184.749834
6846 31.338135 -47.141577 184.749834
6913 30.877501 -49.534157 184.749834
6921 31.005563 -52.522377 184.749834
6929 30.916913 -55.485978 185.496580
6937 30.708507 -58.178927 186.358422
6946 30.698485 -60.867161 187.946858
6954 30.670484 -63.423753 190.564691
6963 30.634787 -66.921991 191.220557
6972 30.696333 -68.562285 193.606047
7044 30.696333 -68.562285 197.465191
7052 30.619899 -71.000764 198.042676
7061 30.618244 -74.423889 198.042676
7070 30.571090 -77.629146 199.443279
7079 31.075906 -81.324192 199.738082
7088 31.669256 -84.420135 200.463517
7097 32.123683 -85.946178 205.577678
7237 31.758855 -84.506009 210.326274
7247 32.508847 -81.098549 210.326274
7257 32.881990 -77.212554 211.800523
7267 32.998872 -73.775487 211.800523
7277 33.000738 -70.213621 211.800523
7287 33.040715 -67.102153 211.800523
7297 33.036306 -63.351958 211.800523
7307 33.036379 -60.059741 211.800523
7317 33.040961 -55.967283 211.800523
7327 33.046408 -51.825154 211.800523
7337 33.159006 -48.098811 211.800523
7483 42.949515 -9.266457 211.975333
7493 42.484552 -9.737099 211.975333
7503 41.941961 -12.388842 211.975333
7650 42.018678 -11.055750 211.975333
7660 43.128877 -8.181852 211.975333
7670 47.135398 -4.051707 211.800523
7680 50.549451 0.212310 211.800523
7690 51.219482 1.030822 211.800523
7838 50.113454 0.280350 211.800523
7848 47.378035 -3.747817 211.800523
7859 45.666360 -8.328216 211.800523
7869 45.809612 -12.244186 211.800523
7879 48.708345 -16.988212 211.800523
7889 51.098074 -20.125064 211.800523
7899 53.378956 -23.144622 211.800523
7909 54.080593 -24.009319 211.800523
8058 51.538901 -20.575557 211.800523
8069 48.193799 -15.965876 211.800523
8079 46.273427 -12.220231 211.800523
8089 45.723920 -9.348567 211.800523
8099 45.676112 -5.471589 211.800523
8109 45.802770 -1.431957 211.800523
8119 45.636440 2.496527 211.800523
8129 45.671082 5.809742 211.800523
8139 45.706063 9.322311 211.800523
8149 45.754909 12.961220 211.800523
8160 47.291323 16.400910 211.800523
8310 57.033822 21.985740 211.800523
8320 55.554424 25.814570 211.800523
8330 54.846803 27.527265 211.800523
8416 56.415020 24.092559 211.800523
8426 59.734336 21.311631 211.800523
8436 62.586795 25.568302 211.800523
8446 64.127799 27.603320 211.800523
8607 61.303845 23.479963 211.800523
8617 57.577359 19.066509 211.800523
8627 53.439628 14.860979 211.800523
8637 51.377245 11.289730 211.800523
8647 50.899149 10.225531 211.800523
8809 51.542939 12.501393 211.800523
8819 52.276701 16.215796 211.800523
8829 50.540975 19.822692 211.800523
8839 49.448604 23.422735 211.800523
8849 48.528315 27.939660 211.800523
8860 48.133126 29.189071 211.800523
9023 48.607615 25.686908 211.800523
9033 49.524054 21.664972 211.800523
9044 55.368450 18.749947 211.800523
9054 60.308689 16.572374 211.800523
9064 63.625604 13.843691 211.800523
9074 65.565180 10.016330 211.800523
9084 65.990448 9.269031 211.800523
9252 65.913299 9.306978 211.800523
9262 65.877613 5.826706 211.800523
9272 65.753972 2.221665 211.800523
9282 65.158334 -0.985883 211.800523
9292 64.158517 -4.833065 211.800523
9302 63.076331 -7.866621 211.800523
9475 63.794780 -11.136777 211.800523
9485 64.483040 -14.927780 211.800523
9495 64.563659 -18.069732 211.800523
9506 64.688938 -21.612987 211.800523
9516 65.947943 -26.022862 211.800523
9526 66.305504 -27.085824 211.800523
9707 66.185859 -24.122017 211.800523
9717 66.050926 -20.060725 211.800523
9728 65.723477 -16.430604 211.800523
9738 64.731226 -12.306014 211.800523
9748 64.489674 -8.674859 211.800523
9758 66.048624 -5.301212 211.800523
9768 68.126490 -1.543287 211.800523
9779 70.267898 1.310784 211.800523
9789 75.121106 0.237452 211.800523
9799 78.108541 -0.941409 211.800523
9899 73.835057 0.700413 211.800523
9909 68.822775 0.944987 211.800523
9919 65.954677 -3.444908 211.800523
9930 64.484799 -7.813948 211.800523
9940 65.316562 -11.955140 211.800523
9950 66.495151 -15.950260 211.800523
9960 67.405657 -19.785899 211.800523
9970 67.515757 -23.111483 211.800523
9981 67.623770 -26.913909 211.800523
9991 67.668234 -30.526153 211.800523
10001 67.748964 -34.585810 211.800523
10191 68.815168 -48.477597 215.369500
10202 68.962983 -52.747396 215.643645
10213 69.130939 -57.398502 217.927010
10224 70.017165 -60.321723 218.923781
10426 69.674278 -64.195856 218.861650
10437 68.963259 -67.619276 218.861650
10447 68.852605 -72.386054 219.940405
10458 68.816271 -76.495569 222.477374
10469 68.648511 -76.838675 223.404973
10580 68.523681 -76.636791 224.002013
10591 68.053449 -80.094461 224.002013
10602 66.655431 -84.427549 224.038260
10613 63.922202 -89.395041 225.906401
10828 66.623548 -88.753108 236.322877
10840 74.577130 -88.095134 236.322877
10853 79.054182 -88.734699 240.043542
10980 76.675311 -84.260964 247.479499
10994 73.794280 -79.030143 247.479499
11008 72.393806 -76.535787 247.479499
11022 72.518514 -76.386726 247.479499
11263 74.589156 -81.516644 247.479499
11278 69.401700 -83.692653 247.479499
11292 68.758084 -78.957764 247.479499
11306 68.728186 -73.339382 247.479499
11320 68.992439 -68.463266 247.479499
11335 69.781487 -62.182132 247.479499
11349 70.195999 -56.183235 247.479499
11363 70.113357 -50.724059 248.201737
11377 70.685634 -44.702709 248.201737
11392 75.667382 -38.729131 248.201737
11406 78.345062 -37.755995 248.201737
11653 75.440940 -40.365659 248.201737
11667 70.174554 -46.287881 248.201737
11682 70.325884 -52.338713 248.201737
11696 70.429204 -57.598056 248.201737
11710 69.892926 -62.834828 248.201737
11724 69.076428 -68.158799 248.201737
11739 68.902359 -72.756955 248.201737
11753 68.873032 -77.892537 248.201737
11767 68.958314 -83.132518 248.201737
11781 76.156190 -84.607791 248.201737
11795 85.308961 -85.318609 248.201737
12046 100.092845 -81.683801 258.129778
12062 100.843694 -78.914372 258.405926
12202 100.682843 -74.514742 258.405926
12218 100.548141 -68.163661 258.405926
12233 100.322445 -63.254965 258.405926
12503 100.310379 -67.736123 258.405926
12519 100.378646 -73.353076 258.405926
12535 100.416311 -78.661140 258.405926
12550 99.316853 -84.057953 258.405926
12565 93.599190 -90.710755 258.405926
12581 92.788054 -96.082169 258.405926
12598 92.548356 -97.136738 265.394993
