37 -110.000000 49.000000 -0.060239
38 -110.002094 49.059963 8.184131
39 -110.009098 49.141982 8.184131
40 -110.084469 49.260264 8.184131
41 -110.435892 49.358128 8.184131
42 -111.056294 49.354100 8.184131
43 -111.694244 49.249309 8.184131
44 -112.304975 49.084836 10.823124
45 -112.690829 48.979400 10.823124
46 -112.799350 48.949746 10.823124
47 -112.844281 48.887152 10.823124
48 -112.877577 48.544000 10.823124
49 -112.680395 47.997308 10.823124
50 -112.405593 47.550002 10.823124
51 -112.266389 47.373426 10.823124
52 -111.984630 46.997537 10.823124
53 -111.812159 46.654222 10.823124
54 -111.701048 46.306559 10.823124
55 -111.558891 45.895451 10.948059
56 -111.406321 45.440349 10.948059
57 -111.317868 45.153690 10.948059
58 -111.317868 45.153690 10.948059
59 -111.297892 45.154093 10.948059
60 -111.157149 45.261977 10.948059
61 -111.065989 45.705931 10.948059
62 -111.089167 46.190100 10.948059
63 -111.071568 46.584357 10.948059
64 -110.992334 46.847576 10.948059
65 -110.850076 47.295465 10.948059
66 -110.731890 47.817195 10.948059
67 -110.631823 48.136562 10.948059
68 -110.494601 48.414493 10.948059
69 -110.372017 48.778557 10.948059
70 -110.328477 49.050005 10.948059
71 -110.243814 49.425535 10.948059
72 -110.126103 49.668403 10.948059
73 -109.961869 50.076196 10.948059
74 -109.880285 50.398454 10.948059
75 -109.790557 50.710814 10.948059
76 -109.647099 51.220992 10.948059
77 -109.385092 51.785360 10.948059
78 -108.948560 52.258897 18.024983
79 -108.467195 52.569006 18.024983
80 -107.827322 52.648875 18.923531
81 -107.188175 52.557216 18.923531
82 -106.562311 52.382328 19.024721
83 -105.937764 52.211570 19.024721
84 -105.308152 52.050162 19.024721
85 -104.678251 51.900926 19.064628
86 -104.055142 51.725410 19.152546
87 -103.498712 51.628899 19.152546
88 -103.190340 51.598179 19.024721
89 -103.070381 51.595453 19.024721
90 -103.032752 51.566839 19.121193
91 -102.963177 51.257856 19.121193
92 -102.988449 50.849328 19.121193
93 -103.091313 50.618869 19.121193
94 -103.266085 50.145769 19.121193
95 -103.340734 49.781100 19.121193
96 -103.372741 49.510626 19.121193
97 -103.448647 49.133277 19.121193
98 -103.568531 48.885928 19.121193
99 -103.744180 48.392273 19.262918
100 -103.809203 48.063832 19.262918
101 -103.861139 47.743296 20.189602
102 -104.002984 47.348583 20.189602
103 -104.119737 47.099599 20.189602
104 -104.348118 46.610286 21.073681
105 -104.586650 46.103650 21.073681
106 -104.737775 45.755050 21.073681
107 -104.852539 45.530154 22.462859
108 -105.080909 45.080004 22.462859
109 -105.207875 44.718136 23.532531
110 -105.279946 44.476380 23.532531
111 -105.424153 44.037067 24.713155
112 -105.493333 43.653474 24.713155
113 -105.517554 43.379591 24.713155
114 -105.561801 42.911693 25.697082
115 -105.601657 42.433468 25.697082
116 -105.609791 42.053685 25.697082
117 -105.647669 41.781310 27.091328
118 -105.703171 41.314620 27.091328
119 -105.755140 40.787295 27.091328
120 -105.778704 40.393033 28.014640
121 -105.779277 40.118034 28.014640
122 -105.780625 39.733052 29.083673
123 -105.791226 39.460759 29.083673
124 -105.781138 39.036327 29.083673
125 -105.677070 38.606832 30.169190
126 -105.558905 38.369748 30.169190
127 -105.341866 37.941653 30.169190
128 -105.273932 37.740363 31.254121
129 -105.088944 37.270774 31.254121
130 -104.891196 36.866619 31.254121
131 -104.742634 36.647192 32.200933
132 -104.467332 36.182791 32.200933
133 -104.263601 35.743474 33.203916
134 -104.263601 35.743474 33.203916
135 -104.336629 35.645692 33.203916
136 -104.724777 35.623640 33.203916
137 -105.316774 35.850802 33.270108
138 -105.892147 36.142214 33.141214
139 -106.492349 36.391363 33.141214
140 -107.098678 36.611294 33.203916
141 -107.715384 36.808553 33.203916
142 -108.335665 37.002748 33.203916
143 -108.951409 37.210901 33.203916
144 -109.801189 37.536270 33.141214
145 -109.861191 37.561266 33.141214
146 -109.916013 37.687065 33.141214
147 -109.744908 38.077152 33.141214
148 -109.195812 38.404454 33.141214
149 -108.589367 38.637640 33.141214
150 -107.986226 38.878265 33.270108
151 -107.488195 39.281216 33.270108
152 -107.184070 39.738276 33.270108
153 -106.947916 40.167610 33.270108
154 -106.803242 40.371428 33.270108
155 -106.476612 40.925550 33.270108
156 -106.383964 41.149631 33.270108
157 -106.312815 41.373581 33.270108
158 -106.137792 41.847261 33.270108
159 -105.978587 42.321192 33.270108
160 -105.813058 42.776973 33.270108
161 -105.653364 43.234792 33.270108
162 -105.479910 43.655218 33.267703
163 -105.363419 43.859293 33.267703
164 -105.124631 44.298470 33.270108
165 -104.975198 44.628562 33.270108
166 -104.738234 45.163316 33.270108
167 -104.660194 45.400585 33.270108
168 -104.550465 45.867851 33.270108
169 -104.430272 46.332483 33.270108
170 -104.300733 46.789249 33.270108
171 -104.181852 47.310802 33.270108
172 -104.042488 47.775241 33.270108
173 -103.897251 48.222191 33.270108
174 -103.745662 48.672263 33.270108
175 -103.620208 49.135469 33.270108
176 -103.517661 49.660429 33.270108
177 -103.385969 50.403617 33.270108
178 -103.373344 50.446799 33.270108
179 -103.272353 50.766199 33.270108
180 -103.156517 51.221410 33.270108
181 -103.093911 51.540022 33.270108
182 -102.964817 51.843663 33.270108
183 -102.819602 52.295107 33.270108
184 -102.764568 52.523452 33.270108
185 -102.642954 53.008216 33.270108
186 -102.499989 53.548382 33.270108
187 -102.233955 54.046548 33.270108
188 -102.040061 54.478630 33.270108
189 -101.983267 54.659932 33.270108
190 -101.895972 55.100068 33.270108
191 -101.973468 55.622715 33.270108
192 -102.091708 56.087636 33.270108
193 -102.163274 56.556941 33.267703
194 -102.210951 57.034518 33.267703
195 -102.240563 57.355553 33.267703
196 -102.218423 57.669005 33.267703
197 -102.135146 58.121175 33.267703
198 -102.063853 58.371115 33.267703
199 -102.004544 58.552278 33.267703
200 -102.004544 58.552278 33.267703
201 -102.008962 58.624314 33.267703
202 -102.069964 58.723304 33.267703
203 -102.361761 58.865669 33.267703
204 -102.963601 58.874212 33.267703
205 -103.605593 58.780453 33.267703
206 -104.224778 58.583534 33.267703
207 -104.837964 58.367921 33.267703
208 -105.454178 58.161143 33.267703
209 -106.078163 57.979529 33.267703
210 -107.089571 57.737445 33.267703
211 -107.089571 57.737445 33.267703
212 -107.101037 57.721078 33.267703
213 -107.148381 57.468930 33.267703
214 -107.029461 57.193775 33.267703
215 -106.559232 56.956809 33.267703
216 -105.915362 56.895559 33.267703
217 -105.270522 56.839555 33.267703
218 -104.632323 56.717550 33.267703
219 -104.002907 56.555601 33.267703
220 -103.383022 56.360558 33.267703
221 -102.438509 55.930150 33.267703
222 -102.232656 55.771712 33.267703
223 -101.824376 55.360311 33.267703
224 -101.524824 54.944633 33.267703
225 -101.425312 54.742856 33.267703
226 -101.200066 54.307881 33.267703
227 -100.814946 53.797523 33.267703
228 -100.276908 53.447867 33.267703
229 -99.659635 53.246015 33.267703
230 -99.029063 53.098936 33.267703
231 -98.403133 52.933413 33.267703
232 -97.389557 52.700643 33.267703
233 -97.325874 52.687626 33.267703
234 -97.312431 52.672840 33.267703
235 -97.295503 52.478412 33.267703
236 -97.579916 52.089230 33.267703
237 -98.034589 51.624770 33.267703
238 -98.487367 51.158430 33.267703
239 -98.878313 50.736873 33.267703
240 -99.226144 50.270036 33.267703
241 -99.354940 50.073502 33.267703
242 -99.633227 49.634302 33.267703
243 -100.126355 48.840036 33.270108
244 -100.158720 48.789513 33.270108
245 -100.158720 48.789513 33.270108
246 -100.224599 48.825644 33.270108
247 -100.294664 49.128035 33.270108
248 -100.101681 49.655554 33.270108
249 -99.712227 50.160290 33.270108
250 -99.221920 50.586981 33.270108
251 -98.751579 51.035413 33.270108
252 -98.408496 51.419307 33.270108
253 -98.240379 51.583494 33.270108
254 -97.652146 52.278649 33.270108
255 -97.549848 52.417492 33.270108
256 -97.168410 52.909402 33.270108
257 -96.750345 53.400445 33.270108
258 -96.355527 53.825313 33.270108
259 -95.908320 54.279544 33.270108
260 -95.552243 54.717471 33.270108
261 -95.294955 55.137183 33.270108
262 -95.079414 55.582585 33.270108
263 -94.960003 55.784977 33.270108
264 -94.713318 56.248309 33.270108
265 -94.459081 56.715931 33.270108
266 -94.448176 56.732697 33.270108
267 -94.448176 56.732697 33.270108
268 -94.457038 56.750622 33.270108
269 -94.457038 56.750622 33.270108
270 -94.486277 56.744318 33.270108
271 -94.657970 56.528412 33.331368
272 -94.678062 56.071086 33.331368
273 -94.620729 55.843987 33.331368
274 -94.486421 55.357723 33.331368
275 -94.420062 54.867590 33.331368
276 -94.382798 53.948463 33.331368
277 -94.382798 53.948463 33.331368
278 -94.392158 53.931121 33.331368
279 -94.465045 53.908050 33.331368
280 -94.566415 53.999769 33.331368
281 -94.641351 54.361366 33.331368
282 -94.623758 54.884425 33.331368
283 -94.562957 55.267062 33.331368
284 -94.490758 55.542657 33.331368
285 -94.434558 55.993819 33.331368
286 -94.438955 56.493717 33.331368
287 -94.474845 57.117494 33.331368
288 -94.479345 57.317443 33.331368
289 -94.480048 57.527308 33.331368
290 -94.460258 57.851694 33.331368
291 -94.457543 58.196484 33.331368
292 -94.507837 58.466777 33.331368
293 -94.538543 58.965528 33.339766
294 -94.536610 59.275411 33.339766
295 -94.514644 59.594648 33.339766
296 -94.498608 60.099362 34.198538
297 -94.496912 60.494334 34.198538
299 -94.489232 61.224120 35.141144
299 -94.489232 61.224120 35.141144
300 -94.424805 61.374137 35.141144
301 -94.040715 61.641671 35.141144
302 -93.422627 61.795402 37.980259
303 -92.779286 61.888124 37.980259
304 -92.139634 61.988055 38.425253
305 -91.503239 62.120223 39.291985
306 -90.871391 62.271701 39.291985
307 -90.251317 62.466400 40.232575
308 -89.639390 62.685497 41.175965
310 -88.841129 62.879465 42.058294
311 -88.452855 62.951842 42.886129
312 -87.828637 63.013021 42.886129
313 -87.181357 63.025201 42.886129
314 -86.536822 63.001717 43.724822
315 -85.888296 62.958154 43.724822
316 -85.244549 62.888720 43.724822
317 -84.603725 62.815468 43.724822
318 -83.959535 62.750300 43.724822
319 -83.313295 62.710627 43.724822
320 -82.666659 62.677396 43.724822
323 -80.967865 62.281218 43.782417
324 -80.479963 62.112979 43.960210
325 -79.843583 62.000016 43.960210
326 -79.196422 61.991302 44.606054
327 -78.551092 62.041719 45.255056
328 -77.905706 62.118803 45.255056
329 -77.268862 62.247887 45.563363
330 -76.633060 62.367702 45.563363
331 -75.989904 62.416034 46.215366
332 -75.340941 62.451887 46.734356
333 -74.700386 62.501553 46.734356
336 -73.924057 62.542743 47.003192
337 -73.906222 62.533739 47.003192
338 -73.791750 62.293256 47.003192
339 -73.756120 61.781474 47.003192
340 -73.844125 61.289719 47.003192
341 -73.945422 60.892450 47.003192
342 -74.025081 60.629533 47.003192
343 -74.139781 60.262190 47.003192
344 -74.206400 59.995425 47.003192
345 -74.307148 59.623915 47.003192
346 -74.342491 59.373934 47.003192
349 -74.661759 58.236980 47.003192
350 -74.661759 58.236980 47.003192
351 -74.661759 58.236980 47.003192
352 -74.661759 58.236980 47.003192
353 -74.661759 58.236980 47.003192
354 -74.556359 58.358377 47.003192
355 -74.517838 58.784323 47.003192
356 -74.538041 59.052540 47.003192
357 -74.650636 59.335862 47.003192
358 -74.741370 59.846646 47.003192
359 -74.748089 60.121288 47.003192
362 -74.714495 61.205259 46.912899
363 -74.722515 61.274798 46.912899
364 -74.751963 61.340628 46.912899
365 -74.982290 61.476773 46.912899
366 -75.544612 61.505437 46.912899
367 -76.191739 61.485803 46.912899
368 -76.838902 61.503884 46.912899
369 -77.480299 61.570112 46.912899
370 -78.120515 61.666758 46.912899
371 -78.762258 61.769971 46.912899
372 -79.399569 61.884328 46.912899
375 -81.244286 62.834972 46.912899
376 -81.659808 63.253767 46.912899
377 -81.963108 63.697438 46.912899
378 -82.138982 64.158984 46.912899
379 -82.205912 64.552867 46.912899
380 -82.150664 64.816799 46.912899
381 -81.916855 65.322917 46.912899
382 -81.504567 65.824828 46.912899
383 -81.033923 66.269228 46.912899
384 -80.541799 66.693820 46.912899
385 -80.042399 67.109868 46.912899
389 -79.016112 67.915527 46.912899
390 -79.016112 67.915527 46.912899
391 -78.970638 67.850566 46.912899
392 -79.027579 67.484265 46.912899
393 -79.493885 67.064648 46.912899
394 -80.052914 66.733598 46.912899
395 -80.612382 66.402762 46.912899
396 -81.148132 66.035094 46.912899
397 -81.641189 65.612402 46.912899
398 -82.002122 65.185159 46.912899
399 -82.350751 64.654466 46.912899
402 -83.118980 63.673694 46.912899
403 -83.512732 63.379613 46.912899
404 -84.133105 63.205961 46.912899
405 -84.775366 63.213439 46.912899
406 -85.349842 63.505621 46.912899
407 -85.736537 63.958848 46.912899
408 -85.857538 64.177000 46.912899
409 -85.921728 64.514127 46.912899
410 -85.914791 64.798386 46.912899
411 -85.867751 65.165244 46.912899
412 -85.860051 65.689961 46.912899
415 -86.067495 66.648245 46.912899
416 -86.077595 66.665501 46.912899
417 -86.132245 66.723417 46.912899
418 -86.132245 66.723417 46.912899
419 -86.132245 66.723417 46.912899
420 -86.132245 66.723417 46.912899
421 -86.122583 66.720841 46.912899
422 -86.007019 66.569433 46.912899
423 -85.998251 66.095819 46.912899
424 -86.069126 65.705045 46.912899
425 -86.176472 65.507802 46.912899
429 -86.646504 64.349754 46.912899
430 -86.859300 63.870023 46.912899
431 -86.964839 63.573282 46.912899
432 -87.023631 63.413785 46.912899
433 -87.061391 63.321192 46.912899
434 -87.098877 63.262821 46.912899
435 -87.354564 63.159127 46.912899
436 -87.901768 63.093399 46.912899
437 -88.550871 63.123107 46.912899
438 -89.194177 63.169813 46.912899
439 -89.840558 63.207557 46.912899
442 -92.105027 63.215126 46.912899
443 -92.752250 63.230492 46.912899
444 -93.396760 63.255614 46.912899
445 -94.044188 63.262631 46.912899
446 -94.691660 63.256704 46.912899
447 -95.339120 63.249512 46.912899
448 -95.986580 63.242319 46.912899
449 -96.633923 63.228715 46.912899
450 -97.281397 63.224004 46.912899
451 -97.926304 63.213164 46.912899
452 -98.572876 63.182448 46.912899
456 -99.620202 63.069246 46.912899
457 -99.812387 63.079355 46.912899
458 -100.311294 63.204391 46.912899
459 -100.940848 63.366058 46.912899
460 -101.560677 63.561479 46.912899
461 -102.172865 63.779881 46.912899
462 -102.783893 64.001465 46.912899
463 -103.404539 64.194418 46.912899
464 -104.024578 64.389439 46.912899
465 -104.635680 64.610831 46.912899
466 -105.239415 64.851637 46.912899
470 -107.530444 65.773333 46.912899
471 -107.530444 65.773333 46.912899
472 -107.609702 65.695624 46.912899
473 -107.632827 65.431623 46.912899
474 -107.284773 65.152157 46.912899
475 -106.646082 65.087957 46.912899
476 -105.998104 65.044076 46.912899
477 -105.360025 64.937200 46.912899
478 -104.752639 64.728619 46.912899
479 -104.131130 64.549228 46.912899
480 -103.490798 64.476925 46.912899
484 -100.903942 64.514414 46.912899
485 -100.384153 64.529194 46.912899
486 -99.739450 64.548756 46.912899
487 -99.092134 64.563940 46.912899
488 -98.444684 64.571684 46.912899
489 -97.797196 64.575649 46.912899
490 -97.152277 64.585638 46.912899
491 -96.510373 64.609327 46.912899
492 -96.084288 64.709260 46.912899
493 -95.772790 65.016408 46.912899
494 -95.677296 65.490539 46.912899
498 -97.061031 67.376375 46.912899
499 -97.604270 67.730846 46.912899
500 -98.083410 68.169915 46.912899
501 -98.483329 68.551116 46.912899
502 -98.697190 68.746963 46.912899
506 -98.842001 68.860168 46.912899
507 -98.904227 68.680137 46.912899
508 -98.752537 68.416425 46.912899
509 -98.212911 68.257945 46.912899
510 -97.576799 68.285142 46.912899
511 -96.931172 68.333899 46.912899
512 -96.308600 68.406164 46.912899
513 -95.852803 68.633243 46.912899
514 -95.564253 69.075131 46.912899
515 -95.470452 69.539865 46.912899
516 -95.419264 70.051994 46.912899
518 -95.191428 71.316570 46.912899
519 -95.199225 71.496081 46.912899
520 -95.247471 71.983640 46.912899
521 -95.272106 72.457977 46.912899
522 -95.268023 72.689812 46.912899
523 -95.222273 73.046848 46.912899
524 -95.202661 73.569920 46.912899
525 -95.209047 73.749807 46.912899
526 -95.225022 74.234538 46.912899
527 -95.233428 74.759471 46.912899
528 -95.226233 75.234351 46.999787
532 -95.204587 77.113586 49.208333
533 -95.222239 77.637483 49.208333
534 -95.282907 78.083307 49.208333
535 -95.320490 78.390799 50.090518
536 -95.339327 78.715209 50.090518
537 -95.370729 79.204097 51.039789
538 -95.389618 79.448121 51.039789
539 -95.415325 79.872255 51.039789
540 -95.431832 80.376917 51.810617
541 -95.446385 80.655979 51.810617
542 -95.534952 80.973605 52.378049
546 -95.670973 82.970473 52.711479
547 -95.649756 83.066568 53.091054
548 -95.373414 83.212757 53.091054
549 -94.783667 83.274689 53.091054
550 -94.138222 83.200709 53.140004
551 -93.496363 83.115721 53.140004
552 -92.853469 83.064791 53.140004
553 -92.206279 83.046174 53.140004
554 -91.558787 83.045238 53.140004
555 -90.911300 83.049217 53.140004
556 -90.264103 83.068228 53.140004
559 -88.130189 83.133235 53.462698
560 -88.130189 83.133235 53.462698
561 -88.076367 83.173541 53.462698
562 -88.024126 83.246588 54.505963
563 -87.998603 83.311599 54.505963
564 -88.016291 83.393847 54.812590
565 -88.265632 83.557450 54.966354
566 -88.821943 83.562110 54.966354
567 -89.464018 83.480027 54.966354
568 -90.105628 83.393445 54.940878
569 -90.751427 83.348050 54.940878
575 -94.308420 83.305479 54.966354
576 -94.955911 83.302088 54.966354
577 -95.602682 83.273584 54.966354
578 -96.248983 83.204869 54.966354
579 -96.892794 83.115713 54.966354
580 -97.535689 83.019881 54.966354
581 -98.175735 82.942736 54.966354
582 -98.822919 82.923686 54.940878
583 -99.469782 82.895529 54.940878
584 -100.115675 82.850073 54.940878
585 -100.757375 82.785529 54.940878
591 -104.731183 82.175549 54.940878
592 -104.794087 82.159174 54.940878
593 -104.848714 82.214737 54.940878
594 -104.833316 82.316490 54.940878
595 -104.591077 82.435696 54.940878
596 -104.078566 82.505869 54.940878
597 -103.439822 82.439356 54.940878
598 -102.795417 82.377081 54.940878
599 -102.151036 82.350303 54.940878
600 -101.504152 82.372159 54.940878
601 -100.859811 82.435906 54.940878
608 -96.346648 82.665513 54.940878
609 -95.831860 82.658753 54.940878
610 -95.187971 82.696039 54.940878
611 -94.541898 82.738979 54.940878
612 -93.895019 82.766704 54.940878
613 -93.247695 82.781478 54.940878
614 -92.602724 82.787549 54.940878
615 -91.955243 82.791448 54.940878
616 -91.307745 82.789703 54.940878
617 -90.660247 82.787957 54.940878
618 -90.012750 82.786211 54.940878
625 -85.353009 82.810393 54.812590
626 -84.836148 82.835308 54.812590
627 -84.190019 82.877426 54.812590
628 -83.543469 82.911935 54.812590
629 -82.897454 82.954322 54.812590
630 -82.253463 82.988200 54.812590
631 -81.605981 82.991063 54.812590
632 -80.958481 82.991703 54.812590
633 -80.311330 82.972752 54.812590
634 -79.664420 82.945114 54.812590
635 -79.017379 82.920854 54.812590
642 -74.850882 82.957226 54.812590
643 -74.835910 82.958132 54.812590
644 -74.797948 82.990473 54.812590
645 -74.748850 83.082279 54.812590
646 -74.740167 83.140929 54.812590
647 -74.815520 83.257364 54.812590
648 -75.207780 83.367195 54.812590
649 -75.839060 83.302442 54.812590
650 -76.482116 83.227323 54.812590
651 -77.125984 83.190191 54.812590
652 -77.773271 83.174914 54.812590
660 -82.753858 83.300285 54.812590
661 -83.400791 83.326523 54.812590
662 -84.044326 83.369848 54.812590
663 -84.690372 83.413184 54.812590
664 -85.336605 83.453658 54.812590
665 -85.983395 83.483608 54.812590
666 -86.630473 83.506963 54.812590
667 -87.275103 83.528805 54.812590
668 -87.922197 83.551417 54.812590
669 -88.568677 83.587743 54.812590
670 -89.211969 83.634516 54.812590
678 -94.147107 84.589247 54.812590
679 -94.657146 84.875692 54.812590
680 -95.241197 85.160535 54.812590
681 -95.830819 85.434090 54.812590
682 -96.414039 85.720735 54.812590
683 -96.960610 86.071579 54.812590
684 -97.487975 86.451536 54.812590
685 -98.027787 86.812788 54.812590
686 -98.621206 87.076274 54.812590
687 -99.235953 87.279510 54.812590
688 -99.856469 87.472943 54.812590
696 -104.361542 88.796280 54.812590
697 -104.380811 88.801603 54.812590
698 -104.394254 88.875074 54.812590
699 -104.250479 89.031915 54.812590
700 -103.744902 89.095955 54.812590
701 -103.105073 89.026470 54.812590
702 -102.471204 88.907315 54.812590
703 -101.763951 88.822977 54.812590
704 -101.117185 88.794027 54.812590
705 -100.469708 88.790565 54.812590
706 -99.824716 88.793434 54.812590
714 -95.819924 90.135133 54.812590
715 -95.867632 90.620308 54.812590
716 -96.101434 91.192661 54.812590
717 -96.349950 91.649327 54.812590
718 -96.595246 92.127321 54.812590
719 -96.794447 92.574871 54.812590
720 -97.016626 93.055648 54.812590
721 -97.192973 93.363283 54.812590
722 -97.377151 93.631052 54.812590
723 -97.710518 94.117836 54.812590
724 -98.045472 94.584736 54.812590
732 -99.745705 96.860641 54.812590
733 -99.745705 96.860641 54.812590
734 -99.698271 96.907716 54.812590
735 -99.346866 96.912666 54.812590
736 -98.883565 96.518597 54.812590
737 -98.593006 96.061886 54.812590
738 -98.427176 95.611449 54.812590
739 -98.361874 95.406633 54.812590
740 -98.173546 94.927726 54.812590
741 -97.822028 94.391196 54.812590
742 -97.423976 93.907895 54.812590
751 -94.022907 89.557107 54.812590
752 -93.687676 89.200249 54.812590
753 -93.217787 88.954945 54.812590
754 -92.578488 88.886076 54.812590
755 -91.931985 88.920352 54.812590
756 -91.288954 88.969953 54.812590
757 -90.719870 89.081152 54.812590
758 -90.268324 89.401394 54.812590
759 -90.043769 89.825797 55.313832
760 -89.979480 90.051752 55.313832
761 -89.802941 90.535447 58.661231
771 -88.992966 92.490290 65.794377
772 -88.992966 92.490290 66.414607
773 -89.030687 92.418814 66.414607
774 -89.298668 92.361160 66.414607
775 -89.641194 92.691258 66.414607
776 -89.749661 92.969964 66.414607
777 -89.791449 93.302334 66.414607
778 -89.853423 93.808488 66.682682
779 -89.959707 94.322409 66.682682
780 -90.152448 94.841795 66.682682
781 -90.394845 95.321357 67.179908
791 -92.332461 98.896916 68.435225
792 -92.332461 98.896916 68.435225
793 -92.270584 98.928188 68.435225
794 -91.940439 98.823068 68.435225
795 -91.694567 98.301375 68.435225
796 -91.656355 98.034395 68.370315
797 -91.612350 97.667307 68.370315
798 -91.490462 97.193123 68.370315
799 -91.331309 96.698135 68.370315
800 -91.142218 96.230138 68.370315
801 -90.970279 95.869068 68.370315
807 -89.796676 93.326785 68.370315
808 -89.730317 93.146321 68.370315
809 -89.561385 92.822831 68.370315
810 -89.377664 92.401945 68.370315
811 -89.298761 92.148970 68.370315
812 -89.138440 91.654329 68.370315
813 -89.058038 91.386125 68.370315
814 -88.968261 91.084200 68.370315
815 -88.798789 90.555978 68.370315
816 -88.533041 90.032105 68.370315
817 -88.145735 89.550059 68.370315
827 -85.244299 89.829583 68.435225
828 -85.244299 89.829583 68.435225
829 -85.244299 89.829583 68.435225
830 -85.254284 89.830126 68.435225
831 -85.379624 89.939087 68.435225
832 -85.371653 90.388047 68.435225
833 -85.183879 90.902118 68.435225
834 -84.767543 91.399201 68.370315
835 -84.305728 91.852937 68.370315
836 -83.845698 92.311995 68.370315
837 -83.491314 92.692533 68.479632
850 -79.789551 97.387650 75.596958
851 -79.628779 97.598275 75.596958
852 -79.352518 98.043873 75.596958
853 -79.186629 98.429537 75.596958
854 -79.071736 98.668334 76.205643
855 -78.869395 99.092532 76.205643
856 -78.707684 99.422522 76.805860
857 -78.578803 99.654036 76.805860
858 -78.341198 100.071081 76.805860
859 -78.249830 100.265697 77.410206
860 -78.059012 100.667703 77.410206
874 -75.364004 105.616661 77.410206
875 -75.255681 105.663274 77.410206
876 -74.899256 105.506598 77.410206
877 -74.696110 105.005574 77.410206
878 -74.624281 104.480891 77.410206
879 -74.622430 104.330905 77.410206
880 -74.584385 103.912849 77.410206
881 -74.529152 103.690621 77.410206
882 -74.370581 103.296323 77.410206
883 -74.142725 102.762956 77.410206
884 -74.088854 102.606998 77.410206
899 -71.171894 96.489470 77.410206
900 -70.958444 96.020821 77.410206
901 -70.702664 95.550966 77.410206
902 -70.594018 95.351114 77.410206
903 -70.369789 94.932381 77.410206
904 -70.124283 94.437452 77.410206
905 -69.903941 93.949945 77.410206
906 -69.782879 93.769594 77.410206
907 -69.507164 93.395180 77.410206
908 -69.245093 92.915406 77.410206
909 -69.073748 92.443125 77.410206
925 -65.520193 86.293875 77.410206
926 -65.445815 85.978165 77.410206
927 -65.426268 85.494095 77.410206
928 -65.416776 85.249474 77.410206
929 -65.366113 84.827607 77.410206
930 -65.285690 84.456723 77.410206
931 -65.156862 84.158397 77.410206
932 -64.994735 83.696761 77.410206
933 -64.904948 83.368845 77.410206
934 -64.801760 83.060711 77.410206
935 -64.619754 82.541729 77.410206
952 -63.184939 78.496381 77.410206
953 -63.184939 78.496381 77.410206
954 -63.199494 78.470846 77.410206
955 -63.265464 78.457222 77.410206
956 -63.387287 78.580360 77.410206
957 -63.451355 79.034546 77.410206
958 -63.413714 79.299753 77.410206
959 -63.286107 79.657483 77.410206
960 -63.209848 80.140716 77.410206
961 -63.228504 80.354763 77.410206
962 -63.133408 80.845369 77.191321
981 -64.477132 88.013411 77.191321
982 -64.549216 88.268042 77.191321
983 -64.657435 88.745160 77.191321
984 -64.679248 89.229505 77.191321
985 -64.675969 89.454479 77.191321
986 -64.707588 89.913190 77.191321
987 -64.727524 90.452304 77.191321
988 -64.579780 90.928020 77.191321
989 -64.378009 91.357894 79.206187
990 -64.272832 91.884266 79.206187
991 -64.342641 92.409331 79.644837
1012 -63.616275 99.759060 84.919374
1013 -63.616275 99.759060 84.919374
1014 -63.505217 99.679338 85.050691
1015 -63.437089 99.258180 85.050691
1017 -63.519974 98.621316 85.050691
1018 -63.623490 98.281831 85.050691
1019 -63.745512 98.069478 85.050691
1020 -63.902969 97.469940 85.050691
1021 -63.890933 97.195911 85.050691
1022 -63.803487 96.821359 85.050691
1023 -63.775304 96.527906 85.050691
1045 -64.521514 86.695314 85.221711
1046 -64.521514 86.695314 85.221711
1047 -64.521514 86.695314 85.221711
1048 -64.521514 86.695314 85.221711
1050 -64.516215 86.703795 85.221711
1051 -64.510138 86.762215 85.221711
1052 -64.743229 86.960719 85.221711
1053 -65.315269 87.002798 85.221711
1054 -65.963691 86.961299 85.221711
1055 -66.674047 86.907359 85.221711
1056 -67.451189 86.884432 85.503802
1079 -81.685505 86.824862 85.503802
1080 -81.755535 86.907698 85.503802
1081 -81.662539 87.063773 85.503802
1082 -81.308661 87.166063 85.503802
1083 -80.578202 87.138478 85.503802
1084 -79.937966 87.041839 85.503802
1085 -79.229160 86.970893 85.503802
1086 -78.582182 86.946374 85.503802
1088 -77.807206 86.944298 85.503802
1089 -77.159720 86.948666 85.503802
1090 -76.382536 86.969536 85.503802
1113 -65.118534 84.005002 85.503802
1114 -64.808647 83.846252 85.503802
1115 -64.210829 83.880833 85.503802
1116 -63.439927 83.959452 85.503802
1117 -62.792697 83.957428 85.503802
1118 -62.017000 83.905173 85.503802
1119 -61.371755 83.827479 85.503802
1120 -60.666480 83.726305 85.503802
1121 -59.895350 83.627013 85.503802
1122 -59.252646 83.548353 85.503802
1123 -58.546310 83.454918 85.503802
1146 -43.760989 81.768791 88.269248
1148 -43.053159 81.810491 88.055098
1149 -42.341810 81.844234 88.055098
1150 -41.565000 81.813291 88.976965
1151 -40.790392 81.794756 88.976965
1152 -40.077900 81.794265 87.793053
1153 -39.303295 81.773313 87.793053
1154 -38.592132 81.730054 87.793053
1156 -37.885665 81.660296 87.793053
1157 -37.177694 81.580203 89.084792
1158 -36.406527 81.503324 89.084792
1182 -30.391707 80.999034 87.793053
1183 -30.391707 80.999034 87.793053
1184 -30.323383 81.039795 87.793053
1185 -30.302541 81.061347 87.793053
1186 -30.308159 81.122890 87.793053
1187 -30.489724 81.248306 88.900057
1189 -31.113615 81.256323 88.900057
1190 -31.825317 81.225465 88.900057
1191 -32.601324 81.269968 88.900057
1192 -33.372795 81.366458 88.346252
1193 -34.076422 81.461321 88.346252
1218 -50.296697 83.090407 88.346252
1220 -51.057843 82.932183 88.346252
1221 -51.728127 82.683526 88.346252
1222 -52.453021 82.395610 88.346252
1223 -53.051252 82.141507 88.346252
1224 -53.767685 81.833250 88.346252
1225 -54.433762 81.573348 88.346252
1226 -55.161148 81.291767 88.346252
1228 -55.886025 81.010625 88.346252
1229 -56.556395 80.762009 88.346252
1230 -57.283821 80.480633 88.346252
1256 -61.814397 71.051557 87.977385
1257 -61.814397 71.051557 88.346252
1258 -61.814397 71.051557 88.346252
1259 -61.707625 71.171727 88.346252
1260 -61.654213 71.621779 88.346252
1261 -61.707762 71.985075 87.977385
1262 -61.839028 72.425261 87.977385
1264 -61.870354 72.718500 87.977385
1265 -61.860011 73.273272 88.346252
1266 -61.857406 73.683168 88.346252
1267 -61.852483 74.020631 88.346252
1293 -52.702212 79.158551 88.346252
1294 -52.702212 79.158551 88.346252
1295 -52.830083 79.058093 88.346252
1296 -53.342786 78.997410 88.346252
1297 -54.108587 79.073325 88.346252
1299 -54.881315 79.158645 88.346252
1300 -55.590715 79.181082 88.346252
1301 -56.368069 79.166472 88.346252
1302 -57.142866 79.148708 88.346252
1303 -57.854997 79.126114 88.346252
1304 -58.632001 79.098446 88.346252
1330 -61.559644 69.218397 88.346252
1331 -61.609931 68.685803 88.346252
1333 -61.631812 68.051182 88.346252
1334 -61.648452 67.531497 88.346252
1335 -61.652776 66.941800 88.346252
1336 -61.617242 66.287766 88.346252
1337 -61.607758 65.747913 88.346252
1338 -61.600725 65.167956 88.346252
1340 -61.597046 64.583281 88.346252
1341 -61.563449 64.054403 88.346252
1342 -61.557586 63.624559 88.346252
1368 -60.227694 55.374173 88.346252
1369 -59.810893 55.196720 88.346252
1370 -59.147986 55.248529 88.346252
1371 -58.416354 55.503916 88.346252
1373 -57.681414 55.764739 88.346252
1374 -56.999442 55.968753 87.977385
1375 -56.358649 56.058260 87.977385
1376 -55.581686 56.083047 87.977385
1377 -54.805402 56.062094 87.977385
1378 -53.982494 55.894146 87.977385
1379 -53.342389 55.799064 88.346252
1407 -43.340815 55.391916 88.346252
1408 -42.895100 55.381651 88.346252
1409 -42.132147 55.502603 88.346252
1410 -41.424840 55.586652 88.346252
1411 -40.648170 55.621023 88.346252
1412 -39.873299 55.634533 88.346252
1413 -39.095848 55.643208 88.346252
1415 -38.383392 55.651158 88.346252
1416 -37.608440 55.659806 88.346252
1417 -36.830989 55.668481 88.346252
1418 -36.118539 55.676876 89.902727
1447 -28.540639 56.436947 100.227842
1449 -27.733613 56.518347 100.227842
1450 -26.775550 56.668021 100.227842
1452 -25.807212 56.720151 100.227842
1453 -24.707481 56.744399 100.810021
1455 -23.737721 56.765858 102.420800
1456 -22.638321 56.802184 102.420800
1458 -21.666242 56.830430 103.881954
1460 -20.504114 56.859828 105.411671
1461 -19.404493 56.888696 105.411671
1463 -18.239882 56.918741 106.935964
1496 -14.143892 57.522308 114.861048
1500 -14.291184 57.666412 114.861048
1503 -14.552087 56.751211 114.893431
1506 -14.734266 55.464447 114.893431
1510 -15.171424 54.468328 114.861048
1513 -15.445259 53.367419 114.861048
1516 -15.850814 52.321508 114.861048
1519 -16.212349 51.266788 114.861048
1522 -16.464975 50.138791 114.861048
1526 -16.669920 49.018549 114.861048
1529 -17.029289 47.904428 114.861048
1550 -17.522593 46.125814 114.861048
1554 -17.646883 47.312074 114.861048
1557 -17.568950 48.566284 114.861048
1561 -17.604076 49.777020 114.861048
1565 -17.640786 51.313247 114.861048
1568 -17.729936 52.294550 114.861048
1572 -17.829027 54.096044 114.861048
1576 -17.915954 55.236254 114.861048
1579 -18.231486 56.568114 114.861048
1583 -18.700098 57.976676 114.861048
1587 -19.269769 59.178435 114.861048
1622 -22.612556 70.284909 114.861048
1625 -22.311518 69.266335 114.861048
1627 -22.217328 68.205990 114.861048
1630 -21.912472 67.407226 114.861048
1632 -21.629215 66.621817 114.861048
1634 -21.353162 65.739785 114.861048
1637 -21.177705 64.822499 114.861048
1639 -20.760725 63.853803 114.861048
1642 -20.597566 63.105379 114.861048
1644 -20.276107 62.229857 114.861048
1646 -20.145030 61.398342 114.861048
1682 -15.584591 49.159461 114.861048
1684 -15.501129 48.410584 114.861048
1686 -15.191277 47.701671 114.861048
1689 -14.935094 46.860522 114.861048
1691 -14.374764 45.778736 114.861048
1694 -14.105909 45.005524 114.861048
1696 -14.030668 44.040034 114.861048
1699 -14.050797 42.740294 114.861048
1702 -14.016273 41.301111 114.861048
1705 -14.068714 40.457845 114.861048
1743 -12.704827 39.434914 114.861048
1747 -10.561373 38.092788 114.861048
1751 -8.377865 36.681844 116.484937
1755 -6.051897 35.133635 117.820629
1759 -3.628889 33.749893 120.450241
1764 -1.640830 32.386079 122.856423
1790 -1.571805 32.328327 125.847926
1796 -3.148699 31.183419 126.807337
1801 -4.664449 29.130891 127.002443
1807 -6.165043 26.959374 127.002443
1812 -8.208576 24.614556 127.002443
1818 -9.930140 22.321601 127.002443
1823 -10.460253 21.619897 127.002443
1868 -10.577667 21.728318 127.002443
1874 -8.343708 23.880197 127.002443
1879 -5.554917 25.417819 127.002443
1884 -2.126299 25.464969 127.002443
1889 1.238406 25.500178 127.002443
1895 4.922474 25.567866 129.091365
1901 8.774003 24.310293 133.253520
1907 11.186294 22.754212 135.115139
1957 11.979413 20.858961 135.066283
1962 12.722269 18.449102 135.125204
1968 13.481047 16.217299 135.066283
1974 14.159596 13.241274 136.729882
1980 15.235330 11.208191 137.950791
1986 15.901314 9.572673 138.713016
2015 15.619486 9.979581 139.080196
2020 15.342972 11.724198 139.080196
2025 14.685915 13.601962 139.080196
2031 13.793859 15.570234 139.080196
2036 12.209332 18.042716 139.080196
2087 -7.113418 35.680818 139.263853
2092 -6.881869 33.738135 139.263853
2097 -6.678794 31.528447 139.263853
2103 -5.967796 29.141951 139.263853
2108 -5.158128 27.299397 139.263853
2114 -4.349776 25.434982 139.263853
2119 -3.688185 23.569804 139.263853
2124 -1.069211 21.375460 139.263853
2130 1.028393 19.819451 139.263853
2181 -0.151909 20.491867 139.263853
2187 -2.522643 22.950218 139.263853
2192 -3.403660 24.565721 139.263853
2198 -1.550830 25.611185 139.263853
2203 1.873080 25.468743 139.263853
2209 5.432410 25.534916 139.263853
2214 8.988296 25.637849 139.263853
2220 12.545481 25.665061 139.263853
2225 16.103899 25.768414 139.263853
2230 18.958378 26.603377 139.263853
2236 19.784146 28.370567 139.263853
2288 21.085618 30.627018 139.263853
2294 20.244725 29.344451 139.263853
2299 19.385701 27.146228 139.263853
2305 18.587216 25.178857 139.263853
2310 17.779210 23.145994 139.263853
2315 17.420255 20.868573 139.263853
2321 17.505861 19.189266 139.263853
2326 17.365623 17.149106 139.263853
2332 17.309844 15.378250 139.263853
2337 17.354988 13.529013 139.263853
2343 17.409419 11.889837 139.263853
2373 18.466097 0.564324 139.371808
2379 19.093344 -0.607913 143.901705
2410 17.798816 -2.491247 143.901705
2416 16.634721 -4.893145 143.901705
2421 16.396236 -6.863311 143.901705
2428 15.654346 -9.832261 154.830814
2435 14.838893 -12.245652 154.830814
2441 14.400216 -14.009189 154.688400
2475 14.638454 -12.976251 155.493347
2482 15.504441 -10.625683 156.043907
2489 17.007946 -8.358795 155.729063
2495 20.534683 -7.708550 155.938773
2501 24.782530 -8.199118 155.729063
2508 26.124927 -8.415197 155.729063
2572 26.220696 -7.558263 156.337139
2579 28.436968 -4.575582 156.337139
2586 29.784816 -2.339013 156.251659
2593 30.884235 -0.323204 156.251659
2600 33.255861 2.461810 156.251659
2639 33.637647 3.636620 157.964619
2646 37.286641 6.342058 157.964619
2654 40.478241 8.505574 160.240135
2726 37.450824 6.629758 161.340203
2733 33.622050 3.548449 161.340203
2741 30.850905 -0.058936 161.718586
2749 28.405079 -3.658414 161.340203
2756 26.122194 -5.869768 161.340203
2764 22.391557 -5.802131 161.340203
2771 17.670851 -5.881307 161.340203
2778 13.056026 -4.384944 161.340203
2786 11.017386 -1.659205 161.340203
2793 10.318944 0.912968 161.340203
2801 9.978713 1.675488 161.340203
2876 9.688225 2.884496 161.680243
2883 8.619779 5.885728 161.680243
2890 7.430629 8.089278 161.680243
2897 6.421634 9.885097 161.680243
2975 3.564811 10.563403 161.680243
2982 -1.376370 11.203105 161.680243
2990 -6.048804 11.787137 161.680243
3068 -9.322979 12.011674 161.680243
3076 -12.972416 12.477706 161.680243
3084 -18.052699 12.995053 161.680243
3092 -19.963181 13.197354 161.680243
3176 -20.871513 14.113675 161.680243
3184 -25.848953 15.479841 161.680243
3192 -30.228517 18.374193 161.680243
3200 -34.036108 18.951329 161.680243
3209 -33.983338 18.086239 161.340203
3218 -35.382135 18.056785 161.340203
3310 -33.258239 18.443517 161.340203
3319 -33.258239 18.443517 161.340203
3328 -33.224333 18.340857 161.340203
3336 -29.863725 18.011275 161.340203
3345 -29.923902 15.509763 161.340203
3354 -29.763123 12.529608 161.340203
3362 -30.205795 9.650927 161.340203
3370 -32.945330 6.224450 161.340203
3378 -33.789882 4.188994 161.340203
3478 -30.581112 3.787620 161.340203
3486 -26.249410 2.359003 161.680243
3494 -23.803051 -1.112318 161.680243
3501 -22.492327 -2.767995 161.680243
3609 -23.440663 -1.226997 161.680243
3617 -25.003075 1.737233 161.680243
3624 -26.465588 4.293555 161.680243
3632 -27.970534 6.936364 161.680243
3640 -28.993249 8.658887 161.680243
3648 -26.129190 8.777137 161.680243
3655 -24.064274 8.369418 161.340203
3663 -28.666242 8.768428 161.340203
3670 -28.959042 9.877579 161.340203
3678 -26.480172 10.701840 161.340203
3685 -21.639609 10.953364 161.340203
3796 27.490777 -8.827618 161.680243
3804 23.426859 -7.675676 164.394955
3812 18.489823 -6.303674 164.394955
3820 13.532340 -4.567169 164.394955
3828 11.288011 -1.606924 164.394955
3836 10.426711 1.237264 164.394955
3844 9.369919 4.320664 164.394955
3852 5.541343 7.907321 164.394955
3860 2.569996 10.566451 164.394955
3868 -2.590175 10.619021 164.394955
3877 -7.893641 10.656589 164.394955
3990 -24.537500 -15.158456 164.394955
3997 -24.609636 -12.061850 164.394955
4004 -24.711968 -9.410671 164.394955
4011 -24.976302 -6.392868 164.394955
4019 -25.596924 -3.705164 164.394955
4026 -25.990928 -1.311137 164.394955
4033 -26.684145 1.516063 164.394955
4041 -27.431356 4.215545 164.394955
4048 -28.220843 6.692498 164.394955
4055 -28.993810 9.506258 164.394955
4063 -26.492725 10.466637 164.394955
4177 24.556728 -8.169302 164.394955
4185 20.037224 -6.807512 164.394955
4192 15.568798 -5.439553 164.394955
4199 11.667661 -3.254218 164.394955
4206 11.117933 -0.856386 164.394955
4214 10.268600 2.039663 164.394955
4221 8.504623 5.147562 164.394955
4228 4.982051 8.418076 164.394955
4235 1.228233 10.653235 164.394955
4243 -3.556709 10.662251 164.394955
4250 -8.273500 10.885797 164.394955
4366 -30.395961 -19.587410 164.394955
4374 -34.092026 -21.243419 164.394955
4492 -34.961845 -19.945319 164.394955
4500 -36.104198 -17.248192 164.394955
4508 -36.497464 -13.642475 164.394955
4516 -35.284124 -13.078944 164.394955
4635 -35.325215 -11.358553 164.394955
4643 -35.262973 -8.327247 164.394955
4651 -34.583086 -4.642876 164.394955
4659 -34.410279 -1.431150 164.394955
4668 -34.145134 1.863491 164.394955
4676 -32.142135 5.238432 164.394955
4684 -30.152576 8.175511 164.394955
4692 -28.931638 9.864795 164.394955
4700 -25.057081 10.418044 164.394955
4709 -19.644524 11.108781 164.394955
4717 -14.346238 11.200650 164.394955
4837 30.857274 -20.119313 169.782511
4845 36.044677 -22.181484 171.708419
4854 40.329815 -24.581427 172.265903
4919 41.878713 -22.432645 172.735466
4927 43.990790 -19.028814 172.735466
4936 45.742285 -16.049127 172.735466
4944 47.411658 -14.373991 172.735466
5013 49.558552 -18.272185 184.535366
5023 51.237405 -21.594715 186.091433
5034 54.185016 -25.484502 186.711814
5162 53.171005 -23.831819 186.622242
5173 51.322318 -20.997113 186.622242
5184 49.599448 -18.536430 186.622242
5195 45.260645 -15.556654 186.622242
5205 40.186194 -18.121072 186.622242
5216 34.064999 -19.746543 186.622242
5227 31.758762 -15.947277 186.532843
5237 29.855575 -12.969334 186.533057
5247 27.929198 -9.557611 186.533057
5257 22.289617 -7.351768 186.533057
5266 16.169590 -5.630698 186.533057
5397 -25.641179 25.551487 186.533057
5407 -25.110116 29.303381 186.533057
5417 -24.923016 29.690521 186.533057
5549 -28.137801 30.702975 186.533057
5559 -32.183118 31.746735 186.533057
5695 -29.829192 34.587536 186.532843
5706 -28.503259 37.319476 186.532843
5717 -26.551070 41.336975 186.532843
5727 -23.983034 44.079226 186.532843
5867 -27.467110 41.654090 186.532843
5877 -33.840522 40.422819 186.533057
5888 -39.075440 39.351653 186.532843
6031 -33.303581 36.761247 186.533057
6041 -28.972620 33.384939 186.533057
6051 -26.949908 30.175950 186.533057
6061 -25.526720 26.255796 186.533057
6071 -26.314759 23.112418 186.533057
6081 -27.490776 19.574989 186.533057
6090 -25.878182 15.880808 186.533057
6100 -20.720247 14.662282 186.533057
6110 -15.675375 13.372167 186.533057
6120 -10.540761 12.513515 186.533057
6130 -4.139208 11.589572 186.533057
6275 29.752767 -34.691491 186.533057
6285 29.902540 -37.961095 186.533057
6294 30.200192 -42.131947 186.533057
6303 31.245178 -44.831736 186.533057
6383 31.177661 -42.923382 186.533057
6391 31.097299 -39.992954 186.533057
6400 31.015019 -37.193600 186.533057
6409 30.975016 -34.574535 186.533057
6418 30.835748 -30.928557 186.533057
6426 30.670976 -28.103927 186.533057
6435 30.631701 -24.494376 186.533057
6444 30.410510 -20.742371 186.533057
6452 29.780957 -17.348109 186.533057
6461 29.222258 -14.322853 186.533057
6470 28.482229 -11.512296 186.533057
6551 -2.727790 11.402227 186.533057
6559 -8.295186 12.285930 186.533057
6568 -13.931600 13.163979 186.533057
6577 -18.305082 13.830348 186.533057
6585 -23.721353 15.395707 186.533057
6594 -27.918911 16.728426 186.533057
6603 -27.279423 20.591728 186.533057
6611 -26.448397 23.215076 186.533057
6620 -25.546823 26.336689 186.533057
6629 -26.091801 29.242645 186.533057
6638 -28.636918 32.528943 186.533057
6788 -59.076155 39.101271 186.533057
6797 -64.279448 41.226160 186.533057
6805 -66.041831 41.794489 186.533057
6961 -62.734254 40.031801 186.533057
6970 -62.782523 38.201776 186.533057
6979 -64.006725 35.684845 186.533057
6987 -65.401907 32.541843 186.533057
6996 -67.247076 29.124137 186.533057
7158 -65.883566 29.411826 186.533057
7167 -61.307736 30.220168 186.533057
7176 -55.690277 31.547434 186.533057
7185 -52.118441 31.386175 186.533057
7351 -54.815626 30.749510 186.533057
7359 -60.102831 29.148997 186.533057
7368 -62.106833 25.916348 186.533057
7377 -59.516282 22.384760 186.533057
7386 -57.746008 20.754911 186.533057
7553 -61.745296 19.386818 186.533057
7562 -65.112645 16.617614 186.533057
7571 -66.697383 13.338260 186.533057
7580 -67.588870 11.311490 186.533057
7750 -66.370923 11.567075 186.533057
7758 -62.140171 11.914063 186.533057
7767 -56.575559 12.801472 186.533057
7776 -54.025642 13.580766 186.533057
7948 -49.752845 13.446790 186.533057
7957 -44.142661 12.986715 186.533057
7966 -38.660088 12.584297 186.533057
7975 -32.847201 12.259413 186.533057
7984 -28.257380 12.008455 186.533057
7993 -22.446390 11.646625 186.533057
8002 -17.804490 11.383471 186.533057
8011 -13.137004 11.267014 186.533057
8020 -7.465195 11.118445 186.533057
8029 -1.648707 10.872263 186.533057
8037 2.866863 10.332618 186.533057
8212 29.495656 -42.864760 186.533057
8221 29.450013 -39.465878 186.533057
8230 29.349140 -35.758597 186.533057
8239 29.285736 -32.856618 186.533057
8248 29.233680 -29.646312 186.533057
8257 29.090611 -26.412837 186.533057
8266 29.045607 -23.343386 186.533057
8275 28.940270 -20.016720 186.533057
8284 28.828351 -16.980709 186.533057
8293 28.630813 -13.388904 186.533057
8302 27.936438 -10.137960 186.533057
8478 -42.730836 0.134383 186.533057
8487 -43.052459 -3.002702 186.533057
8496 -43.293982 -6.142356 186.533057
8504 -43.291007 -8.695963 186.533057
8686 -43.948181 -7.098228 186.533057
8695 -44.382587 -5.618676 186.533057
8703 -44.163445 -2.426725 186.533057
8711 -44.498033 -0.575675 186.533057
8720 -44.922945 1.091474 186.533057
8728 -48.962727 2.379102 186.533057
8737 -53.246098 2.812784 186.533057
8745 -55.299186 3.248507 186.533057
8753 -55.299186 3.248507 186.533057
8941 -54.843685 3.602158 186.533057
8949 -49.462705 3.041841 186.533057
8957 -44.700398 3.699799 186.533057
8966 -44.377831 7.583084 186.533057
8974 -45.153272 10.444806 186.533057
8982 -49.303123 10.515324 186.533057
8991 -53.322547 10.464040 186.533057
8999 -53.729808 10.450151 186.533057
9187 -53.729808 10.450151 186.533057
9195 -53.729808 10.450151 186.533057
9204 -53.729808 10.450151 186.533057
9212 -53.729808 10.450151 186.533057
9400 -52.950142 10.656237 186.533057
9409 -47.461558 10.479615 186.533057
9417 -45.105372 8.660160 186.533057
9425 -45.133894 6.295767 186.533057
9434 -45.133834 5.378267 186.533057
9442 -45.133743 4.013267 186.533057
9451 -44.806488 1.189645 186.533057
9459 -46.625043 -2.573713 186.533057
9467 -49.131223 -5.813033 186.533057
9475 -50.961204 -8.456601 186.533057
9665 -52.275906 -6.591309 186.533057
9854 -57.245948 -0.760080 186.533057
9862 -55.291299 -3.613330 186.533057
9871 -58.376654 -6.859506 186.533057
9879 -60.960121 -8.564601 186.533057
10072 -59.503568 -7.055860 186.533057
10081 -54.299624 -4.894962 186.533057
10089 -51.264998 -3.753115 186.533057
10098 -47.040023 -1.947646 186.533057
10107 -44.163763 1.236140 186.533057
10116 -43.275481 3.782468 186.533057
10125 -42.468502 7.558920 186.533057
10133 -39.778858 10.653270 186.533057
10142 -34.216219 10.554249 186.533057
10151 -31.052653 10.638880 186.533057
10160 -27.573733 10.712162 186.533057
10354 30.046684 -43.127225 186.533057
10362 30.152957 -47.168866 186.533057
10371 30.256977 -51.206052 186.533057
10380 30.378584 -54.582562 186.533057
10388 30.472797 -57.432450 186.533057
10397 30.531702 -60.639231 187.126539
10405 30.657815 -63.645130 188.988099
10413 31.110878 -65.800841 191.701282
10514 30.437870 -65.819889 195.466881
10522 25.503679 -68.264435 195.193498
10531 21.165695 -69.962478 195.610484
10538 18.931293 -71.050877 195.615187
10734 17.529928 -70.710158 195.615187
10742 14.159005 -69.361697 195.615187
10750 9.328262 -67.661236 195.615187
10758 5.836663 -66.498490 195.615187
10962 6.741822 -65.648246 195.615187
10971 11.947769 -64.131247 195.615187
10979 14.791098 -62.949425 195.615187
11189 14.696948 -61.492076 195.615187
11197 14.617806 -57.551811 195.615187
11206 14.541078 -55.234324 195.615187
11214 13.946671 -51.964695 195.615187
11222 13.742342 -51.408902 195.615187
11441 13.612777 -54.535919 195.615187
11449 13.566813 -57.813814 195.615187
11457 12.024802 -60.991667 195.615187
11466 7.751917 -64.280623 195.615187
11474 3.398384 -67.346610 195.615187
11482 -1.566126 -69.768710 195.615187
11491 -6.359095 -72.068038 195.615187
11499 -7.094026 -72.595418 195.615187
11726 -8.515932 -75.305232 195.615187
11733 -10.240156 -74.315329 195.615187
11740 -10.636486 -76.679239 195.615187
11748 -10.869995 -79.194963 195.615187
11755 -11.290856 -81.684504 195.615187
11762 -11.407203 -82.729534 195.615187
11883 -8.060115 -84.212329 195.615187
11890 -3.936099 -85.742771 195.615187
11897 -1.306367 -86.358566 195.615187
11904 1.200527 -87.036067 195.615187
12140 -1.463849 -86.062171 195.615187
12148 -4.899335 -84.800729 195.615187
12156 -7.795410 -83.738713 195.615187
12163 -8.252308 -81.466187 195.615187
12171 -8.291007 -79.140750 195.615187
12179 -8.372857 -76.227320 195.615187
12187 -7.029395 -73.926382 195.615187
12195 -3.456540 -72.001359 195.615187
12202 0.668085 -69.172508 195.615187
12210 4.647138 -66.175041 195.615187
12217 2.156532 -64.139176 195.615187
12456 -6.509345 -62.204117 195.615187
12464 -3.229908 -62.735543 195.615187
12472 1.771867 -63.420969 195.615187
12479 2.529623 -63.599350 195.615187
12487 2.529623 -63.599350 195.615187
12495 2.529623 -63.599350 195.615187
12503 4.040479 -64.158708 195.615187
12510 4.076476 -66.654170 195.615187
12518 0.784296 -68.146109 195.615187
12526 -4.356800 -68.675259 195.615187
12533 -9.239306 -69.294355 195.615187
12776 -22.771764 -73.110905 195.615187
12784 -18.642519 -75.197133 195.615187
12791 -18.470799 -77.142914 195.615187
12798 -19.791471 -80.124001 195.615187
13051 -21.460859 -79.340160 195.615187
13059 -18.456505 -76.781789 195.615187
13067 -19.221322 -74.491687 195.615187
13075 -22.457647 -74.054219 195.615187
13083 -26.438568 -73.411029 195.615187
13092 -31.704048 -72.694645 195.615187
13099 -35.568492 -72.147366 195.615187
13107 -40.663734 -71.255998 195.615187
13115 -42.057457 -71.342488 195.615187
13376 -42.270470 -70.063759 195.615187
13384 -42.490632 -67.749258 195.615187
13391 -43.472923 -65.216898 195.615187
13398 -43.559731 -62.861323 195.615187
13406 -44.881228 -59.893341 195.615187
13413 -45.029637 -59.214936 195.615187
13685 -41.602988 -61.117232 195.615187
13693 -37.389595 -61.809379 195.615187
13700 -33.399476 -62.675046 195.615187
13707 -28.602362 -62.630576 195.615187
13715 -26.256325 -62.027152 195.615187
13991 -29.320230 -62.178051 195.615187
13999 -34.013728 -63.552684 195.615187
14006 -38.828107 -64.215885 195.615187
14014 -43.584051 -65.374520 195.615187
14021 -46.789210 -67.819822 195.615187
14028 -50.101343 -68.941790 195.615187
14035 -54.340802 -70.399499 195.615187
14042 -58.098462 -72.027772 195.615187
14321 -56.794082 -74.459325 195.615187
14328 -55.256695 -76.797750 195.615187
14336 -53.481532 -79.457907 195.615187
14343 -51.733874 -82.188105 195.615187
14628 -52.744373 -80.835615 195.615187
14635 -55.160764 -77.276463 195.615187
14643 -57.043745 -74.866754 195.615187
14650 -59.087125 -75.820581 195.615187
14657 -58.942447 -78.645215 195.615187
14665 -59.642063 -81.645566 195.615187
14673 -60.045118 -82.630514 195.615187
14961 -60.245594 -81.674526 195.615187
14969 -59.873849 -79.109116 195.615187
14977 -59.195123 -75.875012 195.615187
14985 -55.323866 -73.000897 195.615187
14993 -52.048449 -71.191766 195.615187
15000 -48.164784 -68.948856 195.615187
15008 -44.750808 -66.647523 195.615187
15016 -44.660185 -63.887385 195.615187
15024 -44.742751 -61.287933 195.615187
15031 -44.789000 -58.462733 195.615187
15039 -44.818004 -55.933489 195.615187
15328 -40.507405 -43.131627 195.615187
15336 -35.557673 -42.526600 195.615187
15344 -33.095720 -42.255332 195.615187
15644 -33.640158 -41.968465 195.615187
15652 -37.601369 -42.620125 195.615187
15659 -42.371743 -43.475993 195.615187
15667 -43.236948 -46.557431 195.615187
15675 -42.507026 -49.507518 195.615187
15683 -37.514674 -50.866026 195.615187
15691 -33.268603 -52.404462 195.615187
15998 -32.749904 -52.113827 195.615187
16005 -27.811648 -52.224279 195.615187
16013 -22.962145 -52.057475 195.615187
16021 -17.923767 -51.812895 195.615187
16028 -15.489113 -51.625646 195.615187
16338 -11.830901 -53.080824 195.615187
16346 -7.287194 -55.415674 195.615187
16354 -4.259282 -58.707012 195.615187
16362 -0.364654 -61.635375 195.615187
16370 3.334338 -63.343038 195.615187
16378 5.144342 -65.850886 195.615187
16386 1.411160 -68.669755 195.615187
16394 -2.933256 -71.526916 195.615187
16402 -6.628294 -73.969885 195.615187
16410 -8.464884 -76.467022 195.615187
16417 -8.330815 -79.379663 195.615187
16729 18.798227 -87.158273 199.412591
16738 24.284305 -86.943097 199.412591
16746 29.701562 -86.453969 199.412591
16755 32.027902 -86.163926 203.910818
17072 37.301442 -86.112531 209.899266
17082 43.467800 -86.506418 209.947283
17094 42.901135 -86.908978 214.512708
17105 47.154260 -87.153460 218.034910
17430 43.406266 -86.873438 221.267489
17442 36.581732 -86.549987 221.422180
17455 29.493023 -86.164248 221.944367
17467 21.416115 -85.759967 221.944367
17480 14.723067 -85.465731 221.944367
17493 6.325352 -85.082532 221.944367
17505 -1.689993 -84.756963 221.944367
17518 -8.564902 -83.174504 221.944367
17530 -10.522648 -79.669789 221.944367
17542 -13.561466 -74.712041 221.944367
17555 -20.335125 -74.397192 221.944367
17883 -41.579170 -77.535245 221.944367
17896 -38.106149 -74.200135 221.944367
17909 -29.832000 -73.016845 221.944367
17921 -22.909330 -71.906523 221.944367
17934 -14.574644 -70.582166 221.944367
17948 -6.109103 -69.321310 221.944367
17960 1.551780 -68.033817 221.944367
17973 8.085756 -64.231004 221.944367
17986 13.393103 -59.062892 221.944367
17999 13.393669 -53.416495 221.944367
18011 13.993495 -48.792062 221.944367
18342 29.252147 21.736707 221.944367
18355 29.195739 23.732094 221.944367
18368 29.405250 21.785235 221.944367
18380 29.248635 26.230327 221.944367
18393 29.700140 27.748566 221.944367
18735 29.670282 23.392316 221.944367
18748 29.749175 18.399186 221.944367
18761 29.799958 13.560588 221.944367
18774 29.158196 8.463759 221.944367
18786 28.526985 3.754426 221.944367
18799 28.102745 -1.207311 221.944367
18812 27.243586 -5.171877 221.944367
18825 21.116974 -7.181922 221.944367
18838 15.769539 -10.483656 221.944367
18851 15.910512 -15.891813 221.944367
18864 15.960177 -20.530728 221.944367
19212 17.520303 -37.199939 221.944367
19225 15.992477 -33.847163 221.944367
19238 15.987869 -28.716520 221.944367
19251 15.951521 -24.418861 221.944367
19264 15.849326 -19.838228 221.944367
19277 15.799803 -15.265604 221.944367
19290 15.739339 -11.046969 221.944367
19302 16.885925 -8.524014 221.944367
19315 23.759455 -6.718282 221.944367
19328 27.740584 -2.501961 221.944367
19340 28.538958 1.937671 221.944367
19690 35.976718 21.098642 221.944367
19703 42.931879 19.920491 221.944367
19716 51.003325 18.353747 221.944367
20070 49.530311 21.726201 221.944367
20083 49.165152 26.562536 221.944367
20096 49.253962 28.072506 221.944367
20460 49.264291 23.185553 221.944367
20472 54.904642 21.103356 221.944367
20486 62.222498 21.121229 221.944367
20498 62.325966 22.936347 221.944367
20511 64.531971 24.566829 221.944367
20523 64.320567 24.563923 221.944367
20536 64.687361 24.140940 221.944367
20549 64.520946 24.687949 221.944367
20742 61.943780 23.157155 221.944367
20755 62.709445 18.701715 221.944367
20767 63.529964 14.186718 221.944367
20780 64.597742 10.581524 221.944367
20792 65.129849 8.445432 221.944367
21164 64.435595 11.480618 221.944367
21177 62.394214 16.050382 221.944367
21190 54.197450 16.148887 221.944367
21202 48.738401 17.537778 221.944367
21215 44.896891 16.442278 221.944367
21227 44.615064 12.833326 221.944367
21241 44.014401 7.720132 221.944367
21253 43.640207 4.972322 221.944367
21266 43.604195 4.640710 221.944367
21278 43.604195 4.640710 221.944367
21292 43.674609 4.277635 221.944367
21671 45.680341 13.481911 221.944367
21684 45.687688 14.257175 221.944367
21697 50.491746 19.678654 221.944367
21710 56.698056 18.796956 221.944367
21723 63.178123 18.262382 221.944367
21736 68.255854 21.222594 221.944367
22127 62.247769 17.826955 221.944367
22140 55.541354 16.251827 221.944367
22153 48.231109 16.052960 221.944367
22166 43.526038 13.059211 221.944367
22179 38.500828 7.458334 221.944367
22192 32.211285 2.235859 221.944367
22205 31.457558 1.242855 221.944367
22607 31.126694 -3.486422 221.944367
22620 30.846839 -8.183092 221.944367
22633 30.647700 -12.731744 221.944367
22645 30.944375 -14.720569 221.944367
23056 34.040402 -19.479912 221.944367
23069 37.997018 -24.911702 221.944367
23284 38.392218 -22.215809 221.944367
23297 41.452767 -19.493438 221.944367
23310 42.162744 -19.325652 221.944367
23723 35.328859 -22.465254 221.944367
23736 33.175715 -27.394444 221.944367
23749 32.312717 -31.957276 221.944367
23762 31.233329 -36.354599 221.944367
23776 31.248610 -38.324192 225.874527
23996 32.445091 -34.479562 231.441444
24010 33.477794 -28.497078 231.442654
24026 34.855719 -22.713246 232.307774
24041 42.948522 -17.589433 232.307774
24056 44.909541 -12.336658 233.331914
24071 45.673722 -7.037293 233.331914
24086 50.775138 -1.115239 233.331914
24102 56.101341 3.536414 233.936962
24117 56.101341 3.536414 233.936962
24132 56.264028 3.935553 233.936962
24148 57.462250 4.526355 233.936962
24573 57.434232 4.686197 233.936962
24999 57.434232 4.686197 233.936962
25426 57.434232 4.686197 233.936962
25854 57.434232 4.686197 233.936962
26281 57.434232 4.686197 233.936962
26708 57.434232 4.686197 233.936962
27134 57.434232 4.686197 233.936962
27561 57.434232 4.686197 233.936962
27988 57.434232 4.686197 233.936962
28415 57.434232 4.686197 233.936962
28843 50.472523 0.346765 233.936962
28859 48.224316 -1.246396 233.936962
28874 48.224316 -1.246396 233.936962
28889 47.430606 -3.179644 233.936962
28905 46.060184 -3.204612 233.936962
28921 43.925053 2.645386 233.936962
28936 37.805368 6.340602 233.936962
28952 27.722725 8.736508 233.936962
28967 28.871808 4.333714 233.936962
28982 28.791849 -1.421721 233.936962
28997 27.461226 -5.573323 233.936962
29428 30.403276 -10.499327 233.936962
29443 34.176512 -16.804945 233.936962
29459 35.647623 -20.317877 233.936962
29474 43.882317 -16.486363 233.936962
29489 43.983270 -11.780477 233.936962
29505 42.648820 -8.995418 233.936962
29520 39.208176 -12.642973 233.936962
29952 42.594901 -8.024583 233.936962
29968 44.020096 -1.919486 233.936962
29983 43.935520 3.575931 233.936962
29999 41.114772 8.919056 233.936962
30015 39.340462 14.936176 233.936962
30030 36.892488 20.297571 233.936962
30046 35.286876 25.823668 233.936962
30062 35.284101 26.023328 233.936962
30078 35.284101 26.023328 233.936962
30093 35.284101 26.023328 233.936962
30524 35.284101 26.023328 233.936962
30539 35.284101 26.023328 233.936962
30555 35.284101 26.023328 233.936962
30987 35.284101 26.023328 233.936962
31002 35.284101 26.023328 233.936962
31018 34.130971 27.359801 233.936962
31033 33.923677 27.863796 233.936962
31047 33.923677 27.863796 233.936962
31063 33.457399 28.138239 233.936962
31078 33.328309 28.912978 233.936962
31093 33.437641 29.409984 233.936962
31108 33.437641 29.409984 233.936962
31124 33.364943 29.464125 233.936962
31139 33.307828 30.119765 233.936962
31569 33.298545 30.923866 233.936962
31584 33.248575 31.380067 233.936962
31600 33.296469 31.377089 233.936962
31615 33.296469 31.377089 233.936962
31631 33.272145 31.394503 233.936962
31646 33.272145 31.394503 233.936962
31662 33.272145 31.394503 233.936962
31677 33.272145 31.394503 233.936962
31693 33.301984 31.391397 233.936962
31708 33.621216 31.671246 233.936962
31723 33.621216 31.671246 233.936962
32154 47.426251 33.266353 233.936962
32170 47.486658 33.264092 233.936962
32185 47.809050 26.311409 233.936962
32201 47.557349 21.268360 233.936962
32216 44.125815 15.664813 233.936962
32232 41.002970 10.902260 233.936962
32247 34.988007 4.733389 233.936962
32263 29.794025 -2.007278 233.936962
32278 26.903000 -5.673822 233.936962
32294 25.982082 -5.870330 233.936962
32309 25.982082 -5.870330 233.936962
32742 24.879686 -5.556965 233.936962
32757 24.818346 -5.610449 233.936962
32772 24.818346 -5.610449 233.936962
32788 24.956733 -5.566433 233.936962
32803 24.956733 -5.566433 233.936962
32818 24.944594 -5.582297 233.936962
32834 24.948801 -5.591369 233.936962
32849 24.568639 -5.993561 233.936962
32865 23.366749 -5.835407 233.936962
32880 23.352702 -5.767489 233.936962
32896 23.352702 -5.767489 233.936962
33330 19.718663 -5.612301 233.936962
33345 19.718663 -5.612301 233.936962
33360 19.537821 -5.781996 233.936962
33375 19.537821 -5.781996 233.936962
33390 16.882336 -5.227083 233.936962
33406 19.932720 -1.154456 233.936962
33421 21.403003 2.731370 233.936962
33437 21.445442 2.810736 233.936962
33452 21.445442 2.810736 233.936962
33467 21.483503 2.727726 233.936962
33483 21.956708 2.540375 233.936962
33917 22.435680 2.516648 233.936962
33932 22.435680 2.516648 233.936962
33947 22.435680 2.516648 233.936962
34381 22.435680 2.516648 233.936962
34397 22.435680 2.516648 233.936962
34412 22.435680 2.516648 233.936962
34845 22.435680 2.516648 233.936962
34861 22.831762 2.890123 233.936962
34876 17.996702 2.884235 233.936962
34891 17.996702 2.884235 233.936962
34906 17.973014 2.915957 233.936962
34921 17.973014 2.915957 233.936962
34936 22.320019 2.685128 233.936962
34952 23.138144 2.633912 233.936962
34967 23.138144 2.633912 233.936962
34983 19.954281 -0.564248 233.936962
34998 20.660764 -2.105191 233.936962
35431 15.013150 -7.824677 233.936962
35447 13.652893 -14.052249 233.936962
35462 13.327766 -15.890422 233.936962
35906 17.380384 -22.185176 233.936962
35921 21.969550 -28.788822 233.936962
35937 23.077162 -30.076851 233.936962
36387 16.173605 -32.604352 233.936962
36403 15.517199 -37.345124 233.936962
36418 15.544260 -38.867298 233.936962
36874 15.155785 -45.386975 233.936962
36889 14.465732 -52.436436 233.936962
36904 14.105058 -54.190007 238.550670
37374 8.600684 -53.085754 239.039122
37390 0.446948 -50.208034 239.462945
37868 6.519732 -52.707551 239.538102
37885 15.286372 -56.415227 239.538102
37901 20.009851 -61.592978 239.538102
38386 12.011911 -64.034139 243.014284
38401 6.041281 -65.242439 243.014284
38899 13.108217 -69.939363 249.753843
38915 17.254176 -71.176356 250.142404
39182 12.828657 -71.085591 251.675073
39199 4.031727 -71.107133 251.755799
39216 -6.007576 -71.347120 251.983377
39730 1.199224 -67.832516 260.866599
39747 0.946748 -62.863951 262.461164
39764 -5.231635 -61.198485 263.300024
40290 0.926101 -63.813133 263.300024
40308 4.728117 -65.725758 263.300024
40325 -3.708837 -71.679866 263.300024
40343 -9.387217 -78.194206 263.300024
40361 -10.596458 -82.891489 263.300024
40896 -0.366451 -86.247053 263.456453
40915 2.904698 -86.709585 263.511105
41457 12.096939 -87.533943 263.511105
41476 17.138505 -87.946582 263.402093
41760 26.254815 -86.502971 263.677573
41779 30.336200 -86.658482 263.769791
42325 39.621296 -87.028308 265.345854
42344 44.381629 -87.395494 264.998759
