30 -110.000000 49.000000 -0.867687
31 -110.003926 49.112431 8.184131
32 -110.052576 49.523867 8.184131
33 -110.332475 50.092626 8.184131
34 -110.804085 50.538728 8.184131
35 -111.296250 50.963288 8.184131
36 -111.761945 51.416616 8.184131
37 -112.152642 51.838340 8.300602
38 -112.581066 52.323549 8.300602
39 -112.989686 52.806306 8.300602
40 -113.270978 53.138082 8.300602
41 -113.357488 53.234566 8.300602
42 -113.401948 53.256025 8.300602
43 -113.463725 53.252692 8.300602
44 -113.497233 53.231560 8.300602
45 -113.587887 53.034800 10.823124
46 -113.589075 52.555878 10.823124
47 -113.558902 52.061916 10.823124
48 -113.562646 51.582036 10.823124
49 -113.606285 51.048852 16.714665
50 -113.690299 50.525939 16.714665
51 -113.810774 50.082265 16.714665
52 -113.844962 49.999014 16.714665
53 -113.873886 49.991437 16.714665
54 -113.993996 50.054085 16.714665
55 -114.041694 50.428449 16.714665
56 -113.622583 50.817084 16.714665
57 -112.987845 50.953692 16.714665
58 -112.342235 51.002092 16.714665
59 -111.694480 51.053827 16.824388
60 -111.052333 51.153448 17.900280
61 -110.422800 51.313213 17.900280
62 -109.840741 51.588621 18.155440
63 -109.259390 51.865397 18.089224
64 -108.625589 51.976963 18.089224
65 -107.980656 52.034341 18.828171
66 -107.335043 52.083720 19.121193
67 -106.690362 52.144036 19.121193
68 -106.044669 52.218458 19.121193
69 -105.401302 52.310964 19.121193
70 -104.760878 52.421949 19.121193
71 -104.121862 52.540918 19.221343
72 -103.485359 52.659622 19.221343
73 -102.850195 52.771800 19.152546
74 -102.211800 52.879762 19.221343
75 -101.565784 52.915432 19.221343
76 -100.918304 52.920452 19.221343
77 -100.273323 52.925453 19.221343
78 -99.625843 52.930472 19.221343
79 -98.978362 52.935492 19.221343
80 -98.330882 52.940512 19.221343
81 -97.683393 52.942282 19.152546
82 -97.038401 52.944331 19.277448
83 -96.390920 52.949351 19.277448
84 -95.743439 52.954371 20.386761
85 -95.226020 52.962590 28.980338
86 -95.226020 52.962590 28.980338
87 -95.128373 53.130878 29.140007
88 -95.159255 53.585130 29.140007
89 -95.240582 53.979251 29.140007
90 -95.283025 54.217994 29.580061
91 -95.307082 54.711892 29.580061
92 -95.260131 55.219376 29.580061
93 -95.140255 55.744717 30.155928
94 -94.954310 56.205826 30.155928
95 -94.755527 56.655910 30.980316
96 -94.647323 56.940466 31.706466
97 -94.516226 57.187689 31.706466
98 -94.397993 57.690569 31.706466
99 -94.425936 57.988105 32.658537
100 -94.549805 58.277579 32.658537
101 -94.664200 58.729035 33.065087
102 -94.690855 59.243089 33.065087
103 -94.688905 59.690510 33.580054
104 -94.675671 60.072750 33.580054
105 -94.652863 60.336719 34.519850
106 -94.640584 60.821512 34.519850
107 -94.649283 61.115915 35.395198
108 -94.707159 61.476148 35.395198
109 -94.725183 61.767950 35.395198
110 -94.728490 62.132935 35.395198
111 -94.727195 62.607854 36.370593
112 -94.708365 63.087428 36.370593
113 -94.699295 63.567141 37.348360
114 -94.703515 63.862068 37.348360
115 -94.700330 64.207051 37.348360
116 -94.705857 64.661932 38.147346
117 -94.715199 64.956741 38.147346
118 -94.715823 65.491741 39.310304
119 -94.723386 65.613775 39.310304
120 -94.764788 65.981250 39.310304
121 -94.762734 66.268249 39.310304
122 -94.705286 66.603349 40.118076
123 -94.654539 67.100580 40.118076
124 -94.632733 67.482457 40.118076
125 -94.601979 67.745271 41.020239
126 -94.515427 68.151062 41.020239
127 -94.462231 68.390009 41.020239
128 -94.303942 68.858998 42.095368
129 -94.094273 69.589032 43.086193
130 -94.072676 69.712016 43.086193
131 -94.081574 69.974132 43.086193
132 -94.131713 70.391046 43.631411
133 -94.187928 70.626872 43.631411
134 -94.235162 71.119112 43.631411
135 -94.235377 71.484025 43.631411
136 -94.223645 71.798806 44.327193
137 -94.215017 72.253616 44.327193
138 -94.215919 72.733533 45.331887
139 -94.212211 73.028459 45.331887
140 -94.225857 73.393185 46.058441
141 -94.241912 73.872834 46.058441
142 -94.247395 74.165240 46.058441
143 -94.265679 74.529782 47.391350
144 -94.272582 75.004614 47.391350
145 -94.258089 75.484320 47.391350
146 -94.250201 75.774140 48.264480
147 -94.254780 76.119110 48.264480
148 -94.261416 76.619066 48.264480
149 -94.268052 77.119022 49.340653
150 -94.269464 77.473969 49.340653
151 -94.259740 78.058835 50.284192
152 -94.264899 78.308781 50.284192
153 -94.280081 78.603158 50.284192
154 -94.317027 78.966172 51.165809
155 -94.324430 79.260978 51.165809
156 -94.317172 79.625905 51.751908
157 -94.314306 79.920846 51.751908
158 -94.322223 80.285760 51.751908
159 -94.326925 80.765662 52.132332
160 -94.333789 81.060312 52.132332
161 -94.365042 81.403820 52.132332
162 -94.368280 82.093596 52.897070
163 -94.364910 82.153501 52.897070
164 -94.353198 82.498258 52.897070
165 -94.395280 82.950756 53.441744
166 -94.457857 83.426480 53.441744
167 -94.478136 83.695557 53.441744
168 -94.483595 84.010489 54.026845
169 -94.491239 84.475348 54.026845
170 -94.499022 84.767274 54.026845
171 -94.555892 85.127633 55.267531
172 -94.582322 85.661838 55.267531
173 -94.578326 86.376738 54.443549
174 -94.580074 86.441650 54.443549
175 -94.650162 86.696927 54.443549
176 -94.732485 87.047005 54.443549
177 -94.754151 87.311117 54.443549
178 -94.795871 87.804355 54.835208
179 -94.848304 88.281418 54.835208
180 -94.881051 88.569276 54.835208
181 -94.895287 88.908960 54.835208
182 -94.950907 89.345046 54.835208
183 -95.027251 89.593544 54.835208
185 -95.020657 90.469411 54.482474
186 -94.894202 90.921452 54.482474
187 -94.893049 91.119418 54.482474
188 -95.008366 91.497098 54.482474
189 -95.060065 91.759280 54.482474
190 -95.081716 92.148419 54.482474
191 -95.087879 92.693372 54.482474
192 -95.081783 93.193244 54.482474
193 -95.046611 93.732040 54.482474
194 -94.998676 94.239759 54.482474
195 -94.938028 94.746080 54.482474
198 -94.750489 96.067955 54.482474
199 -94.750489 96.067955 54.482474
200 -94.750489 96.067955 54.482474
201 -94.679731 95.999104 54.482474
202 -94.600197 95.640407 54.482474
203 -94.635922 95.083077 54.482474
204 -94.732615 94.623281 54.482474
205 -94.815175 94.104987 54.482474
206 -94.852397 93.576436 54.482474
207 -94.850299 93.106575 54.482474
208 -94.838420 92.571707 54.482474
211 -95.106200 91.359114 54.639363
212 -95.235193 91.133865 54.639363
213 -95.305411 90.649185 54.639363
214 -95.193242 90.288906 54.639363
215 -95.027633 89.986256 54.482474
216 -94.673358 89.517871 54.482474
217 -94.104075 89.232945 54.482474
218 -93.462112 89.159158 54.482474
219 -92.814656 89.158018 54.482474
220 -92.172754 89.097193 54.482474
221 -91.527978 89.039155 54.776820
224 -89.393341 89.052167 56.150690
225 -88.745931 89.062961 56.150690
226 -88.103560 89.059027 63.683122
227 -87.462161 89.021611 63.870024
228 -86.815938 88.980974 63.870024
229 -86.172577 88.935167 63.870024
230 -85.527951 88.874835 64.262742
231 -84.881780 88.804459 64.262742
232 -84.240339 88.736820 66.446520
233 -83.595667 88.676407 66.820506
234 -82.953484 88.616399 66.820506
238 -80.312850 88.367942 66.820506
239 -80.312850 88.367942 66.820506
240 -80.243569 88.454252 66.820506
241 -80.228623 88.552630 66.820506
242 -80.243678 88.630626 66.820506
243 -80.363436 88.751794 66.820506
244 -80.769732 88.796598 66.820506
245 -81.392817 88.747707 66.820506
246 -82.039683 88.724829 66.820506
247 -82.687975 88.765846 66.820506
248 -83.328640 88.859511 66.820506
253 -84.684684 90.304057 66.820506
254 -84.701362 90.550327 66.820506
255 -84.761075 90.915049 68.017204
256 -84.753530 91.170876 68.017204
257 -84.675676 91.558057 68.479632
258 -84.642747 91.810821 68.479632
259 -84.572702 92.199475 68.479632
260 -84.481407 92.716429 68.479632
261 -84.427828 92.913096 69.602443
262 -84.269791 93.269615 69.602443
263 -84.145593 93.782115 69.602443
268 -84.206752 95.806474 71.077564
269 -84.133598 96.289688 71.077564
270 -83.828237 96.826086 71.077564
271 -83.428092 97.312678 72.171601
272 -83.026277 97.788071 73.196312
273 -82.639702 98.279131 73.196312
274 -82.371751 98.643651 73.645231
275 -82.231761 98.844704 73.645231
276 -81.928494 99.273213 74.416262
277 -81.688228 99.650654 74.416262
278 -81.543341 99.848209 74.416262
285 -79.921802 102.259527 76.799089
286 -79.537751 102.700805 76.799089
287 -79.059314 103.225347 76.799089
288 -78.603231 103.688407 76.799089
289 -78.139791 104.144165 76.799089
290 -77.672211 104.595646 76.799089
291 -77.212944 105.055600 76.799089
292 -76.759045 105.513855 76.633283
293 -76.298069 105.968547 76.633283
294 -75.836198 106.422330 76.633283
295 -75.375794 106.881147 76.633283
302 -72.242702 109.998015 76.633283
303 -72.203612 110.005484 76.633283
304 -72.087931 109.928045 76.633283
305 -72.013955 109.556174 76.633283
306 -72.013738 109.057804 76.633283
307 -72.016787 108.589377 76.633283
308 -71.946438 108.116179 76.633283
309 -71.838203 107.729875 76.633283
310 -71.766722 107.477303 76.633283
311 -71.634718 107.015819 76.633283
312 -71.587462 106.795848 76.633283
319 -70.656010 103.627437 76.633283
320 -70.613018 103.444938 76.633283
321 -70.497598 102.979051 76.633283
322 -70.391417 102.485397 76.633283
323 -70.268131 102.016342 76.633283
324 -70.208185 101.763365 76.633283
325 -70.082510 101.320886 76.633283
326 -69.964503 100.944047 76.633283
327 -69.828994 100.670883 76.633283
328 -69.626147 100.225436 76.633283
329 -69.499472 99.695628 76.633283
337 -68.759459 96.978564 76.633283
338 -68.790858 96.655431 76.633283
339 -68.854762 96.114293 76.633283
340 -68.855463 95.882260 76.633283
341 -68.821931 95.458586 76.633283
342 -68.800413 94.974221 76.633283
343 -68.787813 94.439374 76.633283
344 -68.759162 93.960337 76.633283
345 -68.748181 93.630764 76.633283
346 -68.750122 93.305778 76.633283
347 -68.729918 92.761174 76.633283
354 -67.518991 89.640594 77.577446
355 -67.176979 89.285016 77.577446
356 -66.596063 89.026826 77.577446
357 -65.957799 88.920229 77.577446
358 -65.315518 88.838306 77.310414
359 -64.673860 88.734609 77.310414
360 -64.036885 88.605236 79.197097
361 -63.407421 88.453565 79.197097
362 -62.778652 88.288840 79.197097
363 -62.164818 88.083242 79.197097
364 -61.570190 87.908946 79.197097
369 -60.883846 87.804626 79.475406
370 -60.883846 87.804626 79.475406
371 -60.883846 87.804626 80.238770
372 -60.883846 87.804626 80.238770
373 -60.956654 87.832374 80.238770
374 -60.985647 87.928767 80.540301
375 -60.835585 88.081320 80.540301
376 -60.390443 88.172019 80.540301
377 -59.750724 88.129270 80.540301
378 -59.112112 88.022391 80.540301
379 -58.474110 87.928047 80.540301
388 -52.742210 87.866589 85.046929
389 -52.313597 87.929417 85.046929
390 -51.936885 88.227842 87.909614
391 -51.778969 88.689757 88.660815
392 -51.682551 89.176817 88.660815
393 -51.509375 89.647505 88.660815
394 -51.205245 90.178490 89.426283
395 -50.827914 90.691803 89.793208
396 -50.374751 91.157518 89.793208
397 -49.881148 91.580254 91.392014
398 -49.415339 92.003386 91.392014
409 -44.979294 96.524542 93.813966
410 -44.604928 96.746000 93.970315
411 -44.046966 97.079425 93.970315
412 -43.492240 97.418210 93.970315
413 -42.942138 97.759725 93.970315
414 -42.391899 98.105750 93.970315
415 -41.845661 98.457987 93.970315
416 -41.198110 98.892815 93.970315
417 -40.766073 99.182197 93.970315
418 -40.231048 99.551299 93.970315
419 -39.699201 99.924981 93.970315
432 -35.125864 103.046476 93.970315
433 -35.125864 103.046476 93.970315
434 -35.147884 102.983680 93.970315
435 -35.379578 102.898778 93.970315
436 -35.903932 103.055933 93.970315
437 -36.448700 103.403896 93.970315
438 -36.850268 103.825483 93.970315
439 -37.283602 104.309921 93.970315
440 -37.739296 104.773301 93.970315
441 -38.228447 105.201111 93.970315
442 -38.733256 105.610581 93.970315
454 -43.633579 110.757547 93.970315
455 -43.694141 111.228460 94.263992
456 -43.670415 111.706832 94.263992
457 -43.510166 112.216055 94.117056
458 -43.228124 112.679587 94.117056
459 -43.012958 112.916337 94.117056
471 -42.825887 113.045068 94.117056
472 -42.834552 112.818942 94.117056
473 -43.067411 112.684459 94.117056
474 -43.660232 112.640003 94.117056
475 -44.310158 112.644322 94.117056
476 -44.955816 112.575355 94.117056
477 -45.592488 112.444734 94.117056
478 -46.217625 112.267117 94.117056
479 -46.960976 112.030922 94.117056
480 -47.458921 111.881115 94.117056
481 -48.076786 111.679360 94.117056
494 -52.179709 109.876579 94.117056
495 -52.179709 109.876579 94.117056
496 -52.179709 109.876579 94.117056
497 -52.179709 109.876579 94.117056
498 -52.179709 109.876579 94.117056
499 -52.216030 109.968141 94.117056
500 -52.374231 110.036388 94.117056
501 -52.514141 110.018914 94.117056
502 -52.603986 109.949594 94.117056
503 -52.630612 109.907325 94.117056
504 -52.623941 109.878076 94.117056
516 -52.623941 109.878076 94.117056
529 -52.623941 109.878076 94.117056
541 -52.623941 109.878076 94.117056
553 -52.623941 109.878076 94.117056
566 -52.623941 109.878076 94.117056
578 -52.623941 109.878076 94.117056
591 -52.623941 109.878076 94.117056
603 -52.623941 109.878076 94.117056
615 -52.623941 109.878076 94.117056
628 -52.623941 109.878076 94.117056
640 -52.623941 109.878076 94.117056
653 -52.623941 109.878076 94.117056
665 -52.623941 109.878076 94.117056
678 -52.623941 109.878076 94.117056
690 -52.623941 109.878076 94.117056
702 -52.623941 109.878076 94.117056
715 -52.623941 109.878076 94.117056
727 -52.623941 109.878076 94.117056
740 -52.623941 109.878076 94.117056
752 -52.623941 109.878076 94.117056
764 -52.623941 109.878076 94.117056
777 -52.524649 109.786610 94.117056
778 -52.320965 109.511352 94.117056
779 -52.202440 108.951666 94.117056
780 -52.206967 108.522011 94.117056
781 -52.222618 108.272615 94.117056
782 -52.212525 107.888352 94.117056
783 -52.123956 107.468453 94.117056
795 -51.924530 107.049014 94.117056
796 -51.838184 106.835002 94.117056
797 -51.804508 106.436763 94.117056
798 -51.859864 106.208608 94.117056
799 -51.938455 105.770955 94.117056
800 -51.944794 105.251321 94.117056
801 -51.915369 104.742171 94.117056
802 -51.894358 104.405424 94.117056
803 -51.845712 104.084120 94.117056
804 -51.681008 103.529975 93.927739
805 -51.464550 103.112829 93.927739
818 -51.445315 98.398658 94.355181
819 -51.445315 98.398658 94.355181
820 -51.445315 98.398658 94.355181
821 -51.445315 98.398658 94.355181
822 -51.325834 98.474378 94.355181
823 -51.248057 98.899723 94.355181
824 -51.314560 99.415321 94.355181
825 -51.394896 99.934101 94.355181
826 -51.441274 100.401631 94.355181
827 -51.444219 100.656576 94.355181
828 -51.449588 101.071542 94.355181
841 -51.533176 106.437874 94.355181
842 -51.603539 106.937945 94.355181
843 -51.650255 107.405412 94.355181
844 -51.650155 107.657871 94.355181
845 -51.649764 108.072870 94.355181
846 -51.656892 108.342724 94.355181
847 -51.673149 108.757400 94.355181
848 -51.681498 109.252294 94.355181
849 -51.683435 109.507231 94.355181
850 -51.700025 110.026927 94.355181
851 -51.719791 110.501283 94.355181
864 -51.760771 110.876122 94.355181
865 -51.731338 110.575605 94.355181
866 -51.788384 110.084287 94.355181
867 -51.860407 109.569594 94.355181
868 -51.872662 109.154899 94.355181
881 -51.810410 108.766662 94.355181
882 -51.775401 108.424436 94.355181
883 -51.809829 107.900889 94.355181
884 -51.841606 107.580049 94.355181
885 -51.884247 107.278115 94.355181
886 -51.905344 106.923965 94.355181
887 -51.862385 106.622040 94.355181
888 -51.834159 106.268311 94.355181
889 -51.830462 105.965833 94.355181
890 -51.827453 105.613370 94.355181
891 -51.835299 105.330979 94.355181
904 -51.798667 100.623653 94.355181
905 -51.850678 100.166686 94.355181
906 -51.880967 99.828528 94.355181
907 -51.845177 99.525664 94.355181
908 -51.829161 99.101183 94.355181
909 -51.834833 98.666220 94.355181
910 -51.852852 98.186591 94.355181
911 -51.834496 97.701952 94.355181
912 -51.817007 97.332371 94.355181
913 -51.790361 97.038585 94.355181
914 -51.777386 96.563920 94.355181
927 -51.078958 91.443874 94.355181
928 -51.026537 91.032227 94.355181
929 -50.979043 90.822539 94.355181
930 -50.853590 90.348923 94.355181
931 -50.679287 89.843481 94.355181
932 -50.362704 89.312557 94.355181
933 -49.845039 88.934270 94.355181
934 -49.219024 88.790079 94.355181
935 -48.572003 88.781117 94.355181
936 -47.923401 88.822860 94.355181
937 -47.277877 88.873309 94.355181
950 -40.447866 89.889937 98.171789
951 -40.003994 90.106183 98.171789
953 -39.480661 90.664573 98.171789
954 -39.306569 90.926737 98.111468
955 -39.097626 91.273597 98.111468
956 -38.719675 91.844571 98.340735
957 -38.371912 92.256830 98.340735
958 -37.882382 92.777949 98.340735
959 -37.338264 93.336796 98.340735
960 -36.875962 93.793707 98.511422
961 -36.315770 94.336457 98.511422
975 -30.499872 100.169455 99.323815
976 -30.140340 100.187327 100.220658
977 -29.457436 99.945899 100.220658
978 -28.838388 99.588295 101.100446
980 -28.158128 99.206671 101.100446
981 -27.410141 98.813723 102.559740
982 -26.710776 98.468390 102.931532
983 -26.200220 98.188084 102.931532
998 -25.876233 97.877756 102.940858
999 -25.672273 97.244829 102.940858
1000 -25.076669 96.750021 102.940858
1002 -24.360441 96.302004 102.940858
1003 -23.714297 95.758489 102.940858
1004 -23.154542 95.215310 102.940858
1005 -22.567327 94.607758 102.940858
1007 -21.987829 93.992782 102.940858
1008 -21.452072 93.429339 102.940858
1009 -20.823295 92.771515 102.940858
1011 -20.235818 92.167644 102.940858
1025 -14.076645 86.034638 102.727310
1027 -14.147308 85.426319 102.798153
1028 -14.524783 84.695721 102.727310
1029 -14.989218 84.110294 102.727310
1030 -15.174972 83.859038 102.754174
1032 -15.585363 83.268339 102.798153
1033 -15.821983 82.742091 102.727310
1034 -15.955741 82.383904 102.798153
1036 -16.437735 81.876852 103.198160
1037 -17.084232 81.440551 103.198160
1038 -17.694724 80.889027 103.198160
1054 -16.888346 79.404503 102.798153
1055 -17.248741 79.819408 102.798153
1056 -17.935773 80.274148 102.798153
1058 -18.701120 80.378246 102.798153
1059 -19.484351 80.094547 102.798153
1060 -19.988535 79.516716 102.798153
1061 -20.110312 79.292676 102.798153
1063 -20.297898 79.029207 102.798153
1064 -20.928174 78.615978 103.198160
1065 -21.617613 78.128735 103.198160
1067 -21.934878 77.838676 103.198160
1084 -22.625046 74.077265 102.798153
1085 -22.574496 73.500827 102.798153
1086 -22.591225 73.371919 102.798153
1088 -22.666122 72.852365 103.198160
1089 -22.668837 72.258245 103.198160
1090 -22.647330 71.974085 103.198160
1092 -22.520609 71.349594 102.798153
1093 -22.377215 70.984134 102.798153
1094 -22.419765 70.430954 103.198160
1095 -22.362857 70.184225 103.198160
1097 -21.870685 69.557073 102.798153
1115 -19.928988 66.300073 102.798153
1116 -19.836295 66.077318 102.798153
1117 -19.821667 65.510993 102.798153
1118 -19.875842 65.205839 102.798153
1120 -19.900996 64.789893 102.798153
1121 -19.883056 64.260224 102.798153
1122 -19.897359 63.940558 102.798153
1124 -19.888908 63.520817 102.798153
1125 -19.893387 63.080884 102.798153
1126 -19.825360 62.668480 102.798153
1128 -19.700665 62.031562 102.798153
1146 -17.602222 55.181361 109.845075
1148 -17.074366 55.138999 109.969907
1149 -16.150965 55.419093 109.969907
1151 -15.223003 55.712085 110.116395
1152 -14.373021 56.307407 112.465552
1154 -13.585556 56.757052 113.674713
1156 -13.056097 56.936653 113.674713
1157 -11.965957 57.022092 113.190196
1159 -10.931450 57.053338 114.346231
1161 -9.835087 57.103156 115.344096
1162 -8.802937 57.179755 115.344096
1174 -0.992539 57.779960 122.494492
1176 0.171670 57.731424 124.091984
1178 1.585394 57.573715 126.921789
1180 2.936409 57.441511 128.307835
1183 4.485353 57.304446 129.494790
1185 5.838345 57.194051 130.715342
1187 7.386330 57.075735 131.913383
1190 8.995944 56.945469 134.520558
1192 10.495567 56.546633 135.828203
1195 11.417292 56.253574 137.063856
1208 11.607687 56.211753 140.232738
1211 11.494344 56.298012 140.385543
1214 12.261268 56.534278 140.392666
1216 13.939993 56.427563 140.392666
1219 15.681705 56.521951 140.392666
1222 17.422401 56.675919 142.257867
1224 19.162903 56.855304 143.438421
1227 20.966166 57.077899 144.820236
1230 22.899863 57.231549 147.218276
1233 24.706540 57.405008 147.443348
1236 26.639633 57.595304 147.461523
1259 30.964095 57.230015 147.461523
1262 32.762646 56.479194 147.461523
1265 34.544729 55.688754 147.471017
1268 36.181682 54.637483 147.480781
1273 38.387982 52.988254 148.994298
1300 38.483342 51.544243 148.752213
1305 38.498199 49.719678 148.752213
1311 38.605269 48.082041 148.752213
1316 38.689697 46.298068 148.752213
1322 38.768835 44.460298 148.752213
1328 38.829411 42.508497 148.752213
1335 39.019746 39.890050 148.752213
1343 40.076129 37.900253 149.149927
1370 44.511357 41.280129 158.071695
1384 48.142355 44.143563 158.071695
1422 48.148173 48.112743 158.071695
1436 48.097182 53.662174 158.071695
1450 48.879769 58.982006 158.071695
1464 49.032407 59.344909 158.071695
1504 49.049333 53.978054 158.071695
1518 49.159539 47.827987 158.071695
1532 49.143267 42.237980 158.071695
1545 49.056099 41.038653 158.071695
1585 49.137257 37.834064 158.071695
1625 49.129522 39.411409 158.071695
1665 48.918901 42.964189 158.071695
1679 49.048143 47.425594 158.071695
1718 49.099942 42.948175 158.071695
1732 49.109627 38.231829 158.071695
1772 49.187247 40.445280 158.071695
1812 49.370427 44.494544 158.071695
1825 49.352589 48.226609 156.782974
1838 49.473248 50.919979 156.782974
1878 49.174445 50.097278 156.782974
1891 48.966485 48.811986 156.782974
1932 48.996032 45.805671 156.782974
1974 43.236555 41.524454 156.782974
1987 38.694300 40.290742 156.782974
2000 38.521125 45.484388 156.782974
2014 38.197899 50.682513 156.782974
2027 37.856991 55.408095 156.782974
2039 37.663072 59.402631 156.782974
2081 37.544534 58.265860 156.782974
2094 37.105028 53.196935 156.782974
2107 36.413397 47.896124 156.782974
2120 35.774721 43.553782 156.782974
2133 35.308016 38.971400 156.782974
2147 34.796731 36.036597 156.782974
2160 34.796731 36.036597 156.782974
2174 34.796731 36.036597 156.782974
2218 34.047861 35.899988 156.782974
2262 34.524738 40.304876 156.782974
2277 34.472158 46.266528 156.782974
2292 34.437269 52.867989 156.782974
2307 29.623279 58.495241 156.782974
2322 27.583559 59.385182 156.782974
2366 34.529580 54.425926 156.782974
2381 34.790779 53.760346 156.782974
2425 29.210753 57.374499 156.782974
2469 30.134989 56.745580 156.782974
2484 34.696628 51.961128 156.782974
2499 35.010778 46.716703 156.782974
2514 34.672538 40.964016 156.782974
2528 27.231547 36.267700 156.782974
2544 21.198722 32.412538 156.782974
2589 22.289297 27.644981 156.782974
2604 23.976457 22.637947 156.782974
2618 24.011814 22.566185 156.782974
2664 17.202896 22.024476 156.782974
2679 15.808282 16.939325 156.782974
2708 20.638269 13.053890 156.782974
2751 17.463511 9.125436 156.782974
2764 17.172024 4.441658 156.782974
2776 15.940869 -0.710963 156.782974
2803 16.017346 -4.437578 156.782974
2814 15.619286 -8.341130 156.782974
2822 15.423184 -11.418613 156.782974
2829 14.938976 -13.964920 156.782974
2837 14.426674 -16.553929 156.782974
2844 14.130602 -18.178074 156.782974
2869 16.441162 -20.504371 156.782974
2876 19.503574 -23.508525 156.782974
2882 22.532327 -26.454163 156.782974
2889 25.221172 -29.113899 156.782974
2931 23.174872 -29.766068 156.782974
2937 19.284467 -30.784578 156.782974
2944 16.106607 -32.604875 156.782974
2950 16.150768 -35.084938 156.782974
2954 15.788330 -36.656659 157.601082
2959 15.820079 -37.992852 159.084949
2983 15.850021 -38.419930 160.585246
2986 15.850021 -38.419930 160.585246
2990 15.629136 -39.054143 160.562079
2994 15.802963 -40.495563 160.562079
2998 15.845529 -41.999325 160.700035
3001 15.927339 -43.431192 161.410350
3005 15.984829 -44.567005 163.205212
3009 16.134159 -46.028932 164.192391
3012 16.088725 -47.663035 164.755884
3015 16.051976 -48.131463 165.323747
3018 16.098751 -49.429935 165.327618
3063 16.092171 -53.479665 165.467886
3066 16.006218 -55.023786 165.467886
3069 16.001757 -55.953712 165.467886
3073 15.970092 -57.440874 170.158342
3077 16.009679 -58.566110 172.759084
3080 16.076386 -59.996982 172.759084
3084 16.179356 -61.619967 172.613387
3088 16.124876 -63.022190 172.759084
3092 16.088793 -63.527922 172.759084
3096 16.088793 -63.527922 172.759084
3100 16.088793 -63.527922 172.759084
3128 16.377462 -63.674744 172.613387
3132 18.008385 -64.066979 172.613387
3136 17.920317 -65.077903 172.613387
3189 17.912310 -65.199236 172.613387
3193 18.508233 -64.037792 172.613387
3197 19.752881 -62.533307 172.613387
3201 20.858680 -60.812132 172.613387
3205 21.802805 -59.271433 172.613387
3209 22.739282 -57.837357 172.613387
3213 23.576649 -56.174005 172.613387
3217 24.743714 -54.216982 172.613387
3221 25.150854 -53.557806 172.613387
3274 25.150854 -53.557806 172.613387
3278 25.150854 -53.557806 172.613387
3282 24.909337 -54.737088 172.613387
3286 25.172008 -56.391622 172.613387
3290 25.270136 -58.072685 172.613387
3294 25.375663 -59.716920 172.613387
3298 25.384871 -61.076123 172.613387
3302 25.493066 -61.836818 172.613387
3355 25.493066 -61.836818 172.613387
3359 24.687520 -61.699926 172.613387
3363 22.153412 -62.241075 172.613387
3367 19.652206 -62.636980 172.613387
3371 17.157691 -63.042860 172.613387
3375 15.570273 -64.225913 172.613387
3428 15.506039 -64.505599 172.613387
3432 15.562798 -63.792494 172.613387
3485 15.819730 -63.259585 172.613387
3489 15.568928 -61.636445 172.613387
3493 15.512152 -60.268033 172.613387
3497 15.580206 -58.992502 172.613387
3550 15.882544 -58.385920 172.613387
3554 15.774871 -57.880060 172.613387
3607 15.981952 -57.831625 172.459680
3611 15.136138 -58.019312 172.459680
3615 14.174629 -59.472754 172.459680
3619 12.623310 -61.433704 172.459680
3623 11.024400 -63.202910 172.459680
3627 10.035409 -64.376777 172.459680
3631 8.337071 -66.169926 172.459680
3635 7.055391 -67.774884 172.459680
3639 6.001859 -69.113734 172.944677
3642 4.995790 -70.475731 172.944677
3646 4.808481 -70.967610 172.944677
3703 6.474663 -71.224705 177.219246
3707 7.909372 -71.320441 177.219246
3712 10.661137 -71.762340 178.060499
3716 13.546790 -72.208567 178.617192
3721 16.683088 -72.701604 181.311504
3726 20.015610 -73.220532 183.714184
3732 20.579950 -73.330721 185.851396
3794 20.579950 -73.330721 185.847092
3800 22.572661 -73.302357 185.851396
3805 25.050088 -73.901949 185.851396
3811 28.583692 -74.461571 186.126036
3817 31.423091 -75.940920 186.545280
3852 32.116428 -77.657863 197.178350
3857 32.832181 -79.424564 197.178350
3863 33.486552 -81.436467 197.178350
3868 34.257185 -83.284142 197.178350
3874 36.142086 -85.661710 197.733815
3881 36.722652 -86.149249 207.322989
3949 40.900722 -86.816573 211.041469
3957 46.141673 -87.694157 211.939099
3966 50.656899 -88.288793 215.345355
3976 54.337822 -89.090532 220.412209
4021 58.990501 -88.707689 223.949329
4032 66.052720 -88.153494 227.614986
4042 69.952229 -88.768528 232.519466
4091 76.007045 -87.987621 237.561828
4103 81.439987 -87.578343 243.403908
4116 87.561303 -86.472542 244.309030
4172 95.369333 -85.949562 251.679046
4186 102.201623 -85.911155 254.691387
4200 105.383341 -86.510872 255.035100
4301 109.951062 -84.695829 255.035100
4404 105.497576 -85.554321 255.035100
4419 98.941320 -87.667307 255.035100
4433 93.727341 -91.028240 254.920424
4447 94.050833 -95.213851 254.920424
4461 94.555790 -100.566099 262.523337
4477 94.893960 -102.411194 264.680529
4586 99.106324 -102.742922 264.680529
4601 107.096490 -103.628946 264.680529
4616 110.149170 -105.590297 265.099571
